0 0
1 1
2 1
3 4
4 4
5 1
6 4
7 4
8 1
9 9
10 10
11 11
12 12
13 12
14 12
15 12
16 16
17 17
18 18
19 19
20 20
21 21
22 22
23 23
24 23
25 23
26 23
27 27
28 28
29 29
30 30
31 31
32 32
33 33
34 34
35 35
36 36
37 37
38 38
39 752
40 40
41 41
42 42
43 43
44 44
45 45
46 46
47 47
48 48
49 49
50 50
51 51
52 52
53 53
54 11
55 55
56 56
57 57
58 58
59 59
60 60
61 61
62 62
63 63
64 64
65 65
66 66
67 67
68 68
69 69
70 70
71 71
72 72
73 73
74 74
75 75
76 76
77 77
78 1528
79 79
80 80
81 81
82 82
83 83
84 84
85 85
86 86
87 87
88 88
89 89
90 90
91 91
92 92
93 93
94 94
95 95
96 96
97 97
98 98
99 99
100 1855
101 101
102 102
103 598
104 104
105 105
106 106
107 107
108 108
109 109
110 110
111 111
112 112
113 113
114 602
115 115
116 116
117 117
118 897
119 119
120 120
121 121
122 122
123 123
124 3789
125 125
126 126
127 117
128 128
129 129
130 130
131 131
132 132
133 133
134 134
135 135
136 136
137 137
138 138
139 3610
140 140
141 141
142 142
143 143
144 144
145 145
146 146
147 147
148 709
149 149
150 136
151 151
152 152
153 153
154 154
155 155
156 156
157 157
158 158
159 159
160 160
161 161
162 412
163 163
164 164
165 165
166 166
167 167
168 168
169 169
170 170
171 171
172 172
173 130
174 174
175 175
176 176
177 177
178 178
179 179
180 180
181 181
182 182
183 183
184 499
185 185
186 186
187 187
188 57
189 189
190 190
191 191
192 192
193 193
194 194
195 195
196 4466
197 197
198 444
199 199
200 200
201 201
202 202
203 203
204 204
205 205
206 206
207 207
208 208
209 209
210 210
211 211
212 212
213 213
214 214
215 215
216 216
217 217
218 218
219 219
220 220
221 221
222 222
223 223
224 224
225 225
226 226
227 227
228 228
229 229
230 230
231 43
232 232
233 233
234 234
235 235
236 236
237 237
238 238
239 239
240 240
241 241
242 242
243 243
244 244
245 245
246 246
247 247
248 248
249 249
250 250
251 251
252 252
253 253
254 254
255 255
256 256
257 257
258 258
259 259
260 260
261 261
262 262
263 263
264 264
265 265
266 266
267 267
268 268
269 256
270 270
271 203
272 272
273 273
274 274
275 275
276 130
277 277
278 278
279 279
280 280
281 281
282 282
283 122
284 284
285 285
286 286
287 287
288 41
289 289
290 290
291 252
292 292
293 416
294 192
295 295
296 296
297 297
298 298
299 299
300 300
301 301
302 302
303 709
304 304
305 305
306 306
307 307
308 308
309 263
310 121
311 311
312 312
313 4754
314 314
315 315
316 481
317 317
318 69
319 319
320 320
321 321
322 322
323 323
324 3869
325 209
326 326
327 327
328 328
329 329
330 267
331 331
332 332
333 333
334 5241
335 335
336 273
337 337
338 338
339 95
340 130
341 341
342 342
343 343
344 344
345 345
346 346
347 347
348 348
349 349
350 350
351 351
352 299
353 353
354 354
355 355
356 356
357 357
358 358
359 359
360 360
361 361
362 362
363 363
364 364
365 277
366 366
367 367
368 368
369 369
370 370
371 371
372 372
373 373
374 374
375 375
376 376
377 377
378 378
379 379
380 380
381 381
382 382
383 383
384 384
385 385
386 386
387 221
388 388
389 389
390 390
391 462
392 130
393 393
394 394
395 395
396 396
397 397
398 398
399 399
400 400
401 415
402 402
403 403
404 404
405 405
406 406
407 407
408 408
409 409
410 410
411 411
412 412
413 413
414 414
415 415
416 416
417 417
418 174
419 419
420 420
421 421
422 46
423 423
424 424
425 425
426 426
427 427
428 428
429 429
430 27
431 431
432 432
433 428
434 434
435 614
436 436
437 437
438 438
439 439
440 440
441 441
442 442
443 306
444 444
445 445
446 223
447 447
448 246
449 449
450 450
451 451
452 452
453 453
454 454
455 455
456 456
457 457
458 378
459 462
460 1
461 461
462 462
463 463
464 464
465 709
466 466
467 467
468 468
469 469
470 470
471 471
472 472
473 473
474 474
475 99
476 476
477 477
478 478
479 479
480 480
481 481
482 236
483 483
484 328
485 485
486 486
487 487
488 488
489 489
490 490
491 491
492 492
493 493
494 494
495 28
496 496
497 497
498 498
499 499
500 500
501 501
502 502
503 503
504 504
505 505
506 506
507 507
508 508
509 509
510 510
511 511
512 512
513 513
514 514
515 515
516 516
517 527
518 518
519 361
520 520
521 521
522 522
523 523
524 524
525 525
526 440
527 527
528 528
529 529
530 530
531 531
532 532
533 533
534 534
535 535
536 155
537 155
538 538
539 539
540 462
541 541
542 542
543 3445
544 544
545 545
546 546
547 547
548 462
549 549
550 373
551 81
552 552
553 553
554 554
555 555
556 556
557 557
558 558
559 559
560 560
561 561
562 21
563 563
564 564
565 565
566 566
567 567
568 568
569 569
570 570
571 571
572 572
573 573
574 574
575 575
576 5250
577 577
578 578
579 579
580 580
581 581
582 582
583 376
584 277
585 585
586 586
587 439
588 588
589 344
590 99
591 591
592 317
593 235
594 594
595 595
596 716
597 597
598 598
599 599
600 600
601 601
602 602
603 603
604 604
605 605
606 606
607 607
608 608
609 609
610 610
611 611
612 612
613 613
614 614
615 615
616 616
617 617
618 618
619 619
620 620
621 621
622 622
623 623
624 624
625 625
626 626
627 412
628 628
629 629
630 630
631 631
632 632
633 633
634 634
635 635
636 636
637 637
638 81
639 639
640 640
641 641
642 642
643 615
644 644
645 645
646 646
647 62
648 648
649 649
650 650
651 286
652 389
653 580
654 654
655 73
656 656
657 55
658 658
659 659
660 660
661 661
662 553
663 663
664 664
665 140
666 666
667 667
668 3213
669 669
670 267
671 671
672 672
673 673
674 144
675 1855
676 676
677 677
678 678
679 679
680 680
681 52
682 682
683 683
684 684
685 685
686 686
687 614
688 688
689 689
690 690
691 92
692 130
693 693
694 6754
695 695
696 218
697 80
698 698
699 699
700 700
701 701
702 702
703 703
704 704
705 346
706 706
707 707
708 708
709 709
710 397
711 711
712 527
713 713
714 714
715 298
716 716
717 717
718 718
719 719
720 720
721 721
722 722
723 723
724 724
725 725
726 380
727 727
728 728
729 90
730 730
731 731
732 732
733 733
734 425
735 735
736 736
737 737
738 738
739 739
740 740
741 741
742 30
743 743
744 744
745 501
746 746
747 321
748 748
749 749
750 434
751 751
752 752
753 476
754 610
755 755
756 477
757 757
758 716
759 759
760 286
761 650
762 762
763 2003
764 97
765 765
766 766
767 53
768 768
769 769
770 770
771 771
772 1855
773 773
774 194
775 775
776 521
777 496
778 778
779 520
780 780
781 470
782 48
783 783
784 784
785 461
786 131
787 787
788 226
789 789
790 790
791 791
792 792
793 793
794 504
795 795
796 796
797 737
798 87
799 799
800 800
801 73
802 74
803 803
804 804
805 273
806 806
807 3015
808 808
809 809
810 810
811 811
812 812
813 813
814 814
815 49
816 816
817 817
818 116
819 819
820 820
821 709
822 816
823 725
824 473
825 825
826 599
827 546
828 828
829 829
830 830
831 396
832 832
833 833
834 834
835 415
836 836
837 595
838 838
839 839
840 3207
841 841
842 462
843 843
844 844
845 845
846 795
847 847
848 848
849 849
850 335
851 851
852 688
853 853
854 854
855 855
856 856
857 732
858 858
859 859
860 860
861 861
862 862
863 203
864 864
865 865
866 866
867 335
868 868
869 869
870 870
871 871
872 872
873 716
874 874
875 875
876 876
877 877
878 878
879 208
880 880
881 881
882 882
883 883
884 639
885 2057
886 886
887 887
888 858
889 889
890 890
891 891
892 892
893 611
894 894
895 174
896 410
897 897
898 898
899 899
900 709
901 880
902 902
903 903
904 40
905 481
906 906
907 907
908 803
909 412
910 910
911 911
912 912
913 4344
914 914
915 259
916 63
917 917
918 918
919 919
920 499
921 921
922 922
923 923
924 50
925 182
926 5944
927 927
928 524
929 929
930 930
931 931
932 932
933 933
934 934
935 935
936 42
937 937
938 938
939 939
940 1483
941 941
942 942
943 943
944 944
945 945
946 946
947 947
948 948
949 949
950 950
951 951
952 952
953 7964
954 954
955 1386
956 956
957 957
958 958
959 959
960 960
961 961
962 962
963 963
964 964
965 965
966 966
967 967
968 968
969 969
970 1046
971 971
972 972
973 973
974 974
975 507
976 976
977 977
978 978
979 979
980 980
981 981
982 982
983 983
984 984
985 985
986 986
987 987
988 988
989 989
990 990
991 991
992 992
993 993
994 994
995 995
996 996
997 997
998 998
999 999
1000 1000
1001 2138
1002 1002
1003 1683
1004 1004
1005 1005
1006 1006
1007 1007
1008 1008
1009 1009
1010 1010
1011 1011
1012 1012
1013 1013
1014 1014
1015 1350
1016 1016
1017 1705
1018 918
1019 1019
1020 5567
1021 1021
1022 1022
1023 1023
1024 1024
1025 1025
1026 1026
1027 1350
1028 1028
1029 1029
1030 1030
1031 1031
1032 1032
1033 1033
1034 1034
1035 1035
1036 1036
1037 1037
1038 1038
1039 1039
1040 1040
1041 1041
1042 1042
1043 1043
1044 1044
1045 1045
1046 1046
1047 1047
1048 1048
1049 1049
1050 1050
1051 1051
1052 1052
1053 1053
1054 1683
1055 1055
1056 1056
1057 1057
1058 1058
1059 1059
1060 1060
1061 1061
1062 1062
1063 1063
1064 1064
1065 1065
1066 1066
1067 1067
1068 1068
1069 1069
1070 1070
1071 1071
1072 1072
1073 1073
1074 1074
1075 1223
1076 1076
1077 1077
1078 1078
1079 1079
1080 1080
1081 364
1082 1082
1083 1083
1084 1084
1085 1085
1086 520
1087 307
1088 1088
1089 683
1090 1090
1091 1091
1092 1092
1093 1093
1094 8232
1095 1095
1096 1096
1097 1097
1098 1098
1099 1099
1100 1100
1101 1101
1102 1102
1103 1103
1104 1104
1105 1105
1106 1106
1107 1558
1108 1108
1109 1109
1110 1110
1111 1111
1112 1112
1113 1113
1114 1114
1115 1115
1116 1116
1117 1117
1118 4702
1119 1119
1120 1120
1121 1121
1122 1122
1123 1123
1124 1046
1125 1125
1126 1126
1127 1127
1128 1128
1129 1129
1130 1130
1131 1131
1132 1132
1133 1133
1134 1350
1135 1135
1136 1136
1137 1137
1138 1138
1139 1139
1140 1140
1141 1141
1142 1142
1143 1143
1144 1144
1145 1145
1146 1146
1147 910
1148 1148
1149 1149
1150 1150
1151 1038
1152 1152
1153 1153
1154 1154
1155 1155
1156 1156
1157 1157
1158 1158
1159 1159
1160 1903
1161 1161
1162 1162
1163 1296
1164 2664
1165 1165
1166 1166
1167 1167
1168 1168
1169 1169
1170 1170
1171 1171
1172 1172
1173 1173
1174 1174
1175 1175
1176 1176
1177 1177
1178 1178
1179 1179
1180 1180
1181 1181
1182 1854
1183 1183
1184 1123
1185 64
1186 1186
1187 1854
1188 1188
1189 165
1190 1190
1191 1191
1192 1192
1193 1193
1194 1194
1195 1195
1196 1196
1197 1197
1198 1854
1199 1199
1200 1200
1201 1201
1202 1202
1203 1203
1204 1204
1205 1205
1206 1206
1207 931
1208 1208
1209 1209
1210 1210
1211 1211
1212 1212
1213 1038
1214 1214
1215 149
1216 1216
1217 1217
1218 1218
1219 1219
1220 1220
1221 1221
1222 1222
1223 1223
1224 1224
1225 1225
1226 1226
1227 1227
1228 1228
1229 1229
1230 956
1231 1231
1232 1232
1233 1233
1234 1234
1235 1235
1236 1236
1237 1237
1238 1238
1239 1239
1240 1240
1241 1241
1242 1242
1243 1243
1244 887
1245 949
1246 1246
1247 1247
1248 1248
1249 1249
1250 1250
1251 1251
1252 1484
1253 1253
1254 1254
1255 1255
1256 2076
1257 1257
1258 1793
1259 1259
1260 1260
1261 1261
1262 1262
1263 1263
1264 1264
1265 1265
1266 1266
1267 1267
1268 1268
1269 1269
1270 1270
1271 1071
1272 1272
1273 1273
1274 410
1275 2025
1276 1276
1277 1277
1278 1278
1279 1279
1280 1280
1281 1281
1282 1282
1283 1283
1284 1097
1285 1285
1286 3036
1287 1287
1288 1288
1289 1289
1290 1290
1291 1291
1292 1292
1293 1293
1294 1294
1295 1295
1296 1296
1297 1297
1298 1298
1299 1299
1300 1300
1301 2057
1302 1302
1303 1303
1304 1304
1305 1305
1306 1306
1307 1307
1308 1308
1309 1309
1310 172
1311 1683
1312 1312
1313 1308
1314 1429
1315 1315
1316 957
1317 1205
1318 1318
1319 1319
1320 1132
1321 1305
1322 1322
1323 1323
1324 977
1325 1325
1326 1326
1327 1327
1328 1328
1329 1329
1330 1330
1331 1331
1332 1332
1333 1333
1334 1269
1335 1335
1336 1336
1337 1337
1338 1338
1339 1339
1340 1340
1341 2478
1342 1342
1343 1343
1344 1344
1345 1345
1346 1346
1347 954
1348 1348
1349 1349
1350 1350
1351 1351
1352 1061
1353 1249
1354 1354
1355 1355
1356 1661
1357 1241
1358 1358
1359 1359
1360 1360
1361 1361
1362 2004
1363 1363
1364 1364
1365 1216
1366 1366
1367 1367
1368 1368
1369 1369
1370 1370
1371 2189
1372 1372
1373 1262
1374 1374
1375 1375
1376 1221
1377 1377
1378 214
1379 169
1380 1380
1381 1381
1382 1382
1383 1383
1384 1384
1385 660
1386 1386
1387 1387
1388 1388
1389 1389
1390 1390
1391 1391
1392 1392
1393 1393
1394 1394
1395 1395
1396 1396
1397 1397
1398 1398
1399 1399
1400 1400
1401 1401
1402 1402
1403 567
1404 1404
1405 1405
1406 1406
1407 917
1408 1408
1409 1409
1410 1410
1411 1411
1412 961
1413 1413
1414 1414
1415 1176
1416 1416
1417 1882
1418 1418
1419 1419
1420 1233
1421 1421
1422 1422
1423 1423
1424 1424
1425 1425
1426 1426
1427 1500
1428 1428
1429 1429
1430 1430
1431 1431
1432 1029
1433 1433
1434 161
1435 1168
1436 1110
1437 1372
1438 1438
1439 1439
1440 1440
1441 4302
1442 1442
1443 1443
1444 1444
1445 1445
1446 1446
1447 1447
1448 1448
1449 1449
1450 1450
1451 1451
1452 1452
1453 1453
1454 1201
1455 1455
1456 1456
1457 1457
1458 1458
1459 1459
1460 1460
1461 1461
1462 1462
1463 1463
1464 1500
1465 1558
1466 1466
1467 1467
1468 578
1469 1469
1470 1470
1471 1471
1472 1145
1473 1473
1474 1474
1475 1475
1476 1476
1477 1477
1478 1478
1479 964
1480 1480
1481 1481
1482 1482
1483 1483
1484 1484
1485 1485
1486 1486
1487 202
1488 1488
1489 1489
1490 1490
1491 1491
1492 1483
1493 1396
1494 1494
1495 2497
1496 1496
1497 1497
1498 1498
1499 1499
1500 1500
1501 1501
1502 1502
1503 1503
1504 1442
1505 1505
1506 669
1507 1507
1508 1508
1509 1509
1510 1510
1511 1511
1512 1512
1513 1513
1514 1514
1515 1515
1516 1516
1517 1517
1518 1518
1519 1519
1520 1520
1521 1521
1522 1522
1523 1456
1524 1524
1525 1106
1526 1526
1527 1527
1528 1528
1529 1122
1530 1202
1531 1531
1532 1261
1533 1533
1534 369
1535 1350
1536 1369
1537 1537
1538 1538
1539 1539
1540 1374
1541 1541
1542 1542
1543 5145
1544 1544
1545 1545
1546 1546
1547 1547
1548 1548
1549 1549
1550 1550
1551 1551
1552 1552
1553 1553
1554 1554
1555 1555
1556 1556
1557 1557
1558 1558
1559 1559
1560 1560
1561 1561
1562 1386
1563 1563
1564 1564
1565 1565
1566 1566
1567 1567
1568 1568
1569 1569
1570 1570
1571 1571
1572 1572
1573 1573
1574 1574
1575 598
1576 1576
1577 1577
1578 1578
1579 679
1580 1580
1581 1581
1582 1582
1583 1583
1584 1584
1585 1585
1586 1635
1587 1148
1588 1588
1589 1064
1590 1590
1591 1591
1592 1592
1593 1593
1594 1594
1595 1595
1596 1596
1597 1597
1598 151
1599 1599
1600 1600
1601 372
1602 7417
1603 1603
1604 1604
1605 886
1606 1606
1607 1607
1608 1608
1609 4702
1610 2282
1611 1611
1612 1612
1613 71
1614 1614
1615 1615
1616 1616
1617 1617
1618 1618
1619 1618
1620 1620
1621 1621
1622 1622
1623 508
1624 1624
1625 1625
1626 1626
1627 1627
1628 1628
1629 1687
1630 1630
1631 1223
1632 1632
1633 1633
1634 1634
1635 1635
1636 1636
1637 1637
1638 1638
1639 1452
1640 1640
1641 1641
1642 1642
1643 1643
1644 1644
1645 1645
1646 1687
1647 1647
1648 1648
1649 1649
1650 1251
1651 1651
1652 1652
1653 1398
1654 1654
1655 1655
1656 1656
1657 1657
1658 1658
1659 1659
1660 1660
1661 1661
1662 1662
1663 1663
1664 190
1665 1665
1666 385
1667 1348
1668 1668
1669 1669
1670 1670
1671 187
1672 1672
1673 1673
1674 1674
1675 1675
1676 1676
1677 1677
1678 1678
1679 1679
1680 1680
1681 854
1682 1682
1683 1683
1684 929
1685 1685
1686 1686
1687 1687
1688 1688
1689 1689
1690 1690
1691 2096
1692 1692
1693 1693
1694 1038
1695 1383
1696 1696
1697 1697
1698 1705
1699 1699
1700 1700
1701 1701
1702 1702
1703 877
1704 1704
1705 1705
1706 1706
1707 1707
1708 1019
1709 991
1710 1710
1711 1711
1712 1246
1713 1713
1714 219
1715 1355
1716 1716
1717 547
1718 1299
1719 1719
1720 1720
1721 1721
1722 1722
1723 1723
1724 337
1725 1725
1726 1726
1727 1727
1728 1452
1729 1076
1730 1730
1731 1731
1732 1732
1733 1733
1734 878
1735 945
1736 1736
1737 1268
1738 487
1739 1739
1740 1740
1741 1741
1742 1742
1743 680
1744 1744
1745 1745
1746 1746
1747 1747
1748 937
1749 1749
1750 1750
1751 3876
1752 1752
1753 1753
1754 1038
1755 1755
1756 1633
1757 1025
1758 1758
1759 1759
1760 1760
1761 1761
1762 1146
1763 1763
1764 1764
1765 1606
1766 1503
1767 431
1768 1768
1769 1769
1770 1770
1771 1771
1772 1772
1773 1773
1774 1774
1775 1775
1776 1776
1777 1777
1778 1778
1779 1779
1780 1780
1781 1781
1782 1761
1783 1502
1784 1784
1785 1785
1786 1786
1787 1787
1788 1788
1789 1789
1790 1295
1791 1791
1792 1792
1793 1793
1794 1794
1795 1795
1796 1796
1797 1797
1798 1798
1799 1981
1800 166
1801 1801
1802 1476
1803 1803
1804 503
1805 1805
1806 1806
1807 1807
1808 1808
1809 1809
1810 1810
1811 1811
1812 1812
1813 968
1814 1814
1815 1815
1816 1816
1817 1817
1818 1818
1819 1819
1820 1820
1821 1821
1822 1822
1823 1823
1824 1824
1825 1825
1826 1826
1827 1827
1828 1101
1829 1816
1830 1763
1831 1831
1832 1832
1833 1833
1834 1046
1835 1835
1836 1836
1837 1837
1838 1838
1839 545
1840 1508
1841 1162
1842 1842
1843 1843
1844 6245
1845 1845
1846 1846
1847 778
1848 2136
1849 1849
1850 1850
1851 1851
1852 749
1853 1237
1854 1854
1855 1855
1856 1856
1857 1857
1858 1858
1859 1859
1860 1860
1861 1861
1862 1862
1863 1863
1864 1864
1865 1203
1866 1866
1867 1867
1868 1868
1869 1869
1870 6328
1871 1871
1872 1872
1873 1873
1874 1874
1875 1077
1876 1876
1877 1877
1878 1222
1879 1879
1880 1668
1881 1881
1882 1882
1883 1074
1884 1884
1885 1885
1886 1886
1887 1887
1888 1888
1889 1889
1890 1890
1891 1891
1892 1892
1893 1893
1894 1894
1895 1895
1896 1896
1897 1897
1898 1898
1899 1899
1900 1900
1901 1146
1902 1902
1903 1903
1904 1904
1905 1905
1906 1906
1907 1907
1908 1908
1909 1697
1910 1527
1911 1784
1912 1912
1913 1156
1914 1174
1915 1202
1916 1916
1917 1917
1918 1918
1919 720
1920 1920
1921 1921
1922 1922
1923 1923
1924 1924
1925 607
1926 586
1927 1927
1928 1928
1929 1014
1930 1269
1931 1648
1932 1874
1933 1933
1934 1934
1935 1935
1936 1936
1937 1937
1938 1938
1939 969
1940 1940
1941 1941
1942 1942
1943 1405
1944 1944
1945 1945
1946 1744
1947 1947
1948 1948
1949 1949
1950 1177
1951 1951
1952 1333
1953 1953
1954 1954
1955 1955
1956 1956
1957 1957
1958 1958
1959 1959
1960 1960
1961 1961
1962 1962
1963 1963
1964 1964
1965 1109
1966 1263
1967 1967
1968 1968
1969 1969
1970 1970
1971 1776
1972 1059
1973 733
1974 1974
1975 1299
1976 1906
1977 1977
1978 368
1979 1979
1980 1980
1981 1981
1982 1982
1983 1983
1984 1984
1985 1985
1986 1986
1987 1987
1988 1988
1989 1989
1990 1990
1991 1991
1992 1992
1993 1993
1994 1994
1995 1995
1996 1996
1997 1997
1998 1998
1999 693
2000 2000
2001 1038
2002 2002
2003 2003
2004 2004
2005 2005
2006 2006
2007 2007
2008 2008
2009 2009
2010 96
2011 2011
2012 1705
2013 2013
2014 2014
2015 2015
2016 2016
2017 1657
2018 2018
2019 2019
2020 2020
2021 2021
2022 2022
2023 2023
2024 2974
2025 2025
2026 2026
2027 2027
2028 2028
2029 2029
2030 6255
2031 2031
2032 1400
2033 1299
2034 2034
2035 296
2036 2036
2037 1784
2038 2038
2039 512
2040 2040
2041 1123
2042 2042
2043 1635
2044 2044
2045 2045
2046 2046
2047 2047
2048 2048
2049 1683
2050 1793
2051 529
2052 2052
2053 2053
2054 2054
2055 2055
2056 2056
2057 2057
2058 2058
2059 962
2060 1227
2061 1896
2062 2062
2063 2063
2064 2064
2065 2065
2066 90
2067 2067
2068 1705
2069 561
2070 2020
2071 2071
2072 2072
2073 1194
2074 7348
2075 2075
2076 2076
2077 1990
2078 2078
2079 2079
2080 1140
2081 2081
2082 2082
2083 1928
2084 2084
2085 1260
2086 1854
2087 1235
2088 2088
2089 2089
2090 2090
2091 2076
2092 2092
2093 2093
2094 2094
2095 2095
2096 2096
2097 1080
2098 3817
2099 2099
2100 2026
2101 2101
2102 1874
2103 2103
2104 2078
2105 1038
2106 2106
2107 2107
2108 2108
2109 2109
2110 2110
2111 2111
2112 991
2113 2113
2114 1231
2115 2115
2116 1221
2117 2117
2118 2118
2119 2119
2120 2120
2121 933
2122 2122
2123 2123
2124 2124
2125 2125
2126 530
2127 2127
2128 2128
2129 2129
2130 2130
2131 2131
2132 2132
2133 2133
2134 1955
2135 2135
2136 2136
2137 2137
2138 2138
2139 2139
2140 2140
2141 2141
2142 1359
2143 2136
2144 2144
2145 2145
2146 1062
2147 2147
2148 2148
2149 2149
2150 2150
2151 2151
2152 2152
2153 2153
2154 2154
2155 1568
2156 2156
2157 2157
2158 2158
2159 2159
2160 2160
2161 2161
2162 2162
2163 552
2164 2164
2165 1624
2166 432
2167 2167
2168 2168
2169 2169
2170 2170
2171 2022
2172 79
2173 2173
2174 952
2175 2175
2176 799
2177 2177
2178 2178
2179 1149
2180 602
2181 1370
2182 2182
2183 2183
2184 2184
2185 2185
2186 2186
2187 2187
2188 2188
2189 2189
2190 2190
2191 1217
2192 641
2193 1433
2194 2194
2195 2195
2196 2196
2197 1792
2198 2198
2199 1408
2200 2200
2201 2201
2202 1285
2203 1279
2204 2204
2205 2205
2206 2206
2207 2207
2208 1156
2209 1612
2210 1237
2211 991
2212 2212
2213 2213
2214 954
2215 2072
2216 2216
2217 2217
2218 2218
2219 2185
2220 2220
2221 2221
2222 1183
2223 2223
2224 2224
2225 2225
2226 2226
2227 3961
2228 2228
2229 2229
2230 2003
2231 2231
2232 2232
2233 961
2234 2234
2235 646
2236 1794
2237 2237
2238 2238
2239 2239
2240 2240
2241 2241
2242 2242
2243 1322
2244 2244
2245 2245
2246 2246
2247 2247
2248 66
2249 2249
2250 2250
2251 2251
2252 2252
2253 2253
2254 2254
2255 2255
2256 1369
2257 2257
2258 1369
2259 2259
2260 2260
2261 2261
2262 2262
2263 2263
2264 2264
2265 2265
2266 2266
2267 2267
2268 3878
2269 2269
2270 515
2271 2271
2272 2272
2273 2273
2274 2274
2275 1871
2276 2276
2277 1768
2278 2278
2279 1818
2280 2280
2281 2281
2282 2282
2283 2283
2284 2284
2285 2285
2286 2286
2287 2287
2288 2288
2289 1448
2290 2026
2291 1937
2292 1372
2293 558
2294 2294
2295 2295
2296 2296
2297 2297
2298 2298
2299 2299
2300 2300
2301 2301
2302 2302
2303 1687
2304 1130
2305 2305
2306 2306
2307 2307
2308 2308
2309 2309
2310 2310
2311 2311
2312 2312
2313 2313
2314 1640
2315 1641
2316 2316
2317 2107
2318 2318
2319 1584
2320 2471
2321 2255
2322 1019
2323 1902
2324 2324
2325 1053
2326 1117
2327 2327
2328 948
2329 755
2330 2330
2331 2331
2332 1038
2333 220
2334 2334
2335 2335
2336 1996
2337 2198
2338 2188
2339 2339
2340 2340
2341 2341
2342 2342
2343 1500
2344 1792
2345 2345
2346 2346
2347 2347
2348 2348
2349 2349
2350 2350
2351 2351
2352 1981
2353 2353
2354 2354
2355 728
2356 2356
2357 2357
2358 2132
2359 1088
2360 2360
2361 2274
2362 2362
2363 1138
2364 1366
2365 1037
2366 1366
2367 2367
2368 2368
2369 2369
2370 2370
2371 1832
2372 2372
2373 2373
2374 1227
2375 3957
2376 2376
2377 2377
2378 1315
2379 2379
2380 2380
2381 1250
2382 2382
2383 1305
2384 2384
2385 2385
2386 1903
2387 2387
2388 109
2389 2389
2390 367
2391 155
2392 6245
2393 1282
2394 2394
2395 2395
2396 466
2397 1776
2398 2398
2399 574
2400 2400
2401 2401
2402 2706
2403 713
2404 1936
2405 2405
2406 2406
2407 2407
2408 2634
2409 1544
2410 1046
2411 350
2412 2412
2413 2413
2414 155
2415 2415
2416 2416
2417 2417
2418 2418
2419 2419
2420 2420
2421 2421
2422 2422
2423 2423
2424 1065
2425 2425
2426 2198
2427 2427
2428 2428
2429 1381
2430 1858
2431 769
2432 2432
2433 1220
2434 1705
2435 1065
2436 2436
2437 1882
2438 2438
2439 2439
2440 285
2441 2441
2442 2442
2443 2443
2444 2444
2445 1456
2446 2446
2447 2447
2448 2448
2449 2449
2450 2294
2451 2451
2452 2452
2453 1827
2454 1299
2455 1982
2456 2456
2457 897
2458 2458
2459 1145
2460 2422
2461 2461
2462 2462
2463 755
2464 2464
2465 2465
2466 181
2467 2467
2468 1398
2469 2469
2470 1125
2471 2471
2472 2472
2473 2473
2474 2474
2475 2475
2476 2476
2477 2477
2478 2478
2479 2479
2480 2225
2481 2481
2482 2482
2483 2006
2484 1742
2485 2485
2486 2486
2487 2487
2488 2488
2489 2152
2490 2490
2491 2491
2492 2492
2493 1388
2494 2494
2495 2495
2496 2496
2497 2497
2498 2498
2499 2499
2500 2006
2501 2501
2502 1296
2503 1742
2504 2504
2505 2505
2506 2506
2507 960
2508 2508
2509 2509
2510 1188
2511 2511
2512 2512
2513 2513
2514 2514
2515 1668
2516 2516
2517 2517
2518 2518
2519 2519
2520 2520
2521 2014
2522 2522
2523 2523
2524 2524
2525 2525
2526 2526
2527 2034
2528 2528
2529 1148
2530 2530
2531 2531
2532 2532
2533 2533
2534 2534
2535 1621
2536 2536
2537 1046
2538 2538
2539 2539
2540 2540
2541 2541
2542 1399
2543 2543
2544 2544
2545 2545
2546 2546
2547 2351
2548 2548
2549 2549
2550 2550
2551 2551
2552 2552
2553 2553
2554 2554
2555 2555
2556 2556
2557 2025
2558 2558
2559 1780
2560 2560
2561 2561
2562 2562
2563 2282
2564 301
2565 2565
2566 865
2567 2567
2568 2568
2569 1742
2570 2570
2571 2571
2572 2572
2573 2573
2574 2574
2575 1388
2576 2576
2577 2577
2578 2578
2579 2579
2580 2580
2581 2377
2582 2582
2583 2583
2584 2584
2585 1945
2586 2586
2587 1429
2588 2588
2589 2589
2590 2590
2591 1270
2592 2592
2593 2593
2594 1141
2595 2528
2596 5105
2597 2597
2598 2598
2599 2599
2600 2600
2601 2601
2602 2602
2603 2603
2604 2604
2605 1369
2606 2606
2607 2607
2608 2608
2609 2609
2610 2610
2611 2611
2612 1408
2613 2613
2614 2614
2615 2615
2616 2616
2617 2264
2618 1505
2619 2619
2620 2620
2621 1558
2622 544
2623 2623
2624 2624
2625 2625
2626 640
2627 2627
2628 2628
2629 2629
2630 2630
2631 2631
2632 250
2633 2633
2634 2634
2635 2635
2636 2636
2637 2637
2638 2638
2639 420
2640 2640
2641 3185
2642 2642
2643 2643
2644 2644
2645 2645
2646 1661
2647 1359
2648 1903
2649 2649
2650 2650
2651 2651
2652 2652
2653 2653
2654 2654
2655 2655
2656 2656
2657 2657
2658 1138
2659 2659
2660 889
2661 2661
2662 2662
2663 2663
2664 2664
2665 2665
2666 2666
2667 2667
2668 2668
2669 2669
2670 1882
2671 2671
2672 2672
2673 1423
2674 2674
2675 1824
2676 1299
2677 874
2678 1390
2679 2096
2680 2680
2681 2200
2682 2682
2683 2683
2684 1705
2685 1210
2686 2686
2687 2687
2688 2688
2689 2689
2690 2690
2691 2691
2692 2692
2693 1108
2694 2694
2695 2006
2696 2696
2697 2697
2698 305
2699 1687
2700 2531
2701 3789
2702 2702
2703 2703
2704 2704
2705 2705
2706 2706
2707 2034
2708 2708
2709 1180
2710 2710
2711 1216
2712 2712
2713 1241
2714 1146
2715 2715
2716 3262
2717 2717
2718 2718
2719 1705
2720 1055
2721 2721
2722 2722
2723 2723
2724 1522
2725 500
2726 2726
2727 2624
2728 461
2729 2471
2730 2730
2731 2731
2732 2732
2733 2733
2734 2734
2735 2735
2736 2736
2737 1062
2738 2738
2739 2739
2740 2740
2741 2741
2742 2742
2743 2743
2744 1861
2745 2745
2746 2746
2747 1668
2748 1655
2749 2749
2750 2004
2751 2751
2752 2477
2753 2753
2754 2754
2755 1156
2756 2571
2757 2757
2758 2758
2759 2759
2760 2760
2761 948
2762 2762
2763 1062
2764 1954
2765 2765
2766 2766
2767 2767
2768 2768
2769 2769
2770 2770
2771 2771
2772 1056
2773 1095
2774 2774
2775 2775
2776 2776
2777 2522
2778 2778
2779 1641
2780 1202
2781 1442
2782 1484
2783 2783
2784 2784
2785 2785
2786 2786
2787 1126
2788 2788
2789 399
2790 1705
2791 2791
2792 2792
2793 2793
2794 102
2795 2795
2796 2796
2797 2797
2798 2798
2799 1719
2800 2800
2801 2801
2802 1710
2803 1041
2804 2804
2805 2805
2806 2662
2807 2807
2808 2808
2809 2809
2810 2810
2811 1096
2812 2101
2813 2813
2814 2814
2815 2815
2816 2816
2817 991
2818 2189
2819 2819
2820 2820
2821 2821
2822 2822
2823 998
2824 2824
2825 2825
2826 2826
2827 528
2828 2828
2829 2829
2830 2742
2831 2831
2832 2832
2833 2705
2834 2387
2835 2835
2836 2836
2837 2837
2838 2838
2839 2839
2840 2231
2841 2706
2842 1386
2843 2843
2844 709
2845 2263
2846 2846
2847 2847
2848 2848
2849 2791
2850 2850
2851 2851
2852 2852
2853 2853
2854 2854
2855 2855
2856 2856
2857 2189
2858 1882
2859 2859
2860 2860
2861 2825
2862 2862
2863 2863
2864 2864
2865 2865
2866 2866
2867 3118
2868 2162
2869 2869
2870 2870
2871 2871
2872 2872
2873 2873
2874 2874
2875 4626
2876 2876
2877 2877
2878 2878
2879 2879
2880 3843
2881 1466
2882 2882
2883 2883
2884 2884
2885 2885
2886 2467
2887 2887
2888 2888
2889 2807
2890 2890
2891 2891
2892 2892
2893 2893
2894 2894
2895 629
2896 2896
2897 1887
2898 2898
2899 2899
2900 2900
2901 2901
2902 2615
2903 2903
2904 2904
2905 2905
2906 2906
2907 2907
2908 2908
2909 2908
2910 2910
2911 2911
2912 2912
2913 2913
2914 2914
2915 2915
2916 2916
2917 2917
2918 2918
2919 2919
2920 2920
2921 2921
2922 2922
2923 2923
2924 2924
2925 2925
2926 2926
2927 2927
2928 2929
2929 2929
2930 2930
2931 2931
2932 2932
2933 287
2934 718
2935 488
2936 2936
2937 2937
2938 2938
2939 559
2940 2940
2941 2941
2942 2942
2943 2943
2944 2944
2945 2945
2946 2946
2947 4943
2948 2948
2949 2949
2950 2950
2951 2951
2952 2949
2953 2953
2954 2954
2955 2955
2956 2956
2957 2767
2958 2958
2959 2959
2960 3479
2961 2961
2962 2962
2963 2963
2964 2964
2965 2965
2966 2418
2967 2967
2968 2968
2969 2969
2970 2969
2971 2971
2972 2873
2973 1120
2974 2974
2975 2975
2976 1136
2977 2977
2978 2978
2979 2979
2980 2980
2981 2981
2982 2982
2983 2983
2984 2984
2985 1862
2986 2986
2987 2987
2988 2987
2989 2989
2990 2990
2991 2991
2992 2992
2993 2993
2994 2807
2995 2995
2996 2996
2997 2997
2998 2998
2999 2999
3000 3000
3001 3001
3002 3002
3003 3003
3004 3004
3005 3005
3006 3006
3007 3007
3008 3008
3009 3009
3010 3010
3011 3011
3012 3012
3013 3013
3014 3014
3015 3015
3016 2586
3017 2873
3018 3018
3019 2922
3020 3020
3021 3021
3022 3022
3023 3023
3024 3024
3025 3025
3026 3025
3027 3027
3028 3028
3029 3029
3030 3030
3031 1733
3032 3032
3033 3033
3034 3034
3035 2783
3036 3036
3037 3037
3038 3038
3039 3039
3040 2807
3041 3041
3042 1073
3043 3043
3044 2478
3045 3045
3046 3046
3047 3047
3048 2912
3049 3049
3050 3049
3051 3051
3052 3052
3053 2949
3054 3054
3055 2959
3056 3056
3057 3056
3058 3058
3059 3058
3060 3060
3061 3061
3062 3061
3063 3063
3064 3064
3065 3065
3066 3066
3067 3033
3068 3068
3069 3069
3070 3070
3071 3071
3072 3072
3073 3073
3074 3074
3075 3075
3076 3076
3077 7946
3078 3078
3079 3079
3080 3080
3081 3081
3082 3082
3083 3082
3084 3082
3085 3085
3086 3086
3087 3087
3088 3087
3089 3089
3090 3090
3091 3091
3092 3092
3093 3093
3094 3094
3095 3095
3096 3096
3097 211
3098 211
3099 3099
3100 3100
3101 3101
3102 3101
3103 3103
3104 3104
3105 3105
3106 3817
3107 3107
3108 3108
3109 3109
3110 351
3111 3111
3112 648
3113 3015
3114 3114
3115 3115
3116 1312
3117 3117
3118 3118
3119 3119
3120 3120
3121 3121
3122 3125
3123 3125
3124 3125
3125 3125
3126 3125
3127 3127
3128 160
3129 3129
3130 3130
3131 3131
3132 3132
3133 2911
3134 3134
3135 3135
3136 3136
3137 3137
3138 3138
3139 3139
3140 3853
3141 3853
3142 3853
3143 3143
3144 3144
3145 3145
3146 3146
3147 1937
3148 3148
3149 297
3150 3150
3151 3151
3152 3152
3153 2308
3154 3154
3155 393
3156 3156
3157 3157
3158 3158
3159 2057
3160 3160
3161 3161
3162 3162
3163 3163
3164 3164
3165 3164
3166 3166
3167 914
3168 3168
3169 765
3170 486
3171 3171
3172 3172
3173 3173
3174 3174
3175 3175
3176 3176
3177 3177
3178 3178
3179 3179
3180 3180
3181 3181
3182 3182
3183 2809
3184 3184
3185 3185
3186 3186
3187 3187
3188 3188
3189 3189
3190 3189
3191 3191
3192 3192
3193 3193
3194 3193
3195 3195
3196 3195
3197 3195
3198 3201
3199 3201
3200 3195
3201 3201
3202 3201
3203 3201
3204 3093
3205 3205
3206 3206
3207 3207
3208 3207
3209 3207
3210 3210
3211 3210
3212 3212
3213 3213
3214 3214
3215 790
3216 3216
3217 3228
3218 3218
3219 3218
3220 3218
3221 3221
3222 2669
3223 3223
3224 3224
3225 3225
3226 3226
3227 3227
3228 3228
3229 3229
3230 3230
3231 3231
3232 3231
3233 3233
3234 3228
3235 3235
3236 3236
3237 3236
3238 3238
3239 3239
3240 3239
3241 3241
3242 3242
3243 3243
3244 3244
3245 3245
3246 3231
3247 3228
3248 3248
3249 3249
3250 3250
3251 3251
3252 3252
3253 3253
3254 3254
3255 3255
3256 3256
3257 3257
3258 3258
3259 3258
3260 3260
3261 3300
3262 3262
3263 3263
3264 3264
3265 3265
3266 3266
3267 1957
3268 3268
3269 3269
3270 1957
3271 3271
3272 3272
3273 3300
3274 3274
3275 3274
3276 3276
3277 3300
3278 3278
3279 3279
3280 3269
3281 3300
3282 3282
3283 3283
3284 3284
3285 3285
3286 3286
3287 3287
3288 3288
3289 3289
3290 3290
3291 3291
3292 3300
3293 3293
3294 3244
3295 8232
3296 3296
3297 3297
3298 3298
3299 3299
3300 3300
3301 3301
3302 3302
3303 600
3304 3304
3305 3305
3306 3306
3307 3307
3308 122
3309 2785
3310 3310
3311 3311
3312 3312
3313 3313
3314 3314
3315 3315
3316 3316
3317 3317
3318 804
3319 3319
3320 3320
3321 932
3322 3322
3323 3323
3324 3323
3325 3325
3326 3326
3327 3327
3328 2582
3329 3329
3330 3330
3331 3331
3332 3332
3333 3333
3334 3334
3335 3335
3336 3336
3337 3337
3338 553
3339 553
3340 553
3341 3341
3342 3342
3343 3343
3344 3344
3345 2568
3346 3346
3347 3347
3348 247
3349 3349
3350 3350
3351 3351
3352 741
3353 3353
3354 3354
3355 3355
3356 3356
3357 724
3358 3358
3359 3359
3360 3360
3361 289
3362 3362
3363 3363
3364 3364
3365 3365
3366 4336
3367 3367
3368 3368
3369 3369
3370 3370
3371 3370
3372 3372
3373 3370
3374 3372
3375 3370
3376 3376
3377 3377
3378 3378
3379 3379
3380 3380
3381 3381
3382 3382
3383 3383
3384 3384
3385 4344
3386 2628
3387 4344
3388 702
3389 424
3390 3390
3391 3391
3392 1625
3393 3393
3394 3394
3395 3393
3396 3394
3397 3397
3398 3398
3399 3393
3400 3393
3401 3393
3402 3402
3403 3403
3404 3404
3405 3405
3406 3406
3407 3407
3408 3408
3409 3409
3410 3410
3411 3411
3412 3412
3413 3413
3414 3414
3415 3415
3416 2953
3417 129
3418 535
3419 535
3420 535
3421 3421
3422 3422
3423 3423
3424 3424
3425 3424
3426 3424
3427 3427
3428 3424
3429 3429
3430 275
3431 3431
3432 3432
3433 3432
3434 3434
3435 3434
3436 3436
3437 3437
3438 3438
3439 3439
3440 3440
3441 1300
3442 3442
3443 3443
3444 3444
3445 3445
3446 3024
3447 3447
3448 3448
3449 3449
3450 3450
3451 3451
3452 3452
3453 3453
3454 3454
3455 3455
3456 2943
3457 3457
3458 5280
3459 3459
3460 3460
3461 3461
3462 3462
3463 1706
3464 3464
3465 3465
3466 3466
3467 3467
3468 2296
3469 3469
3470 3470
3471 3471
3472 3472
3473 3473
3474 3474
3475 3475
3476 3476
3477 3477
3478 3478
3479 3479
3480 3480
3481 3481
3482 3482
3483 3483
3484 3484
3485 3485
3486 3486
3487 3487
3488 3488
3489 3489
3490 3490
3491 3491
3492 3492
3493 3493
3494 3494
3495 3495
3496 3496
3497 3497
3498 3498
3499 3499
3500 33
3501 3501
3502 3502
3503 3503
3504 3504
3505 3505
3506 3505
3507 3507
3508 3508
3509 3509
3510 3510
3511 3511
3512 3512
3513 3513
3514 3514
3515 3515
3516 3516
3517 3517
3518 3518
3519 3519
3520 3520
3521 3521
3522 3522
3523 3523
3524 3524
3525 3525
3526 3526
3527 3527
3528 3528
3529 3529
3530 3530
3531 3531
3532 3532
3533 3533
3534 3534
3535 3535
3536 2610
3537 3537
3538 3538
3539 3539
3540 3540
3541 3541
3542 3542
3543 3543
3544 3544
3545 3545
3546 3546
3547 3547
3548 3548
3549 3549
3550 3550
3551 3551
3552 3552
3553 3553
3554 3554
3555 3555
3556 3556
3557 3557
3558 3558
3559 3559
3560 3560
3561 3561
3562 3562
3563 3563
3564 3563
3565 3565
3566 3566
3567 3567
3568 3568
3569 3436
3570 3570
3571 3571
3572 3572
3573 3573
3574 3574
3575 3575
3576 3576
3577 3577
3578 3578
3579 3579
3580 3580
3581 3581
3582 3582
3583 3583
3584 3584
3585 3585
3586 3586
3587 3587
3588 3588
3589 3589
3590 3590
3591 3590
3592 3592
3593 3593
3594 3594
3595 3595
3596 3596
3597 3597
3598 3598
3599 3599
3600 3600
3601 3601
3602 3602
3603 3603
3604 3604
3605 3605
3606 3606
3607 3607
3608 3608
3609 3609
3610 3610
3611 3111
3612 3612
3613 3613
3614 3615
3615 3615
3616 3615
3617 3617
3618 3618
3619 3619
3620 3620
3621 3621
3622 3622
3623 3623
3624 3624
3625 3625
3626 1503
3627 3627
3628 3628
3629 3629
3630 3630
3631 3631
3632 3632
3633 3633
3634 3634
3635 3636
3636 3636
3637 3637
3638 3638
3639 3639
3640 3640
3641 3641
3642 3642
3643 3643
3644 3644
3645 3645
3646 5067
3647 3647
3648 3648
3649 3649
3650 3650
3651 3651
3652 5045
3653 5045
3654 2929
3655 3655
3656 3656
3657 3657
3658 3658
3659 3659
3660 3660
3661 3661
3662 2941
3663 3663
3664 3664
3665 3665
3666 3666
3667 3667
3668 3668
3669 3669
3670 3670
3671 3671
3672 3672
3673 3673
3674 3033
3675 3675
3676 7417
3677 3677
3678 2638
3679 3679
3680 3680
3681 3681
3682 3682
3683 3683
3684 3684
3685 2992
3686 3686
3687 3687
3688 3688
3689 3689
3690 3690
3691 3691
3692 1606
3693 2864
3694 3694
3695 3695
3696 3696
3697 3697
3698 3698
3699 1518
3700 3700
3701 3033
3702 3702
3703 3703
3704 3704
3705 3704
3706 3706
3707 3707
3708 1173
3709 1173
3710 1173
3711 3711
3712 3712
3713 3713
3714 3714
3715 3715
3716 3716
3717 3717
3718 3718
3719 3719
3720 5039
3721 3721
3722 3722
3723 5085
3724 3724
3725 3725
3726 3726
3727 3727
3728 5066
3729 3729
3730 3730
3731 3731
3732 3732
3733 5284
3734 5162
3735 3735
3736 3737
3737 3737
3738 3738
3739 3739
3740 3740
3741 3741
3742 5098
3743 3743
3744 3744
3745 3745
3746 3746
3747 5281
3748 5281
3749 3749
3750 3750
3751 3751
3752 3752
3753 5036
3754 3754
3755 3755
3756 2283
3757 3757
3758 3758
3759 3759
3760 980
3761 3761
3762 3762
3763 3763
3764 3764
3765 3765
3766 3765
3767 3767
3768 3767
3769 3769
3770 3770
3771 3771
3772 3772
3773 3773
3774 3774
3775 3775
3776 3776
3777 1360
3778 3778
3779 1032
3780 666
3781 3781
3782 3782
3783 3892
3784 3784
3785 3785
3786 3786
3787 3787
3788 3788
3789 3789
3790 3790
3791 3791
3792 3792
3793 3793
3794 3794
3795 3795
3796 3796
3797 3797
3798 3798
3799 3799
3800 3800
3801 1431
3802 2129
3803 3803
3804 3804
3805 265
3806 3806
3807 601
3808 3808
3809 3809
3810 3810
3811 3811
3812 3812
3813 3812
3814 3814
3815 3815
3816 3816
3817 3817
3818 3818
3819 1635
3820 1635
3821 1635
3822 3822
3823 735
3824 2514
3825 2530
3826 274
3827 3827
3828 3828
3829 2353
3830 3830
3831 3831
3832 3832
3833 3833
3834 3834
3835 730
3836 3836
3837 75
3838 3838
3839 3839
3840 3120
3841 3841
3842 3843
3843 3843
3844 3125
3845 3125
3846 3846
3847 2257
3848 3848
3849 3849
3850 3129
3851 3851
3852 714
3853 3853
3854 3854
3855 3855
3856 3856
3857 554
3858 83
3859 2921
3860 3860
3861 3861
3862 3862
3863 3863
3864 3864
3865 478
3866 3866
3867 3867
3868 3868
3869 3869
3870 3870
3871 1736
3872 5316
3873 1904
3874 792
3875 5145
3876 3876
3877 2759
3878 3878
3879 3879
3880 3880
3881 3881
3882 3882
3883 5015
3884 3884
3885 5015
3886 5203
3887 1502
3888 3888
3889 3889
3890 3890
3891 3891
3892 3892
3893 3583
3894 3894
3895 3895
3896 3896
3897 3897
3898 3898
3899 552
3900 3900
3901 3901
3902 3902
3903 3846
3904 3904
3905 3905
3906 3906
3907 3907
3908 3908
3909 3909
3910 3910
3911 3911
3912 3912
3913 3913
3914 3914
3915 3915
3916 5184
3917 3917
3918 3918
3919 3919
3920 5027
3921 5027
3922 3922
3923 3923
3924 3924
3925 5195
3926 3926
3927 3927
3928 3928
3929 3929
3930 3930
3931 3931
3932 3932
3933 3933
3934 1016
3935 3935
3936 3936
3937 5230
3938 3938
3939 3939
3940 3939
3941 3941
3942 1340
3943 3943
3944 3944
3945 2308
3946 454
3947 3947
3948 468
3949 3949
3950 3148
3951 2057
3952 3952
3953 3953
3954 1576
3955 2451
3956 2016
3957 3957
3958 1843
3959 2560
3960 2613
3961 3961
3962 3962
3963 3963
3964 3964
3965 3965
3966 3966
3967 3967
3968 3968
3969 3969
3970 3970
3971 3971
3972 3972
3973 3973
3974 3974
3975 3975
3976 3976
3977 3977
3978 3978
3979 2965
3980 3980
3981 3981
3982 3982
3983 3983
3984 3984
3985 3985
3986 3986
3987 3987
3988 3988
3989 3989
3990 3990
3991 3991
3992 3992
3993 3993
3994 3993
3995 3995
3996 3996
3997 3997
3998 3998
3999 3999
4000 4000
4001 4000
4002 4002
4003 4003
4004 4004
4005 4005
4006 4006
4007 4007
4008 4008
4009 4009
4010 4010
4011 4011
4012 4012
4013 4013
4014 4014
4015 4015
4016 4015
4017 4017
4018 4018
4019 4019
4020 4020
4021 4021
4022 4022
4023 4023
4024 4024
4025 4025
4026 4026
4027 4027
4028 4028
4029 4029
4030 4030
4031 4031
4032 4032
4033 4033
4034 4034
4035 4035
4036 3411
4037 6174
4038 4038
4039 4039
4040 4040
4041 4041
4042 4042
4043 4043
4044 2115
4045 4045
4046 4046
4047 4047
4048 4048
4049 4049
4050 4050
4051 6518
4052 4052
4053 4053
4054 4054
4055 4055
4056 4056
4057 4057
4058 4058
4059 4059
4060 4060
4061 4061
4062 4062
4063 4063
4064 4064
4065 4064
4066 3054
4067 4067
4068 4068
4069 4069
4070 4070
4071 4071
4072 4072
4073 8215
4074 4074
4075 4075
4076 4076
4077 4077
4078 4078
4079 4079
4080 4080
4081 4081
4082 4082
4083 4083
4084 4084
4085 4085
4086 4086
4087 4087
4088 4088
4089 4089
4090 4090
4091 4091
4092 4092
4093 4093
4094 4094
4095 4095
4096 4096
4097 4097
4098 4098
4099 4099
4100 4100
4101 4101
4102 4102
4103 4103
4104 4104
4105 4105
4106 56
4107 4107
4108 4108
4109 4109
4110 4110
4111 4111
4112 4112
4113 3107
4114 4114
4115 4115
4116 4116
4117 4117
4118 4118
4119 4119
4120 4120
4121 4121
4122 151
4123 4123
4124 4124
4125 4125
4126 4126
4127 4127
4128 4128
4129 4129
4130 4130
4131 4131
4132 4132
4133 4133
4134 4134
4135 4135
4136 4136
4137 4137
4138 4138
4139 4139
4140 4140
4141 4141
4142 4142
4143 4143
4144 4144
4145 4145
4146 4146
4147 4147
4148 4148
4149 4149
4150 4150
4151 4151
4152 3473
4153 4153
4154 4154
4155 2903
4156 4156
4157 4157
4158 4157
4159 4157
4160 4157
4161 4161
4162 4162
4163 4163
4164 4163
4165 4163
4166 4166
4167 4167
4168 4168
4169 4169
4170 4170
4171 4171
4172 4172
4173 4173
4174 4174
4175 4175
4176 4176
4177 4177
4178 4178
4179 4179
4180 4180
4181 4181
4182 4182
4183 4183
4184 4184
4185 4185
4186 4186
4187 4187
4188 4188
4189 4189
4190 4190
4191 4191
4192 4192
4193 4193
4194 7343
4195 4195
4196 4196
4197 4197
4198 4198
4199 4199
4200 4200
4201 4201
4202 4202
4203 4203
4204 4204
4205 4205
4206 4206
4207 4207
4208 4208
4209 4208
4210 4208
4211 4211
4212 4208
4213 4213
4214 4214
4215 4215
4216 4216
4217 4217
4218 4218
4219 4218
4220 4220
4221 4221
4222 4222
4223 4223
4224 1815
4225 4225
4226 4225
4227 3185
4228 4228
4229 3184
4230 4230
4231 2948
4232 4232
4233 4233
4234 2974
4235 4235
4236 4236
4237 4237
4238 3283
4239 3224
4240 1727
4241 3300
4242 3265
4243 4243
4244 4244
4245 4245
4246 4246
4247 4246
4248 4248
4249 4243
4250 3300
4251 4251
4252 4252
4253 4253
4254 4254
4255 4255
4256 3301
4257 4257
4258 3258
4259 4259
4260 3264
4261 4261
4262 2606
4263 4263
4264 4264
4265 4265
4266 4266
4267 4267
4268 4268
4269 2856
4270 3249
4271 4271
4272 146
4273 4273
4274 4273
4275 2721
4276 4276
4277 4277
4278 4278
4279 3283
4280 4280
4281 4281
4282 4282
4283 4243
4284 4284
4285 4278
4286 4286
4287 4287
4288 4288
4289 3221
4290 3285
4291 4291
4292 4292
4293 4293
4294 7241
4295 2786
4296 4296
4297 4297
4298 4298
4299 4299
4300 1651
4301 402
4302 4302
4303 4303
4304 4304
4305 441
4306 423
4307 183
4308 4308
4309 4309
4310 3325
4311 4311
4312 4312
4313 902
4314 4314
4315 4315
4316 4316
4317 4317
4318 555
4319 4319
4320 4320
4321 4321
4322 4322
4323 4322
4324 4324
4325 4325
4326 4326
4327 4327
4328 4328
4329 4329
4330 4330
4331 4331
4332 4332
4333 4333
4334 4334
4335 4335
4336 4336
4337 4336
4338 245
4339 4339
4340 4340
4341 4341
4342 4342
4343 1445
4344 4344
4345 4344
4346 4346
4347 367
4348 4348
4349 4349
4350 4350
4351 4351
4352 4352
4353 1677
4354 4354
4355 4355
4356 254
4357 4357
4358 4358
4359 4359
4360 4017
4361 4361
4362 4362
4363 4362
4364 3526
4365 4365
4366 4366
4367 4367
4368 4367
4369 4369
4370 4370
4371 4371
4372 3686
4373 3612
4374 4374
4375 4375
4376 4376
4377 4377
4378 4378
4379 3666
4380 4380
4381 4381
4382 4382
4383 4383
4384 4384
4385 4385
4386 4386
4387 4387
4388 5475
4389 4389
4390 4390
4391 4391
4392 4480
4393 4393
4394 4393
4395 4395
4396 1632
4397 4397
4398 4398
4399 4399
4400 2053
4401 4401
4402 4402
4403 4403
4404 4404
4405 4405
4406 4406
4407 4407
4408 4408
4409 4409
4410 4410
4411 6380
4412 4412
4413 4413
4414 4414
4415 4415
4416 4416
4417 4417
4418 4418
4419 6273
4420 4420
4421 4421
4422 4422
4423 6277
4424 4424
4425 4425
4426 4426
4427 6282
4428 6283
4429 1740
4430 4430
4431 4431
4432 4432
4433 4433
4434 3878
4435 4435
4436 4436
4437 4437
4438 4438
4439 1986
4440 4440
4441 4441
4442 4442
4443 4443
4444 4444
4445 4445
4446 5203
4447 1528
4448 5918
4449 4449
4450 4450
4451 99
4452 4452
4453 4453
4454 4454
4455 4455
4456 4456
4457 4457
4458 4458
4459 95
4460 4460
4461 4461
4462 4462
4463 3996
4464 4464
4465 4465
4466 4466
4467 4467
4468 4468
4469 3243
4470 4470
4471 4311
4472 4472
4473 4473
4474 4474
4475 4475
4476 4476
4477 4477
4478 7715
4479 4479
4480 4480
4481 4481
4482 4482
4483 4483
4484 4484
4485 4485
4486 4486
4487 4487
4488 4487
4489 3867
4490 4490
4491 4491
4492 4492
4493 4493
4494 4494
4495 4495
4496 4496
4497 4497
4498 4498
4499 4499
4500 4500
4501 4501
4502 4502
4503 4503
4504 4504
4505 4505
4506 5385
4507 3051
4508 4508
4509 4509
4510 4510
4511 4511
4512 4512
4513 4513
4514 4514
4515 4515
4516 4516
4517 4517
4518 4518
4519 4519
4520 4520
4521 4521
4522 4522
4523 4523
4524 4524
4525 4525
4526 4526
4527 4527
4528 4528
4529 4529
4530 4530
4531 4531
4532 4532
4533 4533
4534 6284
4535 4535
4536 4536
4537 4537
4538 6285
4539 4539
4540 4540
4541 4541
4542 4485
4543 4543
4544 4544
4545 4545
4546 5203
4547 2094
4548 4548
4549 4549
4550 4550
4551 3174
4552 4552
4553 4553
4554 4554
4555 4555
4556 4556
4557 4557
4558 4558
4559 4070
4560 4560
4561 4561
4562 4562
4563 4563
4564 4564
4565 229
4566 4566
4567 4567
4568 4568
4569 4569
4570 4570
4571 4571
4572 4572
4573 4573
4574 4574
4575 4575
4576 4573
4577 4577
4578 3480
4579 4579
4580 4580
4581 4581
4582 4582
4583 4583
4584 4584
4585 3965
4586 751
4587 4587
4588 3479
4589 4589
4590 4581
4591 4591
4592 4592
4593 4593
4594 4594
4595 4595
4596 4596
4597 91
4598 4598
4599 4599
4600 4600
4601 4601
4602 4602
4603 4603
4604 3235
4605 4605
4606 4606
4607 4607
4608 4608
4609 317
4610 317
4611 4611
4612 4612
4613 3250
4614 3262
4615 3307
4616 549
4617 4617
4618 4618
4619 4619
4620 4620
4621 185
4622 4622
4623 4623
4624 6972
4625 6972
4626 4626
4627 4627
4628 4628
4629 4629
4630 4630
4631 4631
4632 4632
4633 4632
4634 4634
4635 4635
4636 4636
4637 4637
4638 4638
4639 4639
4640 4640
4641 4641
4642 4642
4643 4643
4644 4644
4645 4645
4646 4646
4647 4647
4648 4648
4649 6308
4650 4650
4651 4651
4652 4651
4653 4653
4654 4654
4655 4655
4656 4601
4657 4657
4658 4601
4659 1680
4660 4660
4661 3696
4662 4662
4663 4663
4664 4664
4665 4665
4666 4666
4667 4667
4668 4668
4669 4669
4670 4670
4671 4671
4672 4672
4673 4673
4674 4674
4675 4675
4676 4676
4677 4677
4678 4678
4679 1223
4680 2266
4681 4681
4682 4682
4683 4683
4684 4684
4685 4685
4686 4686
4687 6714
4688 4688
4689 4688
4690 4690
4691 4691
4692 4692
4693 6026
4694 4694
4695 4695
4696 4696
4697 4697
4698 4697
4699 4699
4700 6739
4701 4701
4702 4702
4703 4702
4704 4704
4705 4705
4706 4706
4707 4707
4708 2593
4709 4709
4710 4710
4711 4711
4712 4712
4713 4712
4714 4714
4715 4715
4716 4716
4717 1980
4718 4718
4719 4719
4720 4720
4721 4720
4722 4722
4723 2982
4724 2869
4725 3782
4726 4726
4727 1721
4728 4728
4729 2931
4730 1626
4731 4731
4732 4732
4733 3789
4734 2865
4735 2357
4736 4736
4737 4737
4738 3101
4739 4739
4740 654
4741 3105
4742 4742
4743 4743
4744 3117
4745 3118
4746 4746
4747 3843
4748 4748
4749 4749
4750 4750
4751 4750
4752 4752
4753 4753
4754 4754
4755 4755
4756 4756
4757 1254
4758 1517
4759 992
4760 869
4761 3143
4762 1418
4763 4763
4764 4764
4765 4765
4766 606
4767 765
4768 227
4769 200
4770 2694
4771 1672
4772 1638
4773 4773
4774 4774
4775 4775
4776 4776
4777 4777
4778 4778
4779 4779
4780 4780
4781 4781
4782 4782
4783 4783
4784 4784
4785 4785
4786 4786
4787 4787
4788 4788
4789 4789
4790 4790
4791 3492
4792 4792
4793 4793
4794 4794
4795 4795
4796 4796
4797 4797
4798 4798
4799 4799
4800 4800
4801 4801
4802 4802
4803 4803
4804 4804
4805 4805
4806 4806
4807 4807
4808 4808
4809 4809
4810 4170
4811 4811
4812 4812
4813 4813
4814 4202
4815 4815
4816 4816
4817 4817
4818 129
4819 4819
4820 1072
4821 1855
4822 4822
4823 4823
4824 4824
4825 4825
4826 4826
4827 4827
4828 7139
4829 4829
4830 4830
4831 6754
4832 4832
4833 4833
4834 4834
4835 4778
4836 4836
4837 4837
4838 4838
4839 4839
4840 4840
4841 4841
4842 4834
4843 4843
4844 637
4845 4845
4846 4846
4847 4847
4848 4432
4849 4849
4850 4850
4851 4851
4852 1462
4853 4853
4854 4854
4855 4855
4856 7241
4857 4834
4858 4573
4859 4859
4860 4860
4861 4861
4862 4862
4863 1611
4864 4864
4865 5803
4866 4573
4867 4867
4868 4926
4869 4869
4870 4870
4871 4871
4872 4872
4873 4873
4874 4335
4875 4466
4876 4876
4877 4877
4878 4878
4879 4879
4880 4880
4881 4881
4882 175
4883 4883
4884 4884
4885 3367
4886 4886
4887 4887
4888 175
4889 6573
4890 4890
4891 4891
4892 4892
4893 591
4894 4894
4895 4895
4896 4896
4897 4897
4898 4898
4899 4899
4900 4900
4901 4834
4902 4902
4903 4903
4904 4904
4905 4905
4906 4906
4907 4907
4908 4244
4909 4909
4910 4910
4911 4366
4912 4912
4913 4913
4914 4914
4915 4125
4916 4916
4917 3557
4918 4918
4919 3594
4920 4920
4921 4921
4922 4200
4923 2884
4924 4924
4925 4925
4926 4926
4927 4927
4928 4928
4929 4929
4930 4930
4931 4931
4932 3843
4933 4933
4934 1884
4935 2936
4936 2937
4937 2938
4938 2007
4939 2451
4940 1545
4941 3957
4942 1485
4943 4943
4944 3174
4945 4550
4946 3176
4947 3179
4948 4552
4949 4553
4950 3966
4951 1528
4952 3973
4953 3974
4954 3481
4955 4955
4956 4956
4957 4957
4958 4958
4959 4959
4960 4960
4961 4961
4962 4962
4963 4963
4964 4964
4965 4965
4966 4966
4967 4967
4968 4968
4969 4569
4970 2961
4971 4583
4972 4580
4973 4582
4974 4974
4975 4454
4976 4976
4977 4977
4978 4978
4979 4979
4980 4980
4981 4981
4982 4982
4983 4983
4984 4984
4985 4985
4986 4601
4987 4987
4988 4904
4989 4468
4990 4990
4991 4470
4992 4992
4993 4993
4994 4994
4995 4995
4996 4871
4997 1512
4998 4998
4999 4999
5000 5000
5001 5001
5002 5001
5003 4871
5004 5004
5005 4678
5006 5006
5007 5007
5008 5008
5009 5009
5010 5010
5011 3636
5012 3890
5013 3649
5014 3625
5015 5015
5016 3732
5017 5017
5018 4442
5019 3846
5020 5020
5021 5021
5022 2722
5023 3752
5024 3791
5025 5025
5026 3628
5027 5027
5028 4587
5029 3727
5030 4436
5031 3661
5032 5032
5033 5033
5034 5034
5035 861
5036 5036
5037 5175
5038 5038
5039 5039
5040 3791
5041 5041
5042 3691
5043 5043
5044 3459
5045 5045
5046 5046
5047 4984
5048 5048
5049 3935
5050 3634
5051 5051
5052 5052
5053 5025
5054 4853
5055 5055
5056 5056
5057 3207
5058 5058
5059 5059
5060 5060
5061 5061
5062 3647
5063 4386
5064 3900
5065 5065
5066 5066
5067 5067
5068 5068
5069 3627
5070 1904
5071 3896
5072 3638
5073 5073
5074 4962
5075 3936
5076 5076
5077 3926
5078 2899
5079 3644
5080 3470
5081 5081
5082 5082
5083 3731
5084 1582
5085 5085
5086 3904
5087 3629
5088 5088
5089 3658
5090 404
5091 3009
5092 3651
5093 4438
5094 5094
5095 5095
5096 3905
5097 4467
5098 5098
5099 5099
5100 5100
5101 3749
5102 3891
5103 5103
5104 5020
5105 5105
5106 5106
5107 5107
5108 3466
5109 3735
5110 3632
5111 3930
5112 4441
5113 3876
5114 3941
5115 3908
5116 4251
5117 5117
5118 5065
5119 5119
5120 5120
5121 5281
5122 3927
5123 3636
5124 3175
5125 5125
5126 5126
5127 3791
5128 3642
5129 4437
5130 3645
5131 3631
5132 3892
5133 2989
5134 3737
5135 3746
5136 3866
5137 5203
5138 312
5139 3624
5140 5140
5141 3099
5142 3085
5143 3895
5144 5144
5145 5145
5146 274
5147 3726
5148 5148
5149 3341
5150 560
5151 3915
5152 3878
5153 3929
5154 5154
5155 5155
5156 3869
5157 3722
5158 5158
5159 5159
5160 5160
5161 5161
5162 5162
5163 3018
5164 752
5165 3094
5166 3364
5167 5167
5168 3660
5169 3938
5170 5170
5171 2204
5172 5172
5173 3907
5174 3719
5175 5175
5176 3461
5177 3471
5178 3939
5179 5179
5180 3851
5181 5181
5182 2971
5183 3897
5184 5184
5185 5185
5186 3879
5187 5167
5188 5188
5189 3739
5190 5190
5191 2903
5192 3721
5193 3914
5194 5007
5195 5195
5196 5196
5197 3641
5198 3656
5199 3745
5200 3460
5201 3931
5202 5202
5203 5203
5204 5204
5205 3924
5206 3870
5207 3665
5208 5208
5209 5209
5210 5210
5211 3902
5212 5015
5213 3878
5214 3467
5215 5215
5216 3741
5217 5217
5218 3737
5219 3696
5220 5045
5221 5221
5222 3901
5223 3918
5224 3070
5225 3906
5226 2201
5227 3639
5228 861
5229 5105
5230 5230
5231 4444
5232 3100
5233 3888
5234 5234
5235 3939
5236 3346
5237 4872
5238 5238
5239 5239
5240 3843
5241 5241
5242 5242
5243 3454
5244 4440
5245 3740
5246 3912
5247 5015
5248 5248
5249 4832
5250 5250
5251 3750
5252 5252
5253 3633
5254 1343
5255 3119
5256 3718
5257 5257
5258 3791
5259 5259
5260 4749
5261 3776
5262 5262
5263 2876
5264 3843
5265 5265
5266 3657
5267 3791
5268 5268
5269 3878
5270 5270
5271 5271
5272 3922
5273 3932
5274 3863
5275 3690
5276 3933
5277 3882
5278 1711
5279 3911
5280 5280
5281 5281
5282 5282
5283 3457
5284 5284
5285 5285
5286 4458
5287 5287
5288 5288
5289 5976
5290 5290
5291 1816
5292 5292
5293 5293
5294 5294
5295 5295
5296 5296
5297 5297
5298 5298
5299 5299
5300 4601
5301 5301
5302 5302
5303 5303
5304 5304
5305 5305
5306 5306
5307 5307
5308 5308
5309 5308
5310 3759
5311 5311
5312 5312
5313 5313
5314 5314
5315 3868
5316 5316
5317 1986
5318 3894
5319 3889
5320 4441
5321 3917
5322 5027
5323 3923
5324 5324
5325 3928
5326 3867
5327 4443
5328 5100
5329 5329
5330 5330
5331 2940
5332 3961
5333 5333
5334 5334
5335 5335
5336 3180
5337 5337
5338 5338
5339 5339
5340 5340
5341 3181
5342 5342
5343 5343
5344 5344
5345 5345
5346 5346
5347 5347
5348 5348
5349 5349
5350 5350
5351 5351
5352 5352
5353 5353
5354 5354
5355 5355
5356 5356
5357 5357
5358 5358
5359 5359
5360 5360
5361 4288
5362 5362
5363 3322
5364 5364
5365 4312
5366 3344
5367 5367
5368 5368
5369 3397
5370 5370
5371 5371
5372 5371
5373 5371
5374 5374
5375 5375
5376 5376
5377 5377
5378 5378
5379 5379
5380 5380
5381 4401
5382 5382
5383 4402
5384 5384
5385 5385
5386 5386
5387 5387
5388 5388
5389 5389
5390 5390
5391 5391
5392 5392
5393 5393
5394 6036
5395 5395
5396 5396
5397 5217
5398 5465
5399 5399
5400 5400
5401 5401
5402 3517
5403 5403
5404 5154
5405 5405
5406 5406
5407 5407
5408 5408
5409 5409
5410 3522
5411 5411
5412 4153
5413 5413
5414 5414
5415 5416
5416 5416
5417 5417
5418 4579
5419 5419
5420 5428
5421 5154
5422 5422
5423 4465
5424 4905
5425 5950
5426 4584
5427 5427
5428 5428
5429 5429
5430 5430
5431 5431
5432 5432
5433 5433
5434 5434
5435 5435
5436 5435
5437 4085
5438 5438
5439 5316
5440 4118
5441 5441
5442 5442
5443 5443
5444 4435
5445 5445
5446 2028
5447 5447
5448 5448
5449 6287
5450 5450
5451 3725
5452 5452
5453 5453
5454 5454
5455 5455
5456 5456
5457 5457
5458 3362
5459 5459
5460 5460
5461 5461
5462 5462
5463 5463
5464 5464
5465 5465
5466 5466
5467 4584
5468 5468
5469 7241
5470 3919
5471 5471
5472 5472
5473 6647
5474 3619
5475 5475
5476 4391
5477 5477
5478 5478
5479 5479
5480 4960
5481 5481
5482 5482
5483 4468
5484 5484
5485 5485
5486 4924
5487 5487
5488 5488
5489 5489
5490 5490
5491 98
5492 1683
5493 1276
5494 2056
5495 5495
5496 2234
5497 5497
5498 5498
5499 5499
5500 5500
5501 5501
5502 5502
5503 5503
5504 5504
5505 5505
5506 5506
5507 1775
5508 5508
5509 5509
5510 5510
5511 5511
5512 944
5513 2758
5514 5514
5515 5515
5516 5516
5517 5517
5518 5518
5519 5519
5520 5520
5521 5521
5522 5522
5523 1941
5524 2664
5525 1682
5526 1236
5527 4644
5528 5528
5529 2824
5530 3036
5531 976
5532 5532
5533 1183
5534 1818
5535 1288
5536 1255
5537 1168
5538 1402
5539 2518
5540 1763
5541 2836
5542 1866
5543 1239
5544 1500
5545 1500
5546 1953
5547 5547
5548 5548
5549 5549
5550 5550
5551 5551
5552 5552
5553 5553
5554 5554
5555 5555
5556 5556
5557 5557
5558 5558
5559 5559
5560 5560
5561 5562
5562 5562
5563 5563
5564 5564
5565 5565
5566 1223
5567 5567
5568 1173
5569 5569
5570 5570
5571 5571
5572 5572
5573 5573
5574 5574
5575 5575
5576 5576
5577 5577
5578 5578
5579 5579
5580 5580
5581 5581
5582 5582
5583 5583
5584 5584
5585 5585
5586 5586
5587 5587
5588 5588
5589 5589
5590 5590
5591 5591
5592 5592
5593 5593
5594 6855
5595 5595
5596 2804
5597 5597
5598 2634
5599 1686
5600 2108
5601 2108
5602 5836
5603 5603
5604 5604
5605 5605
5606 5606
5607 5607
5608 5608
5609 5609
5610 5610
5611 5611
5612 3445
5613 3138
5614 2467
5615 1254
5616 5333
5617 689
5618 5618
5619 4380
5620 5620
5621 5465
5622 5622
5623 927
5624 1986
5625 5625
5626 3898
5627 5627
5628 5628
5629 5629
5630 5564
5631 5631
5632 5632
5633 5633
5634 5634
5635 5635
5636 5636
5637 5637
5638 5638
5639 5639
5640 5640
5641 5641
5642 5642
5643 5643
5644 5644
5645 5645
5646 3192
5647 5647
5648 5647
5649 5647
5650 5650
5651 5651
5652 5652
5653 5653
5654 4462
5655 6659
5656 4877
5657 5657
5658 5658
5659 4259
5660 4990
5661 5661
5662 5662
5663 5597
5664 5664
5665 5665
5666 5666
5667 4798
5668 5668
5669 3206
5670 5670
5671 4798
5672 5672
5673 5673
5674 5674
5675 5675
5676 5676
5677 4955
5678 5678
5679 4569
5680 5680
5681 5681
5682 5682
5683 4573
5684 5684
5685 5685
5686 5642
5687 5687
5688 4982
5689 5653
5690 4883
5691 4886
5692 5692
5693 5693
5694 5694
5695 2593
5696 2472
5697 5697
5698 5698
5699 5699
5700 954
5701 5701
5702 5702
5703 5703
5704 5705
5705 5705
5706 5706
5707 5707
5708 5708
5709 5709
5710 5710
5711 5711
5712 5712
5713 5713
5714 2805
5715 5715
5716 5528
5717 5717
5718 5718
5719 1456
5720 1500
5721 5721
5722 5722
5723 5723
5724 1524
5725 5725
5726 9085
5727 5727
5728 5728
5729 5729
5730 5730
5731 5684
5732 1851
5733 5733
5734 5734
5735 5735
5736 5736
5737 5737
5738 5737
5739 5741
5740 5741
5741 5741
5742 5742
5743 5743
5744 5744
5745 5745
5746 5746
5747 5747
5748 5748
5749 5749
5750 5750
5751 5751
5752 5752
5753 5752
5754 5754
5755 5755
5756 5756
5757 5757
5758 5758
5759 5759
5760 5759
5761 5761
5762 5762
5763 1661
5764 5764
5765 5765
5766 5766
5767 5767
5768 5768
5769 5769
5770 5770
5771 5771
5772 2187
5773 1148
5774 4440
5775 3898
5776 4775
5777 4776
5778 5778
5779 5779
5780 5780
5781 5781
5782 5782
5783 5783
5784 5784
5785 5785
5786 5786
5787 5787
5788 5788
5789 5789
5790 5790
5791 5791
5792 5792
5793 5353
5794 7158
5795 5795
5796 5796
5797 5797
5798 5798
5799 4864
5800 5800
5801 5801
5802 5653
5803 5803
5804 5804
5805 5805
5806 5806
5807 5807
5808 5808
5809 5809
5810 5810
5811 4871
5812 5812
5813 5813
5814 5814
5815 844
5816 5816
5817 5817
5818 5818
5819 5819
5820 5820
5821 5715
5822 5822
5823 2801
5824 1348
5825 2586
5826 1668
5827 5827
5828 5828
5829 5829
5830 1338
5831 6667
5832 5832
5833 5833
5834 5834
5835 5835
5836 5836
5837 5837
5838 5838
5839 5839
5840 5840
5841 5841
5842 2151
5843 2498
5844 5844
5845 2452
5846 5846
5847 5847
5848 7019
5849 5849
5850 5850
5851 1500
5852 5852
5853 5853
5854 5854
5855 5855
5856 1223
5857 5857
5858 5858
5859 5859
5860 6370
5861 5861
5862 5862
5863 5863
5864 5864
5865 5865
5866 5866
5867 2608
5868 5868
5869 5869
5870 5870
5871 5447
5872 5872
5873 4716
5874 5874
5875 5875
5876 5876
5877 5877
5878 5282
5879 5879
5880 5880
5881 5881
5882 5882
5883 5883
5884 45
5885 5885
5886 5886
5887 5887
5888 5888
5889 5889
5890 5890
5891 5891
5892 5892
5893 5893
5894 3554
5895 5895
5896 5896
5897 6551
5898 5898
5899 4778
5900 5900
5901 5901
5902 4453
5903 5903
5904 4981
5905 5905
5906 5906
5907 5907
5908 5908
5909 3312
5910 5910
5911 4327
5912 5912
5913 5913
5914 5913
5915 5915
5916 4340
5917 3405
5918 5918
5919 5918
5920 5918
5921 5918
5922 5922
5923 535
5924 5924
5925 5925
5926 5926
5927 5927
5928 5928
5929 5929
5930 5930
5931 5931
5932 5932
5933 6594
5934 5934
5935 5935
5936 5936
5937 5937
5938 5618
5939 5939
5940 5940
5941 5941
5942 5638
5943 4581
5944 5944
5945 4905
5946 5427
5947 5947
5948 5948
5949 5949
5950 5950
5951 5008
5952 5952
5953 5953
5954 5954
5955 5955
5956 5956
5957 5957
5958 1485
5959 5510
5960 5960
5961 1129
5962 843
5963 5963
5964 5964
5965 5965
5966 5966
5967 5967
5968 5294
5969 5287
5970 6894
5971 5971
5972 5972
5973 2664
5974 5974
5975 5475
5976 5976
5977 5977
5978 5295
5979 5979
5980 5980
5981 7862
5982 5296
5983 5296
5984 5984
5985 5985
5986 6902
5987 5900
5988 5988
5989 5989
5990 5990
5991 5991
5992 5992
5993 5528
5994 5994
5995 1453
5996 5996
5997 5997
5998 5998
5999 5999
6000 6000
6001 6001
6002 6002
6003 6003
6004 6004
6005 6005
6006 6006
6007 6918
6008 6742
6009 6009
6010 4401
6011 5303
6012 5382
6013 6013
6014 6014
6015 5307
6016 6016
6017 6017
6018 6018
6019 5385
6020 4402
6021 6021
6022 6022
6023 6023
6024 6024
6025 6025
6026 6026
6027 6027
6028 6028
6029 6029
6030 6030
6031 6031
6032 6945
6033 6033
6034 6034
6035 5393
6036 6036
6037 6036
6038 6038
6039 6039
6040 6040
6041 6041
6042 6042
6043 6043
6044 6044
6045 6045
6046 5932
6047 6047
6048 6048
6049 6049
6050 6050
6051 6051
6052 6052
6053 6053
6054 6054
6055 6055
6056 6056
6057 5783
6058 6058
6059 6059
6060 6060
6061 6061
6062 6062
6063 4191
6064 4174
6065 6065
6066 6066
6067 6067
6068 5051
6069 6069
6070 6070
6071 6071
6072 3268
6073 6073
6074 6074
6075 6075
6076 1336
6077 6077
6078 6078
6079 6079
6080 6080
6081 6081
6082 6082
6083 6083
6084 8339
6085 6085
6086 3029
6087 6087
6088 2462
6089 6089
6090 5280
6091 3459
6092 6092
6093 6093
6094 6094
6095 6095
6096 6096
6097 6097
6098 6098
6099 6099
6100 6100
6101 3630
6102 6102
6103 6103
6104 6105
6105 6105
6106 6106
6107 6107
6108 3454
6109 6109
6110 6110
6111 6111
6112 6112
6113 6113
6114 3647
6115 5067
6116 6116
6117 6117
6118 3651
6119 6119
6120 3650
6121 7400
6122 7400
6123 6123
6124 3661
6125 6125
6126 6126
6127 6127
6128 5450
6129 6129
6130 1947
6131 3466
6132 5555
6133 6133
6134 9085
6135 6135
6136 6136
6137 6136
6138 3718
6139 6139
6140 3719
6141 5039
6142 3722
6143 5085
6144 6144
6145 3726
6146 6146
6147 5066
6148 6148
6149 5284
6150 5162
6151 3731
6152 6152
6153 6153
6154 5482
6155 3737
6156 3737
6157 3739
6158 3740
6159 6159
6160 3741
6161 6161
6162 6162
6163 5098
6164 6164
6165 3746
6166 5281
6167 5281
6168 6168
6169 6169
6170 6170
6171 3750
6172 5282
6173 6173
6174 6174
6175 6174
6176 6176
6177 5081
6178 6178
6179 6179
6180 6180
6181 6181
6182 6182
6183 6183
6184 6183
6185 6185
6186 6186
6187 6187
6188 6188
6189 800
6190 6190
6191 4879
6192 6192
6193 6193
6194 6194
6195 6195
6196 1008
6197 6197
6198 1669
6199 6199
6200 2231
6201 6201
6202 3314
6203 6203
6204 300
6205 6205
6206 6206
6207 6207
6208 6052
6209 6054
6210 6180
6211 6211
6212 6212
6213 6213
6214 6214
6215 6215
6216 6216
6217 6217
6218 3025
6219 6219
6220 6220
6221 6221
6222 6222
6223 6223
6224 6224
6225 6225
6226 6226
6227 6227
6228 6228
6229 6229
6230 2629
6231 6231
6232 2517
6233 1559
6234 7417
6235 6235
6236 1498
6237 2497
6238 2497
6239 6239
6240 6318
6241 6241
6242 6242
6243 6243
6244 6244
6245 6245
6246 6245
6247 6247
6248 6129
6249 1012
6250 6250
6251 6251
6252 6252
6253 6253
6254 6254
6255 6255
6256 6256
6257 6257
6258 6258
6259 6259
6260 6260
6261 6261
6262 6262
6263 4522
6264 4413
6265 4414
6266 4415
6267 4528
6268 6268
6269 6269
6270 4526
6271 4527
6272 4418
6273 6273
6274 4529
6275 4531
6276 6276
6277 6277
6278 4532
6279 6279
6280 4424
6281 4425
6282 6282
6283 6283
6284 6284
6285 6285
6286 4431
6287 6287
6288 7139
6289 6289
6290 4574
6291 5453
6292 6292
6293 5666
6294 6294
6295 6295
6296 6296
6297 6214
6298 6298
6299 6299
6300 6300
6301 6301
6302 6302
6303 6303
6304 6304
6305 6305
6306 7006
6307 7008
6308 6308
6309 6309
6310 6310
6311 6311
6312 6312
6313 6313
6314 6314
6315 6315
6316 6315
6317 6315
6318 6318
6319 6319
6320 6320
6321 6321
6322 6322
6323 6323
6324 1874
6325 9085
6326 9085
6327 7028
6328 6328
6329 6083
6330 6972
6331 6972
6332 6332
6333 5827
6334 6334
6335 6335
6336 4629
6337 6337
6338 6338
6339 5832
6340 6982
6341 6982
6342 4631
6343 6343
6344 6344
6345 6345
6346 5834
6347 6347
6348 6348
6349 7715
6350 7715
6351 6351
6352 6352
6353 6353
6354 6354
6355 6355
6356 5836
6357 6357
6358 2492
6359 6359
6360 6360
6361 7036
6362 6362
6363 6363
6364 6364
6365 6365
6366 6366
6367 5857
6368 6368
6369 6369
6370 6370
6371 6370
6372 5085
6373 6373
6374 6374
6375 6375
6376 7702
6377 6377
6378 6380
6379 6380
6380 6380
6381 6381
6382 4696
6383 4699
6384 5864
6385 6385
6386 6386
6387 5865
6388 6388
6389 6389
6390 4705
6391 6391
6392 6392
6393 6334
6394 6394
6395 6395
6396 6396
6397 6397
6398 4709
6399 6399
6400 6400
6401 5872
6402 6402
6403 4533
6404 6404
6405 6405
6406 6406
6407 6407
6408 6408
6409 6409
6410 6410
6411 6411
6412 6412
6413 5334
6414 6414
6415 2948
6416 6492
6417 6417
6418 6418
6419 6419
6420 6420
6421 6421
6422 6422
6423 6423
6424 6424
6425 6425
6426 3596
6427 6427
6428 3610
6429 3184
6430 6430
6431 6431
6432 6432
6433 6433
6434 6434
6435 6435
6436 2525
6437 1009
6438 6438
6439 6439
6440 6440
6441 6441
6442 6442
6443 6443
6444 6444
6445 6445
6446 6446
6447 6447
6448 695
6449 6449
6450 3913
6451 6451
6452 6452
6453 3480
6454 3999
6455 2115
6456 6456
6457 6457
6458 6458
6459 6459
6460 5786
6461 6461
6462 6462
6463 6463
6464 6464
6465 6465
6466 6466
6467 6467
6468 6468
6469 4838
6470 4568
6471 3854
6472 6472
6473 4980
6474 6474
6475 6475
6476 6476
6477 5906
6478 4877
6479 5804
6480 6067
6481 6481
6482 5433
6483 4924
6484 9376
6485 6485
6486 6486
6487 6487
6488 3354
6489 6489
6490 6490
6491 6491
6492 6492
6493 6493
6494 6494
6495 6495
6496 6654
6497 4638
6498 6498
6499 7006
6500 7012
6501 6501
6502 7021
6503 6503
6504 6380
6505 7062
6506 7065
6507 984
6508 3884
6509 6509
6510 6510
6511 6511
6512 6512
6513 6513
6514 6514
6515 6515
6516 6516
6517 6517
6518 6518
6519 6519
6520 6520
6521 6521
6522 6178
6523 6523
6524 6524
6525 4161
6526 6526
6527 4367
6528 6528
6529 6529
6530 6530
6531 4881
6532 6532
6533 6442
6534 108
6535 5810
6536 374
6537 6537
6538 6538
6539 4871
6540 6540
6541 6541
6542 3781
6543 6543
6544 6544
6545 5952
6546 6546
6547 6547
6548 6548
6549 5803
6550 5941
6551 6551
6552 6552
6553 4860
6554 6554
6555 5810
6556 6556
6557 6557
6558 5459
6559 5175
6560 6560
6561 5567
6562 6562
6563 6563
6564 5348
6565 4123
6566 6566
6567 6567
6568 6568
6569 4981
6570 6570
6571 6571
6572 5051
6573 6573
6574 6574
6575 4584
6576 6576
6577 6577
6578 6578
6579 6579
6580 5021
6581 5874
6582 8572
6583 6583
6584 5861
6585 4595
6586 4887
6587 5368
6588 5939
6589 6589
6590 6590
6591 5419
6592 6421
6593 6593
6594 6594
6595 6192
6596 5036
6597 6597
6598 4847
6599 6599
6600 5428
6601 4460
6602 5333
6603 6557
6604 5852
6605 5478
6606 6606
6607 5416
6608 5670
6609 4873
6610 5055
6611 6611
6612 6612
6613 6613
6614 6614
6615 5061
6616 4826
6617 4886
6618 6618
6619 3530
6620 6620
6621 6621
6622 6556
6623 4464
6624 6624
6625 6625
6626 5073
6627 5416
6628 5604
6629 3470
6630 6630
6631 6631
6632 6632
6633 6633
6634 5875
6635 5479
6636 6636
6637 5103
6638 6638
6639 5653
6640 6640
6641 4716
6642 6642
6643 6643
6644 6644
6645 5481
6646 6646
6647 6647
6648 6648
6649 6649
6650 4851
6651 5428
6652 6652
6653 6653
6654 6654
6655 5940
6656 5685
6657 5603
6658 6562
6659 6659
6660 6660
6661 4926
6662 4215
6663 6663
6664 4571
6665 6665
6666 4465
6667 6667
6668 4837
6669 5681
6670 6670
6671 6647
6672 5862
6673 4211
6674 6674
6675 6675
6676 3909
6677 6677
6678 5466
6679 6679
6680 6680
6681 6681
6682 6682
6683 343
6684 6684
6685 6685
6686 6686
6687 6017
6688 6654
6689 6689
6690 4611
6691 6435
6692 6692
6693 6693
6694 2318
6695 6695
6696 6696
6697 6697
6698 6698
6699 6699
6700 6700
6701 6701
6702 6026
6703 6703
6704 6704
6705 6705
6706 6706
6707 6707
6708 6708
6709 6709
6710 6710
6711 6711
6712 3853
6713 5485
6714 6714
6715 6715
6716 6716
6717 6717
6718 6718
6719 6719
6720 3706
6721 6721
6722 6722
6723 6723
6724 6724
6725 6030
6726 6726
6727 6727
6728 6728
6729 4630
6730 6730
6731 6731
6732 6570
6733 6733
6734 6734
6735 6716
6736 6736
6737 6737
6738 6043
6739 6739
6740 6740
6741 6741
6742 6742
6743 6743
6744 4620
6745 95
6746 6746
6747 4692
6748 911
6749 6749
6750 6750
6751 4636
6752 4906
6753 6753
6754 6754
6755 6755
6756 5934
6757 6757
6758 6758
6759 4859
6760 5605
6761 6761
6762 6762
6763 6763
6764 6764
6765 4456
6766 6766
6767 6767
6768 6768
6769 5357
6770 4864
6771 5998
6772 6772
6773 6773
6774 6774
6775 1392
6776 6776
6777 6777
6778 6778
6779 6779
6780 6780
6781 6391
6782 4994
6783 6783
6784 6784
6785 6785
6786 6067
6787 6787
6788 6788
6789 6789
6790 6790
6791 6698
6792 6792
6793 5356
6794 6794
6795 6795
6796 6796
6797 5576
6798 6798
6799 1775
6800 5582
6801 5563
6802 4587
6803 5572
6804 6804
6805 5517
6806 6806
6807 6807
6808 6808
6809 5555
6810 6810
6811 5585
6812 6812
6813 5588
6814 5559
6815 5571
6816 5558
6817 6817
6818 6818
6819 5505
6820 5515
6821 6821
6822 5506
6823 5549
6824 5504
6825 6825
6826 5580
6827 5592
6828 5569
6829 6829
6830 5520
6831 6831
6832 5503
6833 6833
6834 6834
6835 5547
6836 5591
6837 5590
6838 6363
6839 6839
6840 5949
6841 5581
6842 5550
6843 6843
6844 6844
6845 5556
6846 6846
6847 6847
6848 5595
6849 6806
6850 5498
6851 5120
6852 6852
6853 5573
6854 5519
6855 6855
6856 6066
6857 6857
6858 5944
6859 5140
6860 5511
6861 4445
6862 5508
6863 6863
6864 5579
6865 5587
6866 6866
6867 3256
6868 6868
6869 3350
6870 1069
6871 6871
6872 6872
6873 6873
6874 6874
6875 6875
6876 6876
6877 6877
6878 4026
6879 6879
6880 6880
6881 6881
6882 6882
6883 3822
6884 5950
6885 6885
6886 6886
6887 5666
6888 6888
6889 4243
6890 6890
6891 6891
6892 6892
6893 6893
6894 6894
6895 2664
6896 6685
6897 6897
6898 5976
6899 5295
6900 6900
6901 5985
6902 6902
6903 4639
6904 5994
6905 5997
6906 6906
6907 6907
6908 6908
6909 6909
6910 5998
6911 6911
6912 6912
6913 6913
6914 6003
6915 6915
6916 6916
6917 6006
6918 6918
6919 6918
6920 6920
6921 6921
6922 5964
6923 6923
6924 6924
6925 6925
6926 6892
6927 6363
6928 5307
6929 6016
6930 6018
6931 5304
6932 6932
6933 5305
6934 6022
6935 6935
6936 6025
6937 6027
6938 5307
6939 4701
6940 6940
6941 4706
6942 6029
6943 5308
6944 6031
6945 6945
6946 6946
6947 6947
6948 4715
6949 6949
6950 5389
6951 6040
6952 6952
6953 6953
6954 6954
6955 6955
6956 6956
6957 6957
6958 5347
6959 6959
6960 6960
6961 5795
6962 4581
6963 6963
6964 6964
6965 5270
6966 5947
6967 6967
6968 6968
6969 4903
6970 6970
6971 6972
6972 6972
6973 6973
6974 5827
6975 6975
6976 5828
6977 5829
6978 6978
6979 6667
6980 6337
6981 5832
6982 6982
6983 6982
6984 6984
6985 6343
6986 5833
6987 6347
6988 5834
6989 6348
6990 7715
6991 6991
6992 6352
6993 5835
6994 6548
6995 2014
6996 4638
6997 6360
6998 6999
6999 6999
7000 6227
7001 7001
7002 7002
7003 6302
7004 5844
7005 4648
7006 7006
7007 7006
7008 7008
7009 6309
7010 5846
7011 5847
7012 7012
7013 6315
7014 6315
7015 6315
7016 6318
7017 6319
7018 6320
7019 7019
7020 7020
7021 7021
7022 7022
7023 7023
7024 7023
7025 7023
7026 7026
7027 7027
7028 7028
7029 7029
7030 6303
7031 6503
7032 5852
7033 6323
7034 6304
7035 6312
7036 7036
7037 7037
7038 7038
7039 7039
7040 7040
7041 7041
7042 7042
7043 7042
7044 7044
7045 5858
7046 5859
7047 6370
7048 6370
7049 6373
7050 5861
7051 5861
7052 5861
7053 6375
7054 6578
7055 6380
7056 5862
7057 7057
7058 5863
7059 5864
7060 5865
7061 7061
7062 7062
7063 6394
7064 7064
7065 7065
7066 6397
7067 4709
7068 5868
7069 6399
7070 5869
7071 5872
7072 4716
7073 4716
7074 7074
7075 5874
7076 7076
7077 5875
7078 7078
7079 7079
7080 2623
7081 1986
7082 4442
7083 5203
7084 5282
7085 7085
7086 7086
7087 5250
7088 1956
7089 7089
7090 7090
7091 7091
7092 7092
7093 7093
7094 7094
7095 7095
7096 6991
7097 7097
7098 7098
7099 7099
7100 7100
7101 7101
7102 7102
7103 7103
7104 7104
7105 7105
7106 4116
7107 7107
7108 7108
7109 7109
7110 7110
7111 7111
7112 7112
7113 4190
7114 7114
7115 7115
7116 7116
7117 7117
7118 7117
7119 4575
7120 7120
7121 7121
7122 7122
7123 7123
7124 7124
7125 7124
7126 7126
7127 5346
7128 7128
7129 6642
7130 4823
7131 6468
7132 6551
7133 7133
7134 5792
7135 4563
7136 7136
7137 5898
7138 6185
7139 7139
7140 6511
7141 5936
7142 6640
7143 6186
7144 5355
7145 7099
7146 5125
7147 6579
7148 7148
7149 6643
7150 7150
7151 7079
7152 4465
7153 7153
7154 6287
7155 7155
7156 5680
7157 5413
7158 7158
7159 5604
7160 6289
7161 7161
7162 6187
7163 7163
7164 7164
7165 6648
7166 4840
7167 7167
7168 5352
7169 6571
7170 7170
7171 6593
7172 4957
7173 5901
7174 7174
7175 7175
7176 5453
7177 7177
7178 4455
7179 4846
7180 7180
7181 5159
7182 99
7183 7183
7184 4575
7185 5801
7186 7186
7187 4869
7188 6621
7189 7189
7190 6839
7191 4980
7192 6190
7193 4905
7194 7194
7195 7195
7196 6474
7197 7197
7198 7198
7199 7199
7200 4873
7201 5905
7202 7202
7203 7203
7204 7204
7205 7205
7206 4983
7207 323
7208 4905
7209 6476
7210 927
7211 7211
7212 5940
7213 7213
7214 7174
7215 6957
7216 7216
7217 4886
7218 2961
7219 7219
7220 7220
7221 6573
7222 6532
7223 4452
7224 5805
7225 6681
7226 7226
7227 7227
7228 5628
7229 5466
7230 6295
7231 6296
7232 7232
7233 7233
7234 4990
7235 7235
7236 248
7237 7237
7238 6440
7239 4254
7240 7524
7241 7241
7242 4296
7243 5082
7244 7244
7245 7245
7246 7246
7247 7247
7248 7248
7249 7249
7250 7241
7251 5367
7252 289
7253 7253
7254 7254
7255 7255
7256 7256
7257 444
7258 7258
7259 7259
7260 6092
7261 6258
7262 5160
7263 7263
7264 7264
7265 6135
7266 7266
7267 7267
7268 7268
7269 7269
7270 384
7271 3973
7272 6242
7273 7273
7274 7437
7275 752
7276 9630
7277 7277
7278 2517
7279 7411
7280 7280
7281 7281
7282 7282
7283 7283
7284 6252
7285 7285
7286 7286
7287 7287
7288 7288
7289 7524
7290 6318
7291 7291
7292 7292
7293 3909
7294 7294
7295 6096
7296 7296
7297 7297
7298 6109
7299 7299
7300 6253
7301 3650
7302 7302
7303 6631
7304 7304
7305 7305
7306 2462
7307 7307
7308 810
7309 7309
7310 7310
7311 6203
7312 4145
7313 6105
7314 7314
7315 416
7316 3972
7317 7437
7318 6220
7319 6223
7320 6169
7321 7321
7322 4554
7323 7323
7324 7268
7325 7325
7326 5893
7327 7327
7328 8702
7329 6099
7330 4473
7331 7331
7332 3630
7333 7437
7334 4298
7335 6144
7336 6872
7337 7431
7338 7338
7339 7339
7340 6139
7341 7341
7342 3174
7343 7343
7344 7344
7345 7345
7346 7346
7347 7347
7348 7348
7349 7349
7350 3378
7351 2497
7352 99
7353 7353
7354 3541
7355 6089
7356 7356
7357 7357
7358 4198
7359 7359
7360 7360
7361 6103
7362 3391
7363 7363
7364 6116
7365 7365
7366 6831
7367 5204
7368 7671
7369 6125
7370 7370
7371 7371
7372 4907
7373 7373
7374 7374
7375 6259
7376 7376
7377 7377
7378 3311
7379 7379
7380 7380
7381 7381
7382 2545
7383 7383
7384 3377
7385 7385
7386 1045
7387 7387
7388 7388
7389 5324
7390 6808
7391 7391
7392 7392
7393 7374
7394 7394
7395 7395
7396 7396
7397 6136
7398 7398
7399 3647
7400 7400
7401 6161
7402 5347
7403 3966
7404 6219
7405 7405
7406 7406
7407 7407
7408 7408
7409 3347
7410 4813
7411 7411
7412 4620
7413 7321
7414 7414
7415 6216
7416 1559
7417 7417
7418 3650
7419 6113
7420 4267
7421 6245
7422 7422
7423 7093
7424 7424
7425 7425
7426 4900
7427 7427
7428 7428
7429 6111
7430 6152
7431 7431
7432 9266
7433 7433
7434 7434
7435 7186
7436 7436
7437 7437
7438 6726
7439 7439
7440 6954
7441 6834
7442 7121
7443 7443
7444 7444
7445 6245
7446 7446
7447 7219
7448 7448
7449 6243
7450 7448
7451 7451
7452 4259
7453 7453
7454 3323
7455 4990
7456 7456
7457 7457
7458 7458
7459 7459
7460 7460
7461 7461
7462 7431
7463 6159
7464 7377
7465 1066
7466 7466
7467 7467
7468 6136
7469 7294
7470 7470
7471 3651
7472 7472
7473 7473
7474 7474
7475 5778
7476 2940
7477 7477
7478 6235
7479 6153
7480 7480
7481 7481
7482 4955
7483 7483
7484 6257
7485 7485
7486 6168
7487 7487
7488 5170
7489 6430
7490 6257
7491 7424
7492 6766
7493 7493
7494 4786
7495 7495
7496 6885
7497 6222
7498 6255
7499 7499
7500 7500
7501 4618
7502 6239
7503 7503
7504 7504
7505 7505
7506 7506
7507 1498
7508 7039
7509 6452
7510 7407
7511 6112
7512 3213
7513 7513
7514 7514
7515 6119
7516 5354
7517 7517
7518 3603
7519 7348
7520 4978
7521 7521
7522 4549
7523 6254
7524 7524
7525 6087
7526 6244
7527 7527
7528 7528
7529 7529
7530 7038
7531 6162
7532 2405
7533 6078
7534 7534
7535 7535
7536 4905
7537 4466
7538 111
7539 6241
7540 7374
7541 5555
7542 7542
7543 3650
7544 7544
7545 7545
7546 7546
7547 6395
7548 6396
7549 7549
7550 4626
7551 4390
7552 6338
7553 6344
7554 6345
7555 6351
7556 6353
7557 4480
7558 4480
7559 4395
7560 4393
7561 4393
7562 4483
7563 6357
7564 2492
7565 4486
7566 6359
7567 4487
7568 6310
7569 6311
7570 7570
7571 7571
7572 4504
7573 7331
7574 7574
7575 7575
7576 6366
7577 4499
7578 6368
7579 6380
7580 6380
7581 6380
7582 6381
7583 6385
7584 6386
7585 7585
7586 6389
7587 7587
7588 4522
7589 4523
7590 4413
7591 4414
7592 4415
7593 4528
7594 6268
7595 6269
7596 4526
7597 4417
7598 4527
7599 4530
7600 4418
7601 6273
7602 4529
7603 4531
7604 6276
7605 6277
7606 4532
7607 6279
7608 4424
7609 7609
7610 4539
7611 4426
7612 6282
7613 6283
7614 4533
7615 6284
7616 1740
7617 6285
7618 6404
7619 4540
7620 6405
7621 4431
7622 4430
7623 7623
7624 5461
7625 3878
7626 5230
7627 3941
7628 5271
7629 5877
7630 7630
7631 7631
7632 6049
7633 1455
7634 4548
7635 3962
7636 3963
7637 3968
7638 4783
7639 5048
7640 4784
7641 5642
7642 6213
7643 7297
7644 4023
7645 2115
7646 7646
7647 7647
7648 7648
7649 7649
7650 6594
7651 6632
7652 5106
7653 7283
7654 6871
7655 7655
7656 6530
7657 7657
7658 927
7659 7659
7660 7660
7661 8076
7662 7662
7663 7663
7664 7664
7665 7374
7666 7797
7667 7667
7668 6213
7669 7669
7670 5642
7671 7671
7672 98
7673 7258
7674 7674
7675 7675
7676 5947
7677 7671
7678 7678
7679 6877
7680 7374
7681 7681
7682 7682
7683 7683
7684 7664
7685 7493
7686 6804
7687 6296
7688 5181
7689 4243
7690 7690
7691 7691
7692 7692
7693 7693
7694 7439
7695 4804
7696 6362
7697 6365
7698 6369
7699 6373
7700 5085
7701 6374
7702 7702
7703 6377
7704 4696
7705 4699
7706 6388
7707 7707
7708 6972
7709 6972
7710 6332
7711 7711
7712 6334
7713 4629
7714 4631
7715 7715
7716 6355
7717 6354
7718 4638
7719 7719
7720 7720
7721 6305
7722 7006
7723 7006
7724 7008
7725 6308
7726 6313
7727 7012
7728 6314
7729 6315
7730 7020
7731 7021
7732 7732
7733 9085
7734 9085
7735 7028
7736 6503
7737 6312
7738 7036
7739 6392
7740 7062
7741 6334
7742 7065
7743 6946
7744 7707
7745 4709
7746 6400
7747 6402
7748 7076
7749 7749
7750 7707
7751 7751
7752 7752
7753 7753
7754 6510
7755 7085
7756 1471
7757 4943
7758 3967
7759 6956
7760 7760
7761 7761
7762 7133
7763 4780
7764 7764
7765 7287
7766 7203
7767 6287
7768 7158
7769 6630
7770 7770
7771 7346
7772 7391
7773 6294
7774 7774
7775 7775
7776 6873
7777 7777
7778 7170
7779 7779
7780 7780
7781 7781
7782 7764
7783 7783
7784 6834
7785 7199
7786 4873
7787 7787
7788 7788
7789 7789
7790 6475
7791 7791
7792 7211
7793 7437
7794 7794
7795 6195
7796 7796
7797 7797
7798 7798
7799 7524
7800 7800
7801 7800
7802 790
7803 7803
7804 4254
7805 7805
7806 4990
7807 7807
7808 7808
7809 7524
7810 7524
7811 7811
7812 6199
7813 6199
7814 4287
7815 7815
7816 2117
7817 7817
7818 4994
7819 7524
7820 7820
7821 7821
7822 7822
7823 7823
7824 6077
7825 431
7826 7826
7827 7827
7828 7828
7829 4854
7830 7830
7831 7831
7832 7832
7833 6492
7834 7834
7835 7835
7836 7253
7837 7837
7838 7838
7839 7839
7840 7840
7841 7841
7842 7842
7843 7843
7844 7843
7845 7845
7846 7846
7847 7847
7848 4518
7849 4520
7850 7850
7851 6030
7852 8076
7853 7853
7854 7711
7855 6894
7856 5972
7857 5971
7858 2664
7859 5974
7860 7860
7861 7861
7862 7862
7863 5984
7864 7864
7865 4481
7866 6902
7867 7867
7868 7683
7869 5990
7870 6031
7871 5994
7872 5996
7873 5997
7874 7019
7875 7875
7876 7876
7877 6001
7878 7878
7879 6002
7880 6004
7881 7881
7882 7882
7883 6742
7884 7884
7885 7885
7886 7886
7887 7887
7888 7888
7889 7889
7890 5965
7891 6945
7892 4401
7893 7574
7894 6014
7895 4524
7896 6018
7897 5385
7898 4402
7899 5674
7900 4498
7901 4403
7902 4404
7903 4405
7904 4500
7905 7905
7906 7906
7907 4501
7908 6022
7909 6023
7910 4409
7911 6024
7912 6026
7913 4508
7914 4509
7915 7915
7916 4512
7917 4513
7918 6386
7919 4412
7920 6255
7921 7921
7922 6033
7923 5311
7924 4525
7925 7925
7926 6038
7927 6039
7928 5861
7929 7929
7930 6041
7931 6952
7932 6042
7933 7933
7934 416
7935 3771
7936 3773
7937 2930
7938 7938
7939 7939
7940 4722
7941 2983
7942 2986
7943 2984
7944 7944
7945 7945
7946 7946
7947 7946
7948 7948
7949 4728
7950 7950
7951 4732
7952 7952
7953 5452
7954 3086
7955 4926
7956 3474
7957 3798
7958 4928
7959 7959
7960 6709
7961 7961
7962 7962
7963 7964
7964 7964
7965 3095
7966 1431
7967 2969
7968 7086
7969 3803
7970 2979
7971 3808
7972 3810
7973 7973
7974 7973
7975 4739
7976 7976
7977 7977
7978 7977
7979 7977
7980 3104
7981 7981
7982 2995
7983 7983
7984 3817
7985 7985
7986 4743
7987 7987
7988 3114
7989 5017
7990 5465
7991 5465
7992 5465
7993 5241
7994 3827
7995 5432
7996 2863
7997 3830
7998 4746
7999 3832
8000 8000
8001 8001
8002 3838
8003 8003
8004 8003
8005 2885
8006 8006
8007 4753
8008 8008
8009 8009
8010 8010
8011 4754
8012 7079
8013 7079
8014 4203
8015 8015
8016 3848
8017 2584
8018 3132
8019 4545
8020 3851
8021 3853
8022 4933
8023 4763
8024 8024
8025 3856
8026 8026
8027 8027
8028 8027
8029 3860
8030 3862
8031 5314
8032 8032
8033 5195
8034 8032
8035 6509
8036 8036
8037 8037
8038 8038
8039 8039
8040 8040
8041 8041
8042 4031
8043 4043
8044 4045
8045 4049
8046 4056
8047 8047
8048 8048
8049 8049
8050 8050
8051 4128
8052 8052
8053 8053
8054 8054
8055 8055
8056 8056
8057 8057
8058 8058
8059 8059
8060 8061
8061 8061
8062 8061
8063 8063
8064 8064
8065 8065
8066 6529
8067 8067
8068 8068
8069 8069
8070 8070
8071 6296
8072 8072
8073 8073
8074 6625
8075 8075
8076 8076
8077 7167
8078 6646
8079 4925
8080 8080
8081 7964
8082 7964
8083 3800
8084 2129
8085 7976
8086 7977
8087 8087
8088 8088
8089 7977
8090 3811
8091 7983
8092 1905
8093 8093
8094 4742
8095 3115
8096 8076
8097 7711
8098 8098
8099 8099
8100 8100
8101 8101
8102 6094
8103 7861
8104 8104
8105 8105
8106 8106
8107 8107
8108 8108
8109 8109
8110 6577
8111 8111
8112 5725
8113 8113
8114 8114
8115 8115
8116 8115
8117 5745
8118 6025
8119 4692
8120 8120
8121 5751
8122 5771
8123 6036
8124 8124
8125 8125
8126 2894
8127 8127
8128 3774
8129 7945
8130 8130
8131 8131
8132 3012
8133 7950
8134 5796
8135 3787
8136 8136
8137 7148
8138 3833
8139 6451
8140 4748
8141 8141
8142 8008
8143 8143
8144 8144
8145 3136
8146 3849
8147 8147
8148 3853
8149 8149
8150 3476
8151 3864
8152 984
8153 8153
8154 45
8155 7103
8156 8156
8157 8157
8158 3604
8159 8159
8160 7752
8161 4645
8162 6085
8163 5840
8164 6410
8165 8165
8166 6953
8167 7915
8168 7074
8169 5033
8170 7749
8171 5713
8172 6807
8173 5822
8174 7933
8175 7198
8176 5495
8177 7078
8178 7925
8179 7876
8180 7327
8181 5839
8182 7305
8183 5870
8184 7022
8185 8185
8186 2330
8187 6911
8188 2593
8189 6589
8190 8190
8191 8190
8192 8192
8193 8193
8194 129
8195 6176
8196 8196
8197 3592
8198 8198
8199 8199
8200 4302
8201 3775
8202 3782
8203 8203
8204 4929
8205 2989
8206 8206
8207 8207
8208 1887
8209 3134
8210 3861
8211 8211
8212 3488
8213 8213
8214 8214
8215 8215
8216 8216
8217 3601
8218 3601
8219 3601
8220 8220
8221 8221
8222 8222
8223 7139
8224 7623
8225 8225
8226 229
8227 8227
8228 8228
8229 4904
8230 8230
8231 8231
8232 8232
8233 8233
8234 8234
8235 8233
8236 8236
8237 8237
8238 8238
8239 8239
8240 8240
8241 8241
8242 8242
8243 8243
8244 8246
8245 8246
8246 8246
8247 8246
8248 8246
8249 8246
8250 8246
8251 8037
8252 8252
8253 8253
8254 5059
8255 8065
8256 8256
8257 8257
8258 8258
8259 8259
8260 8260
8261 8261
8262 3785
8263 3790
8264 2876
8265 8265
8266 8266
8267 8267
8268 8268
8269 8268
8270 8268
8271 4930
8272 3804
8273 8266
8274 3107
8275 8275
8276 8276
8277 8277
8278 8278
8279 8279
8280 8280
8281 8281
8282 8282
8283 6960
8284 8284
8285 8285
8286 8286
8287 8287
8288 8288
8289 8289
8290 8290
8291 8291
8292 8292
8293 8293
8294 5181
8295 8295
8296 4259
8297 1647
8298 6443
8299 5810
8300 7826
8301 1234
8302 8302
8303 8303
8304 8304
8305 3336
8306 8306
8307 8307
8308 8307
8309 8309
8310 5368
8311 8311
8312 4348
8313 8313
8314 8314
8315 8315
8316 8316
8317 8317
8318 8318
8319 8319
8320 8320
8321 7398
8322 8322
8323 8323
8324 8324
8325 8325
8326 8326
8327 8327
8328 8328
8329 8329
8330 8289
8331 8331
8332 8332
8333 8333
8334 6970
8335 8335
8336 8336
8337 8337
8338 1591
8339 8339
8340 8340
8341 8341
8342 7411
8343 8343
8344 8344
8345 8345
8346 8231
8347 8347
8348 8348
8349 8349
8350 8258
8351 8351
8352 8352
8353 8259
8354 8354
8355 8355
8356 8356
8357 8357
8358 8356
8359 8480
8360 8360
8361 8361
8362 3817
8363 8363
8364 3843
8365 5313
8366 3910
8367 1364
8368 1130
8369 8369
8370 5184
8371 6677
8372 8372
8373 7094
8374 7485
8375 8375
8376 8376
8377 8377
8378 8378
8379 8379
8380 8380
8381 8381
8382 8382
8383 8383
8384 6737
8385 8385
8386 8315
8387 8387
8388 8388
8389 4060
8390 8390
8391 8391
8392 8392
8393 8393
8394 8394
8395 8395
8396 8396
8397 8397
8398 8398
8399 8399
8400 3567
8401 4807
8402 8402
8403 8403
8404 4178
8405 8405
8406 8406
8407 8407
8408 7343
8409 8409
8410 8410
8411 8411
8412 8411
8413 8413
8414 8414
8415 8415
8416 8416
8417 8417
8418 8418
8419 8419
8420 5631
8421 8421
8422 8421
8423 8423
8424 8424
8425 4870
8426 8426
8427 7294
8428 8428
8429 8429
8430 6570
8431 8431
8432 8432
8433 4850
8434 8434
8435 8435
8436 8432
8437 8416
8438 8328
8439 8439
8440 8440
8441 8441
8442 8442
8443 8443
8444 8444
8445 8445
8446 8446
8447 8447
8448 8439
8449 8449
8450 8450
8451 8451
8452 8452
8453 8453
8454 5351
8455 8455
8456 8456
8457 8457
8458 5607
8459 8459
8460 8460
8461 7820
8462 8462
8463 6186
8464 8464
8465 8233
8466 8466
8467 2090
8468 8468
8469 8469
8470 8470
8471 5886
8472 8472
8473 8473
8474 8474
8475 2300
8476 8476
8477 8339
8478 8478
8479 2977
8480 8480
8481 8481
8482 8482
8483 8483
8484 8484
8485 8485
8486 8486
8487 8487
8488 8488
8489 8489
8490 8490
8491 7483
8492 8492
8493 7150
8494 5798
8495 8424
8496 8496
8497 8497
8498 8498
8499 8499
8500 8500
8501 8501
8502 8502
8503 8702
8504 8504
8505 8505
8506 8506
8507 8507
8508 8508
8509 8509
8510 5502
8511 5977
8512 5514
8513 8513
8514 8514
8515 5980
8516 7715
8517 6110
8518 8518
8519 8519
8520 6731
8521 6229
8522 8522
8523 6716
8524 8524
8525 8525
8526 2539
8527 5998
8528 5721
8529 6746
8530 8530
8531 8531
8532 5562
8533 1191
8534 6762
8535 6717
8536 8536
8537 6363
8538 3702
8539 3707
8540 5722
8541 6792
8542 5560
8543 67
8544 6704
8545 8545
8546 6749
8547 5758
8548 5098
8549 5586
8550 4519
8551 8551
8552 1093
8553 7164
8554 5766
8555 8555
8556 7977
8557 8557
8558 6045
8559 6768
8560 4537
8561 8561
8562 8562
8563 8563
8564 8564
8565 8565
8566 8215
8567 8567
8568 8568
8569 8391
8570 8570
8571 8571
8572 8572
8573 8573
8574 8574
8575 8575
8576 8576
8577 8577
8578 8578
8579 4872
8580 8580
8581 6693
8582 8582
8583 8583
8584 689
8585 4336
8586 4336
8587 8587
8588 5781
8589 4005
8590 8590
8591 8591
8592 8592
8593 8593
8594 4959
8595 4789
8596 4790
8597 8597
8598 8598
8599 4013
8600 8600
8601 8601
8602 8602
8603 8603
8604 8604
8605 8605
8606 8606
8607 8607
8608 6518
8609 8609
8610 8610
8611 8611
8612 8612
8613 8613
8614 8614
8615 8615
8616 8616
8617 8617
8618 8618
8619 8619
8620 8620
8621 8621
8622 8622
8623 8623
8624 8624
8625 8625
8626 8626
8627 8591
8628 8628
8629 8629
8630 8630
8631 8631
8632 8632
8633 8633
8634 8634
8635 8635
8636 8636
8637 8637
8638 8638
8639 8639
8640 8640
8641 8641
8642 4800
8643 8644
8644 8644
8645 8644
8646 8646
8647 5787
8648 8648
8649 8649
8650 3436
8651 8651
8652 3571
8653 8653
8654 8654
8655 8655
8656 8656
8657 3587
8658 4812
8659 8659
8660 8660
8661 5789
8662 8662
8663 8663
8664 8664
8665 8664
8666 8651
8667 8667
8668 8668
8669 8668
8670 8668
8671 8668
8672 8668
8673 8499
8674 8674
8675 8675
8676 8676
8677 8677
8678 8678
8679 8679
8680 8680
8681 8681
8682 8682
8683 8683
8684 4147
8685 8685
8686 8686
8687 4021
8688 8688
8689 6695
8690 8690
8691 6696
8692 8692
8693 8693
8694 8694
8695 8695
8696 6660
8697 8697
8698 8698
8699 8568
8700 8700
8701 8701
8702 8702
8703 8703
8704 4166
8705 8705
8706 8706
8707 8700
8708 8708
8709 1044
8710 6715
8711 6653
8712 8757
8713 8713
8714 8714
8715 8700
8716 6718
8717 8717
8718 8718
8719 8719
8720 6146
8721 7064
8722 8722
8723 8723
8724 8724
8725 8725
8726 3586
8727 3521
8728 8120
8729 7400
8730 8730
8731 8731
8732 8571
8733 8702
8734 8734
8735 5769
8736 8232
8737 8737
8738 8531
8739 8739
8740 3741
8741 8741
8742 8742
8743 8743
8744 8741
8745 8745
8746 4556
8747 8747
8748 7862
8749 5066
8750 8750
8751 3731
8752 8752
8753 8753
8754 8694
8755 8693
8756 6369
8757 8757
8758 6578
8759 8695
8760 2760
8761 8761
8762 8410
8763 7797
8764 8764
8765 6739
8766 8766
8767 8767
8768 8768
8769 6025
8770 8770
8771 8771
8772 8772
8773 7841
8774 8774
8775 6758
8776 4042
8777 986
8778 8778
8779 8779
8780 5551
8781 8781
8782 6541
8783 4109
8784 8784
8785 8785
8786 6229
8787 6755
8788 8743
8789 8789
8790 7841
8791 8791
8792 6772
8793 8793
8794 8794
8795 8795
8796 7831
8797 6463
8798 8798
8799 8799
8800 8800
8801 5979
8802 8802
8803 8524
8804 8700
8805 8805
8806 8734
8807 8807
8808 8808
8809 429
8810 6787
8811 6021
8812 8812
8813 8702
8814 8814
8815 8815
8816 2360
8817 8817
8818 6790
8819 8702
8820 8820
8821 8821
8822 8822
8823 5250
8824 8824
8825 8825
8826 8826
8827 8827
8828 8828
8829 8829
8830 8757
8831 7241
8832 8737
8833 8833
8834 8834
8835 6863
8836 4630
8837 8837
8838 6686
8839 6567
8840 6566
8841 6810
8842 6829
8843 4490
8844 6736
8845 6706
8846 8846
8847 6913
8848 1135
8849 5736
8850 6921
8851 4502
8852 6721
8853 5741
8854 5742
8855 6741
8856 8347
8857 8857
8858 5478
8859 8859
8860 5734
8861 5744
8862 5746
8863 8863
8864 6935
8865 5749
8866 5756
8867 5754
8868 5743
8869 5770
8870 9298
8871 5762
8872 6940
8873 5765
8874 5767
8875 8875
8876 8876
8877 8877
8878 8878
8879 4067
8880 4076
8881 8881
8882 8882
8883 8883
8884 8884
8885 8742
8886 8887
8887 8887
8888 8888
8889 7139
8890 8890
8891 6743
8892 8892
8893 8578
8894 8894
8895 8895
8896 8896
8897 8897
8898 8898
8899 8899
8900 8900
8901 8901
8902 8902
8903 8903
8904 8904
8905 8905
8906 8906
8907 7255
8908 9051
8909 8909
8910 8910
8911 8911
8912 8912
8913 8913
8914 2015
8915 8915
8916 5710
8917 5723
8918 8918
8919 8919
8920 6918
8921 8921
8922 8922
8923 8922
8924 7417
8925 8925
8926 8926
8927 8927
8928 8928
8929 6009
8930 4503
8931 8932
8932 8932
8933 8932
8934 8934
8935 8934
8936 8934
8937 1173
8938 3712
8939 8774
8940 5733
8941 5741
8942 8859
8943 6932
8944 8944
8945 7948
8946 5589
8947 5393
8948 4716
8949 8949
8950 8149
8951 8951
8952 8952
8953 8953
8954 8954
8955 8955
8956 8956
8957 8887
8958 8958
8959 8959
8960 8960
8961 8961
8962 8962
8963 8757
8964 2231
8965 8965
8966 8966
8967 8967
8968 8968
8969 8969
8970 8970
8971 8971
8972 8318
8973 8973
8974 8974
8975 8975
8976 8976
8977 8977
8978 8978
8979 4186
8980 8980
8981 8981
8982 8982
8983 8983
8984 8984
8985 8985
8986 8986
8987 8987
8988 8988
8989 8989
8990 7495
8991 8991
8992 8992
8993 4007
8994 8881
8995 8995
8996 5881
8997 8997
8998 8998
8999 8999
9000 9000
9001 4794
9002 9002
9003 9003
9004 9004
9005 9005
9006 9006
9007 9007
9008 9008
9009 9009
9010 9010
9011 9011
9012 9012
9013 9013
9014 9014
9015 9014
9016 9016
9017 9017
9018 9018
9019 8318
9020 9020
9021 4797
9022 9022
9023 6060
9024 9024
9025 9025
9026 9026
9027 9027
9028 9028
9029 9029
9030 4083
9031 8974
9032 9032
9033 9033
9034 9033
9035 9035
9036 9036
9037 9037
9038 4127
9039 9039
9040 9040
9041 3547
9042 9042
9043 9043
9044 9044
9045 9045
9046 9046
9047 9047
9048 9048
9049 9049
9050 6554
9051 9051
9052 9051
9053 6180
9054 9054
9055 9055
9056 9056
9057 9057
9058 9058
9059 9059
9060 9060
9061 9061
9062 9062
9063 9063
9064 6583
9065 9065
9066 9066
9067 5705
9068 8582
9069 9069
9070 9070
9071 9071
9072 3987
9073 338
9074 9074
9075 5977
9076 4479
9077 5703
9078 6117
9079 5521
9080 9080
9081 6776
9082 5552
9083 9083
9084 5562
9085 9085
9086 6714
9087 6164
9088 8480
9089 9089
9090 9090
9091 217
9092 9092
9093 9093
9094 9094
9095 5803
9096 9096
9097 8337
9098 9098
9099 9099
9100 9100
9101 9101
9102 9102
9103 3482
9104 9104
9105 9105
9106 3992
9107 9107
9108 9108
9109 9109
9110 8791
9111 9111
9112 9112
9113 9113
9114 8575
9115 8953
9116 9116
9117 9117
9118 9118
9119 9119
9120 9120
9121 8814
9122 6699
9123 8575
9124 9124
9125 9125
9126 2444
9127 9127
9128 9128
9129 9129
9130 9130
9131 9130
9132 9132
9133 1960
9134 8925
9135 6719
9136 9136
9137 582
9138 4461
9139 9139
9140 9140
9141 9141
9142 9125
9143 2523
9144 5737
9145 9145
9146 4992
9147 8949
9148 9116
9149 9149
9150 9150
9151 5565
9152 9152
9153 9153
9154 9139
9155 4562
9156 9156
9157 6170
9158 9127
9159 8956
9160 4487
9161 5554
9162 4692
9163 9163
9164 9164
9165 8124
9166 5548
9167 9167
9168 9168
9169 9169
9170 6999
9171 9171
9172 2231
9173 5553
9174 9174
9175 6017
9176 8802
9177 9177
9178 9168
9179 9174
9180 5701
9181 6100
9182 6105
9183 9183
9184 5702
9185 5705
9186 5708
9187 9187
9188 5989
9189 6229
9190 8108
9191 5557
9192 9192
9193 9193
9194 9194
9195 9195
9196 7041
9197 5752
9198 9198
9199 9199
9200 9200
9201 9201
9202 9202
9203 3998
9204 9204
9205 9205
9206 4795
9207 9207
9208 9208
9209 4119
9210 9210
9211 9167
9212 8403
9213 9213
9214 4211
9215 9215
9216 9216
9217 9217
9218 9218
9219 9219
9220 9220
9221 9221
9222 5202
9223 9223
9224 9224
9225 7987
9226 8059
9227 9149
9228 9228
9229 8985
9230 8290
9231 8295
9232 1008
9233 1204
9234 1669
9235 9235
9236 6679
9237 9237
9238 9238
9239 2579
9240 9240
9241 9241
9242 9242
9243 9243
9244 8570
9245 9245
9246 9246
9247 8441
9248 9248
9249 9249
9250 9250
9251 9164
9252 6754
9253 9253
9254 9254
9255 9193
9256 9256
9257 9257
9258 9258
9259 9259
9260 8827
9261 7493
9262 8333
9263 9263
9264 9264
9265 9265
9266 9266
9267 5497
9268 5499
9269 2657
9270 8837
9271 8098
9272 9272
9273 5518
9274 9274
9275 6227
9276 5522
9277 9277
9278 5296
9279 9279
9280 5516
9281 6123
9282 9282
9283 1668
9284 9284
9285 6312
9286 5730
9287 5966
9288 5967
9289 9289
9290 9290
9291 9290
9292 6314
9293 5570
9294 5575
9295 7702
9296 5583
9297 5584
9298 9298
9299 9299
9300 9300
9301 9301
9302 9302
9303 8428
9304 9304
9305 9305
9306 9120
9307 9307
9308 7535
9309 6097
9310 2093
9311 5709
9312 6224
9313 6225
9314 9314
9315 1987
9316 5501
9317 5735
9318 6846
9319 5711
9320 9320
9321 9085
9322 9322
9323 1173
9324 6852
9325 6794
9326 9198
9327 6821
9328 5750
9329 5768
9330 6843
9331 9331
9332 9152
9333 9333
9334 7939
9335 6847
9336 5764
9337 9337
9338 5145
9339 9339
9340 9340
9341 9341
9342 9342
9343 9343
9344 9344
9345 9345
9346 9346
9347 9347
9348 9348
9349 9349
9350 4075
9351 9351
9352 9352
9353 9353
9354 5633
9355 9355
9356 9356
9357 9357
9358 6659
9359 7444
9360 9360
9361 9361
9362 5907
9363 9363
9364 5761
9365 8372
9366 9256
9367 9367
9368 6973
9369 9369
9370 6107
9371 9371
9372 5706
9373 9373
9374 6701
9375 9375
9376 9376
9377 9377
9378 9378
9379 5577
9380 3726
9381 9381
9382 9381
9383 9383
9384 9384
9385 5303
9386 6855
9387 9387
9388 9388
9389 9381
9390 2220
9391 9391
9392 438
9393 4029
9394 9394
9395 9395
9396 9396
9397 9397
9398 9398
9399 9399
9400 9400
9401 9352
9402 7100
9403 9259
9404 9404
9405 9405
9406 9406
9407 9407
9408 9408
9409 7779
9410 9410
9411 9411
9412 9412
9413 9413
9414 9414
9415 9415
9416 9416
9417 9417
9418 9418
9419 9419
9420 9420
9421 9421
9422 9422
9423 9423
9424 9424
9425 9425
9426 9426
9427 1649
9428 9428
9429 9429
9430 9429
9431 9431
9432 9432
9433 9433
9434 2138
9435 9435
9436 6647
9437 6647
9438 9298
9439 3741
9440 9440
9441 5386
9442 8360
9443 9443
9444 4466
9445 9445
9446 9446
9447 9447
9448 9448
9449 9449
9450 9450
9451 9451
9452 9452
9453 9453
9454 9453
9455 9453
9456 9453
9457 9457
9458 9205
9459 9459
9460 9241
9461 9461
9462 9462
9463 9463
9464 9464
9465 9465
9466 9466
9467 9467
9468 9468
9469 9469
9470 9470
9471 9471
9472 9472
9473 9473
9474 9474
9475 9475
9476 9476
9477 9477
9478 9474
9479 9479
9480 9480
9481 3839
9482 7280
9483 3816
9484 9484
9485 9485
9486 9486
9487 9495
9488 9488
9489 9485
9490 9485
9491 9491
9492 9492
9493 9207
9494 9494
9495 9495
9496 9496
9497 9495
9498 9495
9499 1254
9500 9500
9501 8049
9502 9502
9503 1343
9504 9504
9505 9505
9506 4742
9507 4742
9508 4742
9509 7959
9510 9510
9511 9511
9512 9512
9513 7111
9514 3800
9515 9515
9516 9512
9517 9477
9518 8265
9519 3832
9520 3831
9521 8410
9522 9522
9523 9523
9524 9524
9525 9525
9526 3092
9527 9527
9528 9528
9529 9529
9530 9530
9531 9531
9532 9531
9533 3810
9534 9531
9535 9531
9536 9531
9537 9531
9538 3833
9539 9539
9540 3786
9541 3080
9542 7493
9543 9266
9544 9544
9545 9545
9546 5432
9547 9547
9548 9548
9549 9549
9550 9550
9551 9551
9552 9552
9553 3144
9554 9554
9555 9555
9556 9556
9557 2894
9558 9558
9559 1721
9560 4752
9561 7803
9562 1254
9563 9118
9564 9564
9565 9565
9566 9566
9567 9567
9568 9668
9569 9569
9570 9549
9571 9571
9572 9572
9573 9573
9574 9574
9575 9668
9576 9576
9577 9577
9578 9578
9579 9668
9580 1502
9581 9581
9582 9582
9583 9583
9584 9584
9585 9585
9586 9585
9587 9587
9588 9588
9589 9589
9590 9590
9591 9591
9592 9592
9593 9593
9594 9594
9595 9595
9596 9596
9597 9597
9598 9598
9599 8572
9600 9600
9601 9601
9602 9602
9603 9602
9604 9604
9605 9605
9606 9606
9607 9606
9608 9608
9609 9581
9610 9610
9611 9668
9612 9612
9613 9613
9614 9614
9615 9615
9616 9616
9617 9617
9618 9618
9619 9619
9620 9620
9621 9621
9622 8757
9623 9614
9624 9504
9625 9625
9626 9626
9627 9376
9628 9628
9629 9629
9630 9630
9631 9668
9632 1502
9633 1502
9634 9613
9635 9630
9636 9636
9637 9637
9638 1502
9639 9639
9640 9640
9641 9641
9642 9641
9643 9668
9644 3036
9645 9645
9646 9645
9647 9647
9648 9647
9649 9649
9650 9652
9651 9651
9652 9652
9653 9587
9654 9654
9655 9652
9656 9652
9657 9652
9658 9658
9659 9659
9660 9660
9661 9661
9662 9662
9663 9663
9664 9664
9665 9613
9666 9666
9667 9667
9668 9668
9669 9667
9670 9670
9671 9671
9672 9670
9673 9671
9674 1500
9675 9670
9676 9668
9677 9667
9678 9678
9679 9679
9680 9680
9681 9680
9682 9682
9683 9683
9684 9679
9685 9667
9686 9686
9687 9687
9688 9695
9689 9689
9690 7388
9691 9721
9692 9692
9693 9693
9694 9692
9695 9695
9696 9637
9697 9910
9698 9695
9699 9754
9700 9682
9701 9701
9702 9682
9703 9667
9704 9704
9705 9610
9706 9692
9707 9707
9708 9708
9709 9709
9710 9709
9711 9711
9712 9712
9713 9661
9714 9714
9715 9715
9716 9716
9717 9717
9718 9718
9719 9719
9720 9720
9721 9721
9722 9722
9723 9723
9724 9573
9725 9725
9726 9701
9727 9727
9728 9728
9729 9729
9730 9730
9731 9731
9732 9712
9733 9733
9734 9658
9735 9735
9736 9736
9737 9737
9738 9738
9739 9721
9740 9722
9741 9741
9742 9582
9743 9743
9744 9573
9745 9745
9746 1951
9747 9747
9748 9748
9749 9749
9750 9750
9751 9751
9752 9618
9753 9753
9754 9754
9755 9755
9756 9756
9757 9757
9758 9573
9759 9759
9760 9917
9761 9581
9762 9573
9763 9855
9764 9764
9765 9751
9766 9766
9767 9767
9768 9768
9769 9769
9770 9770
9771 9771
9772 9711
9773 9910
9774 9671
9775 9775
9776 9776
9777 9855
9778 8325
9779 2526
9780 9780
9781 9767
9782 9782
9783 9783
9784 9783
9785 9785
9786 9715
9787 9787
9788 9787
9789 9789
9790 9715
9791 9715
9792 9792
9793 9792
9794 9792
9795 9792
9796 9792
9797 9792
9798 9798
9799 9893
9800 9755
9801 549
9802 9636
9803 9803
9804 9804
9805 9805
9806 9628
9807 9807
9808 9808
9809 9809
9810 9810
9811 9811
9812 9812
9813 9813
9814 9814
9815 9815
9816 9815
9817 9817
9818 9818
9819 9819
9820 9813
9821 9821
9822 9821
9823 9803
9824 9821
9825 9825
9826 9590
9827 9827
9828 9591
9829 9830
9830 9830
9831 9831
9832 9832
9833 9833
9834 9830
9835 9835
9836 142
9837 9835
9838 9838
9839 1809
9840 9840
9841 9841
9842 9842
9843 9843
9844 7472
9845 9845
9846 9846
9847 9827
9848 9848
9849 5915
9850 9850
9851 9851
9852 6328
9853 9620
9854 9854
9855 9855
9856 9759
9857 9910
9858 9858
9859 9859
9860 9850
9861 9851
9862 9776
9863 9863
9864 9863
9865 1809
9866 9866
9867 9855
9868 9868
9869 539
9870 9870
9871 9871
9872 9871
9873 9776
9874 9768
9875 9870
9876 9776
9877 9776
9878 9910
9879 9879
9880 9880
9881 9881
9882 9768
9883 9883
9884 9884
9885 9885
9886 9883
9887 9887
9888 9868
9889 9889
9890 9883
9891 9883
9892 9798
9893 9893
9894 9885
9895 9754
9896 9855
9897 9689
9898 9893
9899 9899
9900 9899
9901 9901
9902 9902
9903 9903
9904 9901
9905 9911
9906 9906
9907 4263
9908 4263
9909 4263
9910 9910
9911 9911
9912 9912
9913 9913
9914 4263
9915 9748
9916 9868
9917 9917
9918 9918
9919 9919
9920 9920
9921 9921
9922 9922
9923 9923
9924 9903
9925 9925
9926 9926
9927 9927
9928 9919
9929 9911
9930 9930
9931 9910
9932 9932
9933 9919
9934 9911
9935 9935
9936 9903
9937 9937
9938 9938
9939 9939
9940 9940
9941 9941
9942 9923
9943 9911
9944 9911
9945 9917
9946 9946
9947 9911
9948 9948
9949 9949
9950 9921
9951 7828
9952 9952
9953 9953
9954 3260
9955 9955
9956 9956
9957 9957
9958 9958
9959 9959
9960 9922
9961 9961
9962 9961
9963 9935
9964 9935
9965 9935
9966 1701
9967 9961
9968 9968
9969 9969
9970 9970
9971 9971
9972 9935
9973 9935
9974 9974
9975 9975
9976 9976
9977 9977
9978 9978
9979 9979
9980 4336
9981 5913
9982 3376
9983 9983
9984 3351
9985 9985
9986 5364
9987 5487
9988 4998
9989 4296
9990 9990
9991 9991
9992 9992
