 a b c d A P R F-1 J
_word1_cluster_x_goldenset 133.0 0.0 346.0 2001622.0 0.9998272061347961 0.2776618003845215 1.0 0.4346405267715454 0.2776618003845215
_word2_cluster_x_goldenset 175.0 9.0 304.0 2001534.0 0.9998436570167542 0.36534446477890015 0.9510869383811951 0.5279034972190857 0.3586065471172333
gaussian_0.3_cluster_x_goldenset 182.0 9.0 297.0 2001520.0 0.9998471736907959 0.37995824217796326 0.9528796076774597 0.5432835817337036 0.37295082211494446
gaussian_0.5_cluster_x_goldenset 189.0 9.0 290.0 2001506.0 0.9998506307601929 0.39457201957702637 0.9545454382896423 0.5583456158638 0.38729506731033325
gaussian_0.7_cluster_x_goldenset 187.0 9.0 292.0 2001510.0 0.9998496770858765 0.3903966546058655 0.954081654548645 0.5540740489959717 0.38319671154022217
normalize_cluster_x_goldenset 479.0 1998521.0 0.0 1289.0 0.000883872271515429 1.0 0.00023961981059983373 0.00047912480658851564 0.00023961981059983373
sparse_0.3_cluster_x_goldenset 184.0 10.0 295.0 2001513.0 0.9998476505279541 0.38413360714912415 0.9484536051750183 0.5468053221702576 0.3762781322002411
sparse_0.5_cluster_x_goldenset 185.0 14.0 294.0 2001499.0 0.9998461604118347 0.3862212896347046 0.929648220539093 0.5457227230072021 0.3752535581588745
sparse_0.9_cluster_x_goldenset 193.0 17.0 286.0 2001474.0 0.9998486638069153 0.40292274951934814 0.9190475940704346 0.5602322220802307 0.3891128897666931
toyU_cluster_x_goldenset 479.0 1998521.0 0.0 1289.0 0.000883872271515429 1.0 0.00023961981059983373 0.00047912480658851564 0.00023961981059983373
toyV_cluster_x_goldenset 479.0 1998521.0 0.0 1289.0 0.000883872271515429 1.0 0.00023961981059983373 0.00047912480658851564 0.00023961981059983373
word1_cluster_x_goldenset 133.0 0.0 346.0 2001622.0 0.9998272061347961 0.2776618003845215 1.0 0.4346405267715454 0.2776618003845215
word2_cluster_x_goldenset 175.0 9.0 304.0 2001534.0 0.9998436570167542 0.36534446477890015 0.9510869383811951 0.5279034972190857 0.3586065471172333
