0 0
1 1
2 1
5 1
8 1
460 1
3 2
4 2
6 2
7 2
9 3
10 4
11 5
12 6
13 6
14 6
15 6
16 7
17 8
18 9
19 10
20 11
21 12
22 13
23 14
24 15
25 15
26 15
27 16
430 16
28 17
495 17
29 18
30 19
742 19
31 20
32 21
33 22
3500 22
34 23
35 24
36 25
37 26
38 27
39 28
752 28
5164 28
7275 28
40 29
904 29
41 30
288 30
42 31
936 31
43 32
44 33
45 34
46 35
422 35
47 36
48 37
782 37
49 38
815 38
50 39
924 39
51 40
52 41
681 41
53 42
54 43
55 44
657 44
56 45
4106 45
57 46
188 46
58 47
59 48
60 49
61 50
62 51
647 51
63 52
916 52
64 53
1185 53
65 54
66 55
67 56
68 57
69 58
70 59
71 60
1613 60
72 61
73 62
655 62
801 62
74 63
802 63
75 64
3837 64
76 65
77 66
78 67
1528 67
4447 67
4951 67
79 68
80 69
81 70
82 71
83 72
3858 72
84 73
85 74
86 75
87 76
798 76
88 77
89 78
90 79
91 80
92 81
93 82
94 83
95 84
339 84
4459 84
6745 84
96 85
97 86
764 86
98 87
5491 87
7672 87
99 88
100 89
675 89
772 89
1855 89
4821 89
101 90
102 91
103 92
104 93
105 94
106 95
107 96
108 97
109 98
110 99
111 100
7538 100
112 101
113 102
114 103
115 104
116 105
117 106
127 106
118 107
119 108
120 109
121 110
122 111
123 112
124 113
2701 113
3789 113
4733 113
125 114
126 115
128 116
129 117
4818 117
130 118
692 118
131 119
132 120
133 121
134 122
135 123
136 124
137 125
138 126
139 127
3610 127
5148 127
6428 127
140 128
141 129
142 130
9839 130
143 131
144 132
674 132
145 133
146 134
147 135
148 136
149 137
1215 137
150 138
151 139
152 140
153 141
154 142
155 143
156 144
157 145
158 146
159 147
160 148
161 149
162 150
163 151
164 152
165 153
166 154
167 155
168 156
169 157
1379 157
170 158
171 159
172 160
173 161
174 162
175 163
176 164
177 165
178 166
179 167
180 168
181 169
182 170
925 170
183 171
4307 171
184 172
185 173
4621 173
186 174
187 175
189 176
190 177
191 178
192 179
294 179
193 180
194 181
195 182
196 183
4466 183
4875 183
7537 183
9444 183
197 184
198 185
7257 185
199 186
200 187
4769 187
201 188
202 189
203 190
271 190
863 190
204 191
205 192
206 193
207 194
208 195
209 196
325 196
210 197
211 198
212 199
213 200
214 201
215 202
216 203
217 204
9091 204
218 205
219 206
220 207
221 208
222 209
223 210
446 210
224 211
225 212
226 213
227 214
4768 214
228 215
229 216
4565 216
8226 216
230 217
231 218
232 219
233 220
234 221
235 222
236 223
237 224
789 224
238 225
239 226
240 227
241 228
242 229
243 230
244 231
245 232
4338 232
246 233
448 233
247 234
3348 234
248 235
249 236
250 237
251 238
252 239
253 240
254 241
4356 241
255 242
256 243
269 243
257 244
258 245
259 246
915 246
260 247
4370 247
261 248
262 249
263 250
264 251
265 252
3805 252
266 253
267 254
330 254
670 254
268 255
270 256
272 257
273 258
336 258
805 258
274 259
3826 259
5146 259
275 260
3430 260
276 261
277 262
278 263
279 264
280 265
281 266
282 267
283 268
284 269
285 270
286 271
651 271
287 272
2933 272
289 273
290 274
291 275
292 276
293 277
416 277
7315 277
7934 277
295 278
296 279
297 280
298 281
715 281
299 282
300 283
6204 283
301 284
302 285
303 286
304 287
305 288
306 289
307 290
308 291
309 292
310 293
311 294
312 295
313 296
4754 296
8011 296
314 297
315 298
316 299
317 300
592 300
4609 300
4610 300
318 301
319 302
320 303
321 304
322 305
323 306
7207 306
324 307
3869 307
5156 307
326 308
327 309
328 310
329 311
331 312
332 313
333 314
334 315
5241 315
7993 315
335 316
850 316
867 316
337 317
338 318
9073 318
340 319
341 320
342 321
343 322
6683 322
344 323
589 323
345 324
346 325
705 325
347 326
348 327
349 328
350 329
351 330
3110 330
352 331
353 332
354 333
355 334
356 335
357 336
358 337
359 338
360 339
361 340
362 341
363 342
364 343
365 344
366 345
367 346
368 347
369 348
370 349
371 350
372 351
373 352
550 352
374 353
375 354
376 355
377 356
378 357
458 357
379 358
380 359
381 360
382 361
383 362
384 363
7270 363
385 364
386 365
387 366
388 367
389 368
390 369
391 370
459 370
462 370
540 370
548 370
842 370
392 371
393 372
3155 372
394 373
395 374
396 375
397 376
398 377
399 378
400 379
535 379
3418 379
3419 379
3420 379
5923 379
401 380
402 381
4301 381
403 382
404 383
5090 383
405 384
406 385
407 386
408 387
409 388
410 389
411 390
412 391
413 392
414 393
415 394
417 395
418 396
419 397
420 398
421 399
423 400
4306 400
424 401
425 402
426 403
427 404
428 405
429 406
431 407
432 408
2166 408
433 409
434 410
750 410
435 411
436 412
437 413
438 414
9392 414
439 415
587 415
440 416
441 417
4305 417
442 418
443 419
444 420
445 421
447 422
449 423
450 424
451 425
452 426
453 427
454 428
3946 428
455 429
456 430
457 431
461 432
785 432
463 433
464 434
465 435
466 436
467 437
468 438
469 439
470 440
471 441
472 442
473 443
824 443
474 444
475 445
590 445
476 446
477 447
756 447
478 448
3865 448
479 449
480 450
481 451
482 452
483 453
484 454
485 455
486 456
3170 456
487 457
488 458
2935 458
489 459
490 460
491 461
492 462
493 463
494 464
496 465
497 466
498 467
499 468
500 469
2725 469
501 470
502 471
503 472
504 473
505 474
506 475
507 476
508 477
1623 477
509 478
510 479
511 480
512 481
513 482
514 483
515 484
2270 484
516 485
517 486
518 487
519 488
520 489
521 490
522 491
523 492
524 493
525 494
526 495
527 496
528 497
529 498
530 499
531 500
532 501
533 502
534 503
536 504
537 505
538 506
539 507
541 508
542 509
543 510
3445 510
5612 510
544 511
545 512
546 513
547 514
549 515
4616 515
551 516
552 517
2163 517
3899 517
553 518
3339 518
554 519
3857 519
555 520
4318 520
556 521
557 522
558 523
559 524
2939 524
560 525
5150 525
561 526
562 527
563 528
564 529
565 530
566 531
567 532
568 533
569 534
570 535
571 536
572 537
573 538
574 539
575 540
576 541
5250 541
7087 541
8823 541
577 542
578 543
579 544
580 545
581 546
582 547
9137 547
583 548
584 549
585 550
586 551
588 552
591 553
4893 553
593 554
594 555
595 556
596 557
716 557
758 557
873 557
597 558
598 559
599 560
826 560
600 561
3303 561
601 562
3807 562
602 563
603 564
604 565
605 566
606 567
4766 567
607 568
608 569
841 569
609 570
610 571
754 571
611 572
612 573
613 574
614 575
615 576
616 577
617 578
618 579
619 580
620 581
621 582
622 583
623 584
624 585
625 586
626 587
627 588
628 589
629 590
2895 590
630 591
631 592
632 593
633 594
634 595
635 596
636 597
637 598
4844 598
638 599
639 600
640 601
641 602
642 603
643 604
644 605
645 606
646 607
648 608
3112 608
649 609
650 610
761 610
652 611
653 612
654 613
4740 613
656 614
658 615
659 616
660 617
661 618
662 619
663 620
664 621
665 622
666 623
3780 623
667 624
668 625
669 626
671 627
672 628
673 629
2570 629
676 630
677 631
678 632
679 633
680 634
682 635
683 636
684 637
685 638
686 639
687 640
688 641
852 641
689 642
5617 642
8584 642
690 643
691 644
693 645
694 646
9252 646
695 647
6448 647
696 648
697 649
698 650
699 651
700 652
701 653
702 654
3388 654
703 655
704 656
706 657
707 658
708 659
709 660
710 661
711 662
712 663
713 664
714 665
3852 665
717 666
718 667
2934 667
719 668
720 669
721 670
722 671
723 672
724 673
3357 673
725 674
726 675
727 676
728 677
729 678
730 679
3835 679
731 680
732 681
733 682
734 683
735 684
3823 684
736 685
737 686
797 686
738 687
739 688
740 689
741 690
743 691
744 692
745 693
746 694
747 695
748 696
749 697
751 698
4586 698
753 699
755 700
757 701
759 702
760 703
762 704
763 705
765 706
3169 706
4767 706
766 707
767 708
768 709
769 710
2431 710
770 711
771 712
773 713
774 714
775 715
776 716
777 717
778 718
779 719
780 720
781 721
783 722
784 723
786 724
787 725
788 726
790 727
791 728
792 729
3874 729
793 730
794 731
795 732
846 732
796 733
799 734
800 735
6189 735
803 736
804 737
806 738
807 739
808 740
809 741
810 742
7308 742
811 743
812 744
813 745
814 746
816 747
822 747
817 748
818 749
819 750
820 751
821 752
2844 752
823 753
825 754
827 755
828 756
829 757
830 758
831 759
832 760
833 761
834 762
835 763
836 764
837 765
838 766
839 767
840 768
843 769
5962 769
844 770
5815 770
845 771
847 772
848 773
849 774
851 775
853 776
854 777
855 778
856 779
857 780
858 781
888 781
859 782
860 783
861 784
5035 784
5228 784
862 785
864 786
865 787
866 788
868 789
869 790
4760 790
870 791
871 792
872 793
874 794
875 795
876 796
877 797
878 798
879 799
880 800
901 800
881 801
882 802
883 803
884 804
885 805
886 806
887 807
1244 807
889 808
890 809
891 810
892 811
893 812
894 813
895 814
896 815
897 816
898 817
899 818
900 819
902 820
4313 820
903 821
905 822
906 823
907 824
908 825
909 826
910 827
911 828
6748 828
912 829
913 830
914 831
3167 831
917 832
918 833
919 834
920 835
921 836
922 837
923 838
926 839
927 840
5623 840
7210 840
928 841
929 842
930 843
931 844
932 845
933 846
934 847
935 848
937 849
938 850
939 851
940 852
1492 852
941 853
942 854
943 855
944 856
5512 856
945 857
946 858
947 859
948 860
2328 860
2761 860
949 861
950 862
951 863
952 864
953 865
7963 865
7964 865
8081 865
8082 865
954 866
1347 866
2214 866
5700 866
955 867
1386 867
1562 867
2842 867
956 868
957 869
958 870
959 871
960 872
2507 872
961 873
962 874
2059 874
963 875
964 876
965 877
966 878
967 879
968 880
1813 880
969 881
970 882
971 883
972 884
973 885
974 886
975 887
976 888
5531 888
977 889
1324 889
978 890
979 891
980 892
3760 892
981 893
982 894
983 895
984 896
6507 896
8152 896
985 897
986 898
8777 898
987 899
988 900
989 901
990 902
991 903
2112 903
2817 903
992 904
4759 904
993 905
994 906
995 907
996 908
997 909
998 910
999 911
1000 912
1001 913
1002 914
1003 915
1311 915
1004 916
1005 917
1006 918
1007 919
1008 920
1009 921
1010 922
1011 923
1012 924
1013 925
1014 926
1929 926
1015 927
1016 928
3934 928
1017 929
1018 930
1019 931
1020 932
5567 932
6561 932
1021 933
1022 934
1023 935
1024 936
1025 937
1026 938
1027 939
1028 940
1029 941
1030 942
1031 943
1032 944
3779 944
1033 945
1034 946
1035 947
1036 948
1037 949
2365 949
1038 950
1039 951
1040 952
1041 953
1042 954
1043 955
1044 956
8709 956
1045 957
7386 957
1046 958
1047 959
1048 960
1049 961
1050 962
1051 963
1052 964
1053 965
2325 965
1054 966
5492 966
1055 967
2720 967
1056 968
1057 969
1058 970
1059 971
1060 972
1061 973
1352 973
1062 974
2763 974
1063 975
1064 976
1065 977
2424 977
2435 977
1066 978
7465 978
1067 979
1068 980
1069 981
1070 982
1071 983
1072 984
4820 984
1073 985
3042 985
1074 986
1883 986
1075 987
1223 987
1631 987
4679 987
1076 988
1729 988
1077 989
1078 990
1079 991
1080 992
2097 992
1081 993
1082 994
1083 995
1084 996
1085 997
1086 998
1087 999
1088 1000
2359 1000
1089 1001
1090 1002
1091 1003
1092 1004
1093 1005
1094 1006
1095 1007
1096 1008
1097 1009
1098 1010
1099 1011
1100 1012
1101 1013
1828 1013
1102 1014
1103 1015
1104 1016
1105 1017
1106 1018
1107 1019
1108 1020
2693 1020
1109 1021
1110 1022
1111 1023
1112 1024
1113 1025
1114 1026
1115 1027
1116 1028
1117 1029
1118 1030
1609 1030
1119 1031
1120 1032
2973 1032
1121 1033
1122 1034
1529 1034
1123 1035
2041 1035
1124 1036
1125 1037
2470 1037
1126 1038
1127 1039
1128 1040
1129 1041
5961 1041
1130 1042
1131 1043
1132 1044
1320 1044
1133 1045
1134 1046
1135 1047
8848 1047
1136 1048
2976 1048
1137 1049
1138 1050
2658 1050
1139 1051
1140 1052
2080 1052
1141 1053
1142 1054
1143 1055
1144 1056
1145 1057
1472 1057
2459 1057
1146 1058
1147 1059
1148 1060
1587 1060
2529 1060
5773 1060
1149 1061
1150 1062
1151 1063
1152 1064
1153 1065
1154 1066
1155 1067
1156 1068
1913 1068
2208 1068
2755 1068
1157 1069
1158 1070
1159 1071
1160 1072
1903 1072
2386 1072
2648 1072
1161 1073
1162 1074
1841 1074
1163 1075
2502 1075
1164 1076
1165 1077
1166 1078
1167 1079
1168 1080
1435 1080
5537 1080
1169 1081
1170 1082
1171 1083
1172 1084
1173 1085
1174 1086
1914 1086
1175 1087
2347 1087
1176 1088
1415 1088
1177 1089
1950 1089
1178 1090
1179 1091
1180 1092
2709 1092
1181 1093
1182 1094
2086 1094
1183 1095
1184 1096
1186 1097
1187 1098
1188 1099
1189 1100
1190 1101
1191 1102
8533 1102
1192 1103
1193 1104
1194 1105
2073 1105
1195 1106
1196 1107
1197 1108
1198 1109
1199 1110
1200 1111
1201 1112
1454 1112
1202 1113
1203 1114
1204 1115
1205 1116
1206 1117
1207 1118
1208 1119
1209 1120
1210 1121
1211 1122
1212 1123
1213 1124
1214 1125
1216 1126
1217 1127
1218 1128
1219 1129
1220 1130
2433 1130
1221 1131
1222 1132
1224 1133
1225 1134
1226 1135
1227 1136
2060 1136
2374 1136
1228 1137
1229 1138
1230 1139
1231 1140
2114 1140
1232 1141
1233 1142
1420 1142
1234 1143
1235 1144
2087 1144
1236 1145
1237 1146
1238 1147
1239 1148
5543 1148
1240 1149
1241 1150
1242 1151
1243 1152
1245 1153
1246 1154
1712 1154
1247 1155
1248 1156
1249 1157
1250 1158
2381 1158
1251 1159
1252 1160
2782 1160
1253 1161
1254 1162
4757 1162
5615 1162
9499 1162
1255 1163
5536 1163
1256 1164
2076 1164
2091 1164
1257 1165
1258 1166
1259 1167
1260 1168
1261 1169
1262 1170
1373 1170
1263 1171
1966 1171
1264 1172
1265 1173
1266 1174
1267 1175
1424 1175
1268 1176
1269 1177
1270 1178
2591 1178
1271 1179
1272 1180
1273 1181
1274 1182
1275 1183
2025 1183
2557 1183
1276 1184
5493 1184
1277 1185
1278 1186
1279 1187
2203 1187
1280 1188
1281 1189
1282 1190
1283 1191
1284 1192
1285 1193
2202 1193
1286 1194
5530 1194
1287 1195
1288 1196
1289 1197
1290 1198
1291 1199
1292 1200
1293 1201
1294 1202
1295 1203
1790 1203
1296 1204
1297 1205
1298 1206
1299 1207
1300 1208
3441 1208
1301 1209
1302 1210
1303 1211
1304 1212
1305 1213
1321 1213
1306 1214
1307 1215
1308 1216
1309 1217
1310 1218
1312 1219
1313 1220
1314 1221
1315 1222
1316 1223
1317 1224
1318 1225
1319 1226
1322 1227
1323 1228
1325 1229
1326 1230
1327 1231
1328 1232
1329 1233
1330 1234
1331 1235
1332 1236
1333 1237
1334 1238
1335 1239
1336 1240
6076 1240
1337 1241
1338 1242
5830 1242
1339 1243
1340 1244
1341 1245
2478 1245
3044 1245
1342 1246
1343 1247
5254 1247
9503 1247
1344 1248
1345 1249
1346 1250
1348 1251
1667 1251
5824 1251
1349 1252
1350 1253
1351 1254
1353 1255
1354 1256
1355 1257
1715 1257
1356 1258
1661 1258
1357 1259
1358 1260
1359 1261
2142 1261
2647 1261
1360 1262
3777 1262
1361 1263
1362 1264
2750 1264
1363 1265
1364 1266
1365 1267
1366 1268
1367 1269
1368 1270
1369 1271
1370 1272
2181 1272
1371 1273
2189 1273
2818 1273
1372 1274
1374 1275
1540 1275
1375 1276
1376 1277
1377 1278
1378 1279
1380 1280
1381 1281
1382 1282
1383 1283
1695 1283
1384 1284
1385 1285
1387 1286
1388 1287
2493 1287
2575 1287
1389 1288
1390 1289
2678 1289
1391 1290
1392 1291
6775 1291
1393 1292
1394 1293
1395 1294
1396 1295
1397 1296
1398 1297
1399 1298
2542 1298
1400 1299
2032 1299
1401 1300
1402 1301
5538 1301
1403 1302
1404 1303
1405 1304
1943 1304
1406 1305
1407 1306
1408 1307
2199 1307
2612 1307
1409 1308
1410 1309
1411 1310
1412 1311
1413 1312
1414 1313
1416 1314
1417 1315
1882 1315
2437 1315
1418 1316
4762 1316
1419 1317
1421 1318
1422 1319
1423 1320
1425 1321
1426 1322
1427 1323
1464 1323
1500 1323
2343 1323
5544 1323
5545 1323
5720 1323
5851 1323
1428 1324
1429 1325
1430 1326
1431 1327
3801 1327
7966 1327
1432 1328
1433 1329
1434 1330
1436 1331
1437 1332
2292 1332
1438 1333
1439 1334
1440 1335
1441 1336
4302 1336
8200 1336
1442 1337
1443 1338
1444 1339
1445 1340
4343 1340
1446 1341
1447 1342
1448 1343
2289 1343
1449 1344
1450 1345
1451 1346
1452 1347
1453 1348
5995 1348
1455 1349
7633 1349
1456 1350
1523 1350
2445 1350
5719 1350
1457 1351
1458 1352
1459 1353
1460 1354
1461 1355
1462 1356
4852 1356
1463 1357
1465 1358
1466 1359
1467 1360
1468 1361
1469 1362
1470 1363
1471 1364
7756 1364
1473 1365
1474 1366
1475 1367
1476 1368
1477 1369
1478 1370
1479 1371
1480 1372
1481 1373
1482 1374
1483 1375
1484 1376
1485 1377
4942 1377
5958 1377
1486 1378
1487 1379
1488 1380
1489 1381
1490 1382
1491 1383
1493 1384
1494 1385
1495 1386
2497 1386
6237 1386
6238 1386
7351 1386
1496 1387
1689 1387
1497 1388
1498 1389
6236 1389
7507 1389
1499 1390
1501 1391
1502 1392
1783 1392
3887 1392
9580 1392
9632 1392
9633 1392
9638 1392
1503 1393
1766 1393
3626 1393
1504 1394
1505 1395
1506 1396
1507 1397
1508 1398
1509 1399
1510 1400
1511 1401
1512 1402
4997 1402
1513 1403
1514 1404
1515 1405
1516 1406
1517 1407
4758 1407
1518 1408
3699 1408
1519 1409
1520 1410
1521 1411
1522 1412
2724 1412
1524 1413
1525 1414
1526 1415
1527 1416
1910 1416
1530 1417
1531 1418
1532 1419
1533 1420
1534 1421
1535 1422
1536 1423
1537 1424
1538 1425
1539 1426
1541 1427
1542 1428
1543 1429
3875 1429
5145 1429
9338 1429
1544 1430
2409 1430
1545 1431
4940 1431
1546 1432
1547 1433
1548 1434
1549 1435
1550 1436
1551 1437
1552 1438
1553 1439
1554 1440
1555 1441
1556 1442
1557 1443
1558 1444
1559 1445
6233 1445
7416 1445
1560 1446
1561 1447
1563 1448
1564 1449
1565 1450
1566 1451
2061 1451
1567 1452
1568 1453
1569 1454
1570 1455
1571 1456
1572 1457
1573 1458
1574 1459
1575 1460
1576 1461
3954 1461
1577 1462
1578 1463
1579 1464
1580 1465
1581 1466
1582 1467
5084 1467
1583 1468
1584 1469
1585 1470
1586 1471
1635 1471
2043 1471
3819 1471
3820 1471
1588 1472
1589 1473
1590 1474
1591 1475
8338 1475
1592 1476
1593 1477
1594 1478
1595 1479
1596 1480
1597 1481
1598 1482
1599 1483
1600 1484
1601 1485
1602 1486
3676 1486
6234 1486
7417 1486
1603 1487
1604 1488
1605 1489
1606 1490
3692 1490
1607 1491
1608 1492
1610 1493
1611 1494
4863 1494
1612 1495
1614 1496
1615 1497
1616 1498
1617 1499
1618 1500
1619 1500
1620 1501
1621 1502
1622 1503
1624 1504
1625 1505
1626 1506
1627 1507
1628 1508
1629 1509
1646 1509
1687 1509
2303 1509
2699 1509
1630 1510
1632 1511
4396 1511
1633 1512
1756 1512
1634 1513
1636 1514
1637 1515
1638 1516
4772 1516
1639 1517
1640 1518
2314 1518
1641 1519
2315 1519
2779 1519
1642 1520
1643 1521
1644 1522
1645 1523
1647 1524
1648 1525
1931 1525
1649 1526
1650 1527
1651 1528
1652 1529
1653 1530
1654 1531
1655 1532
1656 1533
1657 1534
2017 1534
1658 1535
1659 1536
1660 1537
1662 1538
1663 1539
1664 1540
1665 1541
1666 1542
1668 1543
1880 1543
2515 1543
2747 1543
1669 1544
1670 1545
1671 1546
1672 1547
4771 1547
1673 1548
1674 1549
1675 1550
1676 1551
1677 1552
1678 1553
1679 1554
1680 1555
1681 1556
1682 1557
5525 1557
1683 1558
1684 1559
1685 1560
1686 1561
5599 1561
1688 1562
1690 1563
1691 1564
1692 1565
1693 1566
1694 1567
1696 1568
1697 1569
1698 1570
1699 1571
1700 1572
1701 1573
1702 1574
1703 1575
1704 1576
1705 1577
1706 1578
3463 1578
1707 1579
1708 1580
1709 1581
1710 1582
2802 1582
1711 1583
5278 1583
1713 1584
1714 1585
1716 1586
1717 1587
1718 1588
1975 1588
1719 1589
2799 1589
1720 1590
1721 1591
4727 1591
9559 1591
1722 1592
1723 1593
1724 1594
1725 1595
1726 1596
1727 1597
1728 1598
1730 1599
1731 1600
1732 1601
1733 1602
3031 1602
1734 1603
1735 1604
1736 1605
3871 1605
1737 1606
1738 1607
1739 1608
1740 1609
1741 1610
1742 1611
2569 1611
1743 1612
1744 1613
1745 1614
1746 1615
1747 1616
1748 1617
1749 1618
1750 1619
1751 1620
3876 1620
5113 1620
1752 1621
1753 1622
1754 1623
1755 1624
1757 1625
1758 1626
1759 1627
1760 1628
1761 1629
1762 1630
1763 1631
1830 1631
5540 1631
1764 1632
1765 1633
1767 1634
1768 1635
1769 1636
1770 1637
1771 1638
1772 1639
1773 1640
1774 1641
1775 1642
1776 1643
1971 1643
2397 1643
1777 1644
1778 1645
1779 1646
1780 1647
1781 1648
1782 1649
1784 1650
1911 1650
2037 1650
1785 1651
1786 1652
1787 1653
1788 1654
1789 1655
1791 1656
1792 1657
2197 1657
1793 1658
1794 1659
1795 1660
1796 1661
1797 1662
1798 1663
1799 1664
1981 1664
1800 1665
1801 1666
1802 1667
1803 1668
1804 1669
1805 1670
1806 1671
1807 1672
1808 1673
1809 1674
9842 1674
1810 1675
1811 1676
1812 1677
1814 1678
1815 1679
4224 1679
1816 1680
1817 1681
1818 1682
5534 1682
1819 1683
1820 1684
1821 1685
1822 1686
1823 1687
1824 1688
1825 1689
1826 1690
1827 1691
2453 1691
1829 1692
5291 1692
1831 1693
1832 1694
1833 1695
1834 1696
1835 1697
1836 1698
1837 1699
1838 1700
1839 1701
1840 1702
1842 1703
1843 1704
3958 1704
1844 1705
2392 1705
6245 1705
6246 1705
7421 1705
7445 1705
1845 1706
1846 1707
1847 1708
1848 1709
1849 1710
1850 1711
1851 1712
5732 1712
1852 1713
1853 1714
1854 1715
1856 1716
1857 1717
1858 1718
1859 1719
1860 1720
1861 1721
2744 1721
1862 1722
2985 1722
1863 1723
1864 1724
1865 1725
1866 1726
1867 1727
1868 1728
1869 1729
1870 1730
6328 1730
9856 1730
1871 1731
1872 1732
1873 1733
1874 1734
1932 1734
2102 1734
6324 1734
1875 1735
1876 1736
1877 1737
1878 1738
1879 1739
1881 1740
1884 1741
4934 1741
1885 1742
1886 1743
1887 1744
1888 1745
1889 1746
1890 1747
1891 1748
1892 1749
1893 1750
1894 1751
1895 1752
1896 1753
1897 1754
1898 1755
1899 1756
1900 1757
1901 1758
1902 1759
1904 1760
3873 1760
5070 1760
1905 1761
8092 1761
1906 1762
1976 1762
1907 1763
1908 1764
1909 1765
1912 1766
1915 1767
1916 1768
1917 1769
1918 1770
1919 1771
1920 1772
1921 1773
1922 1774
1923 1775
1924 1776
1925 1777
1926 1778
1927 1779
1928 1780
1930 1781
1933 1782
1934 1783
1935 1784
1936 1785
1937 1786
2291 1786
3147 1786
1938 1787
1939 1788
1940 1789
1941 1790
5523 1790
1942 1791
1944 1792
1945 1793
1946 1794
1947 1795
1948 1796
1949 1797
1951 1798
9747 1798
1952 1799
1953 1800
1954 1801
2764 1801
1955 1802
1956 1803
1957 1804
1958 1805
1959 1806
1960 1807
9133 1807
1961 1808
1962 1809
1963 1810
1964 1811
1965 1812
1967 1813
1968 1814
1969 1815
1970 1816
1972 1817
1973 1818
1974 1819
1977 1820
1978 1821
1979 1822
1980 1823
4717 1823
1982 1824
2455 1824
1983 1825
1984 1826
1985 1827
1986 1828
4439 1828
5317 1828
5624 1828
7081 1828
1987 1829
9315 1829
1988 1830
1989 1831
1990 1832
1991 1833
1992 1834
1993 1835
1994 1836
1995 1837
1996 1838
2336 1838
1997 1839
1998 1840
1999 1841
2000 1842
2001 1843
2002 1844
2003 1845
2004 1846
2005 1847
2006 1848
2616 1848
2695 1848
2007 1849
4938 1849
2008 1850
2009 1851
2010 1852
2011 1853
2012 1854
2013 1855
2014 1856
2015 1857
2016 1858
3956 1858
2018 1859
2019 1860
2020 1861
2070 1861
2021 1862
2022 1863
2171 1863
2023 1864
2024 1865
2974 1865
4234 1865
2026 1866
2027 1867
2028 1868
5446 1868
2029 1869
2030 1870
2031 1871
2033 1872
2034 1873
2035 1874
2036 1875
2038 1876
2039 1877
2040 1878
2042 1879
2044 1880
2045 1881
2046 1882
2047 1883
2048 1884
2049 1885
2050 1886
2051 1887
2052 1888
2053 1889
4400 1889
2054 1890
2055 1891
2056 1892
5494 1892
2057 1893
2058 1894
2062 1895
2063 1896
2064 1897
2065 1898
2066 1899
2067 1900
2068 1901
2069 1902
2071 1903
2072 1904
2215 1904
2074 1905
7348 1905
7519 1905
2075 1906
2077 1907
2078 1908
2079 1909
2081 1910
2082 1911
2083 1912
2084 1913
2085 1914
2088 1915
2089 1916
2090 1917
8467 1917
2092 1918
2093 1919
2094 1920
4547 1920
2095 1921
2096 1922
2098 1923
3106 1923
3817 1923
7984 1923
2099 1924
2100 1925
2290 1925
2101 1926
2103 1927
2104 1928
2105 1929
2106 1930
2107 1931
2317 1931
2108 1932
2109 1933
2110 1934
2111 1935
2113 1936
2115 1937
2116 1938
2117 1939
2118 1940
2119 1941
2120 1942
2121 1943
2122 1944
2123 1945
2124 1946
2125 1947
2126 1948
2127 1949
2128 1950
2129 1951
3802 1951
8084 1951
2130 1952
2131 1953
2132 1954
2133 1955
2134 1956
2135 1957
2136 1958
2137 1959
2138 1960
2139 1961
2140 1962
2141 1963
2143 1964
2144 1965
2145 1966
2146 1967
2737 1967
2147 1968
2148 1969
2149 1970
2150 1971
2151 1972
2152 1973
2489 1973
2153 1974
2154 1975
2155 1976
2156 1977
2157 1978
2158 1979
2159 1980
2160 1981
2161 1982
2162 1983
2164 1984
2165 1985
2167 1986
2168 1987
2169 1988
2170 1989
2172 1990
2173 1991
2174 1992
2175 1993
2176 1994
2177 1995
2178 1996
2179 1997
2180 1998
2182 1999
2183 2000
2184 2001
2185 2002
2219 2002
2186 2003
2187 2004
5772 2004
2188 2005
2338 2005
2190 2006
2191 2007
2192 2008
2193 2009
2194 2010
2195 2011
2196 2012
2198 2013
2337 2013
2200 2014
2681 2014
2201 2015
5226 2015
2204 2016
5171 2016
2205 2017
2206 2018
2207 2019
2209 2020
2210 2021
2211 2022
2212 2023
2213 2024
2216 2025
2217 2026
2218 2027
2220 2028
2221 2029
2222 2030
5533 2030
2223 2031
2224 2032
2225 2033
2480 2033
2226 2034
2227 2035
3961 2035
5332 2035
2228 2036
2229 2037
2230 2038
2231 2039
2232 2040
2233 2041
2234 2042
5496 2042
2235 2043
2236 2044
2237 2045
2238 2046
2239 2047
2240 2048
2241 2049
2242 2050
2243 2051
2244 2052
2245 2053
2246 2054
2247 2055
2248 2056
2249 2057
2250 2058
2251 2059
2252 2060
2253 2061
2254 2062
2255 2063
2321 2063
2256 2064
2605 2064
2257 2065
3847 2065
2258 2066
2259 2067
2260 2068
2261 2069
2262 2070
2263 2071
2264 2072
2265 2073
2266 2074
4680 2074
2267 2075
2268 2076
3878 2076
5213 2076
5269 2076
7625 2076
2269 2077
2271 2078
2272 2079
2273 2080
2274 2081
2361 2081
2275 2082
2276 2083
2277 2084
2278 2085
2279 2086
2280 2087
2281 2088
2282 2089
2563 2089
2283 2090
3756 2090
2284 2091
2285 2092
2286 2093
2287 2094
2288 2095
2293 2096
2294 2097
2295 2098
2296 2099
3468 2099
2297 2100
2298 2101
2299 2102
2300 2103
8475 2103
2301 2104
2302 2105
2304 2106
8368 2106
2305 2107
2306 2108
2307 2109
2308 2110
2309 2111
2310 2112
2311 2113
2312 2114
2313 2115
2316 2116
2318 2117
2319 2118
2320 2119
2322 2120
2323 2121
2324 2122
2326 2123
2327 2124
2329 2125
2330 2126
8186 2126
2331 2127
2332 2128
2333 2129
2334 2130
2335 2131
2339 2132
2340 2133
2341 2134
2342 2135
2344 2136
2345 2137
2346 2138
2348 2139
2349 2140
2350 2141
2351 2142
2547 2142
2352 2143
2353 2144
3829 2144
2354 2145
2355 2146
2356 2147
2357 2148
4735 2148
2358 2149
2360 2150
2362 2151
2363 2152
2364 2153
2366 2154
2367 2155
2368 2156
2369 2157
2370 2158
2371 2159
2372 2160
2373 2161
2375 2162
3957 2162
4941 2162
2376 2163
2377 2164
2378 2165
2379 2166
2380 2167
2382 2168
2383 2169
2384 2170
2385 2171
2387 2172
2388 2173
2389 2174
2390 2175
2391 2176
2393 2177
2394 2178
2395 2179
2396 2180
2398 2181
2399 2182
2400 2183
2401 2184
2402 2185
2403 2186
2404 2187
2405 2188
7532 2188
2406 2189
2407 2190
2408 2191
5598 2191
2410 2192
2411 2193
2412 2194
2413 2195
2414 2196
2415 2197
2416 2198
2417 2199
2418 2200
2966 2200
2419 2201
2420 2202
2421 2203
2422 2204
2423 2205
2425 2206
2426 2207
2427 2208
2428 2209
2429 2210
2430 2211
2432 2212
2434 2213
2436 2214
2438 2215
2439 2216
2440 2217
2441 2218
2442 2219
2443 2220
2444 2221
9126 2221
2446 2222
2447 2223
2448 2224
2449 2225
2450 2226
2451 2227
3955 2227
4939 2227
2452 2228
5845 2228
2454 2229
2456 2230
2457 2231
2458 2232
2460 2233
2461 2234
2462 2235
2463 2236
2464 2237
2465 2238
2466 2239
2467 2240
2886 2240
5614 2240
2468 2241
2469 2242
2471 2243
2472 2244
5696 2244
2473 2245
2474 2246
2475 2247
2476 2248
2477 2249
2479 2250
2481 2251
2482 2252
2483 2253
2500 2253
2484 2254
2485 2255
2486 2256
2487 2257
2488 2258
2490 2259
2491 2260
2492 2261
2494 2262
2495 2263
2496 2264
2498 2265
2499 2266
2501 2267
2503 2268
2504 2269
2505 2270
2506 2271
2508 2272
2509 2273
2510 2274
2511 2275
2512 2276
2513 2277
2514 2278
2516 2279
2517 2280
6232 2280
7278 2280
2518 2281
2519 2282
2520 2283
2521 2284
2522 2285
2523 2286
9143 2286
2524 2287
2525 2288
2526 2289
2527 2290
2528 2291
2530 2292
3825 2292
2531 2293
2532 2294
2533 2295
2534 2296
2535 2297
2536 2298
2537 2299
2538 2300
2539 2301
8526 2301
2540 2302
2541 2303
2543 2304
2544 2305
2545 2306
2546 2307
2548 2308
2549 2309
2550 2310
2551 2311
2552 2312
2553 2313
2554 2314
2555 2315
2556 2316
2558 2317
2559 2318
2560 2319
3959 2319
2561 2320
2562 2321
2564 2322
2565 2323
2566 2324
2567 2325
2568 2326
2571 2327
2572 2328
2573 2329
2574 2330
2576 2331
2577 2332
2578 2333
2579 2334
9239 2334
2580 2335
2581 2336
2582 2337
2583 2338
2584 2339
8017 2339
2585 2340
2586 2341
3016 2341
5825 2341
2587 2342
2588 2343
2589 2344
2590 2345
2592 2346
2593 2347
4708 2347
5695 2347
8188 2347
2594 2348
2595 2349
2596 2350
5105 2350
5229 2350
2597 2351
2598 2352
2599 2353
2600 2354
2601 2355
2602 2356
2603 2357
2604 2358
2606 2359
2607 2360
2608 2361
2609 2362
2610 2363
3536 2363
2611 2364
2613 2365
3960 2365
2614 2366
2615 2367
2617 2368
2618 2369
2619 2370
2620 2371
2621 2372
2622 2373
2623 2374
7080 2374
2624 2375
2727 2375
2625 2376
2626 2377
2627 2378
2628 2379
2629 2380
6230 2380
2630 2381
2631 2382
2632 2383
2633 2384
2634 2385
2635 2386
2636 2387
2637 2388
2638 2389
3678 2389
2639 2390
2640 2391
2641 2392
3185 2392
4227 2392
2642 2393
2643 2394
2644 2395
2645 2396
2646 2397
2649 2398
2650 2399
2651 2400
2652 2401
2653 2402
2654 2403
2655 2404
2656 2405
2657 2406
9269 2406
2659 2407
2660 2408
2661 2409
2662 2410
2806 2410
2663 2411
2664 2412
2665 2413
2666 2414
2667 2415
2668 2416
2669 2417
2670 2418
2858 2418
2671 2419
2672 2420
2673 2421
2674 2422
2675 2423
2676 2424
2677 2425
2679 2426
2680 2427
2682 2428
2683 2429
2684 2430
2685 2431
2686 2432
2687 2433
2688 2434
2689 2435
2690 2436
2691 2437
2692 2438
2694 2439
4770 2439
2696 2440
2697 2441
2698 2442
2700 2443
2702 2444
2703 2445
2704 2446
2705 2447
2833 2447
2706 2448
2841 2448
2707 2449
2708 2450
2710 2451
2711 2452
2712 2453
2713 2454
2714 2455
2715 2456
2716 2457
2717 2458
2718 2459
2719 2460
2721 2461
2722 2462
5022 2462
2723 2463
2726 2464
2728 2465
2729 2466
2730 2467
2731 2468
2732 2469
2733 2470
2734 2471
2735 2472
2736 2473
2738 2474
2739 2475
2740 2476
2741 2477
2742 2478
2830 2478
2743 2479
2745 2480
2746 2481
2748 2482
2749 2483
2751 2484
2752 2485
2753 2486
2754 2487
2756 2488
2757 2489
2758 2490
5513 2490
2759 2491
3877 2491
2760 2492
8760 2492
2762 2493
2765 2494
2766 2495
2767 2496
2957 2496
2768 2497
2769 2498
2770 2499
2771 2500
2772 2501
2773 2502
2774 2503
2775 2504
2776 2505
2777 2506
2778 2507
2780 2508
2781 2509
2783 2510
2784 2511
2785 2512
3309 2512
2786 2513
2787 2514
2788 2515
2789 2516
2790 2517
2791 2518
2792 2519
2793 2520
2794 2521
2795 2522
2796 2523
2797 2524
2798 2525
2800 2526
2801 2527
2803 2528
2804 2529
5596 2529
2805 2530
5714 2530
2807 2531
2808 2532
2809 2533
3183 2533
2810 2534
2811 2535
2812 2536
2813 2537
2814 2538
2815 2539
2816 2540
2819 2541
2820 2542
2821 2543
2822 2544
2823 2545
2824 2546
2825 2547
2826 2548
2827 2549
2828 2550
2829 2551
2831 2552
2832 2553
2834 2554
2835 2555
2836 2556
5541 2556
2837 2557
2838 2558
2839 2559
2840 2560
2843 2561
2845 2562
2846 2563
2847 2564
2848 2565
2849 2566
2850 2567
2851 2568
2852 2569
2853 2570
2854 2571
2855 2572
2856 2573
2857 2574
2859 2575
6000 2575
2860 2576
2861 2577
2862 2578
2863 2579
7996 2579
2864 2580
3693 2580
2865 2581
4734 2581
2866 2582
2867 2583
3118 2583
4745 2583
2868 2584
2869 2585
4724 2585
2870 2586
2871 2587
2872 2588
2873 2589
2972 2589
3017 2589
2874 2590
2875 2591
4626 2591
7550 2591
2876 2592
5263 2592
8264 2592
2877 2593
2878 2594
2879 2595
2880 2596
4747 2596
8364 2596
2881 2597
2882 2598
2883 2599
2884 2600
4923 2600
2885 2601
8005 2601
2887 2602
2888 2603
2889 2604
2994 2604
3040 2604
2890 2605
2891 2606
2892 2607
2893 2608
2894 2609
8126 2609
9557 2609
2896 2610
2897 2611
8208 2611
2898 2612
2899 2613
5078 2613
2900 2614
2901 2615
2902 2616
2903 2617
4155 2617
5191 2617
2904 2618
2905 2619
2906 2620
2907 2621
2908 2622
2909 2623
2910 2624
2911 2625
3133 2625
2912 2626
3048 2626
2913 2627
2914 2628
2915 2629
2916 2630
2917 2631
2918 2632
2919 2633
2920 2634
2921 2635
3859 2635
2922 2636
2923 2637
2924 2638
2925 2639
2926 2640
2927 2641
2928 2642
2929 2642
3654 2642
2930 2643
7937 2643
2931 2644
4729 2644
2932 2645
2936 2646
4935 2646
2937 2647
4936 2647
2938 2648
4937 2648
2940 2649
5331 2649
7476 2649
2941 2650
2942 2651
2943 2652
3456 2652
2944 2653
2945 2654
2946 2655
2947 2656
4943 2656
7757 2656
2948 2657
2949 2658
2952 2658
3053 2658
2950 2659
2951 2660
2953 2661
2954 2662
2955 2663
2956 2664
2958 2665
2959 2666
3055 2666
2960 2667
3479 2667
4588 2667
2961 2668
2962 2669
2963 2670
2964 2671
2965 2672
2967 2673
2968 2674
2969 2675
2970 2675
7967 2675
2971 2676
5182 2676
2975 2677
2977 2678
8479 2678
2978 2679
2979 2680
7970 2680
2980 2681
2981 2682
2982 2683
4723 2683
2983 2684
7941 2684
2984 2685
7943 2685
2986 2686
7942 2686
2987 2687
2988 2688
2989 2689
5133 2689
8205 2689
2990 2690
2991 2691
2992 2692
3685 2692
2993 2693
2995 2694
7982 2694
2996 2695
2997 2696
2998 2697
2999 2698
3000 2699
3001 2700
3002 2701
3003 2702
3004 2703
3005 2704
3006 2705
3007 2706
3008 2707
3009 2708
5091 2708
3010 2709
3011 2710
3012 2711
8132 2711
3013 2712
3014 2713
3015 2714
3018 2715
5163 2715
3019 2716
3020 2717
3021 2718
3022 2719
3023 2720
3024 2721
3025 2722
3026 2723
3027 2724
3028 2725
3029 2726
3030 2727
3032 2728
3033 2729
3067 2729
3034 2730
3035 2731
3036 2732
3037 2733
3038 2734
3039 2735
3041 2736
3043 2737
3045 2738
3046 2739
3047 2740
3049 2741
3050 2741
3051 2742
3052 2743
3054 2744
3056 2745
3057 2745
3058 2746
3059 2747
3060 2748
3061 2749
3062 2750
3063 2751
3064 2752
3065 2753
3066 2754
3068 2755
3069 2756
3070 2757
5224 2757
3071 2758
3072 2759
3073 2760
3074 2761
3075 2762
3076 2763
3077 2764
7946 2764
7947 2764
3078 2765
3079 2766
3080 2767
9541 2767
3081 2768
3082 2769
3083 2769
3084 2769
3085 2770
5142 2770
3086 2771
7954 2771
3087 2772
3088 2772
3089 2773
3090 2774
3091 2775
3092 2776
9526 2776
3093 2777
3094 2778
5165 2778
3095 2779
7965 2779
3096 2780
3097 2781
3098 2782
3099 2783
5141 2783
3100 2784
5232 2784
3101 2785
4738 2785
3102 2786
3103 2787
3104 2788
7980 2788
3105 2789
4741 2789
3107 2790
4113 2790
8274 2790
3108 2791
3109 2792
3111 2793
3611 2793
3113 2794
3114 2795
7988 2795
3115 2796
8095 2796
3116 2797
3117 2798
4744 2798
3119 2799
5255 2799
3120 2800
3840 2800
3121 2801
3122 2802
3123 2803
3124 2803
3125 2803
3126 2804
3127 2805
3128 2806
3129 2807
3850 2807
3130 2808
3131 2809
3132 2810
8018 2810
3134 2811
8209 2811
3135 2812
3136 2813
8145 2813
3137 2814
3138 2815
3139 2816
3140 2817
3141 2817
3142 2817
3853 2817
6712 2817
8021 2817
8148 2817
3143 2818
4761 2818
3144 2819
9553 2819
3145 2820
3146 2821
3148 2822
3149 2823
3150 2824
3151 2825
3152 2826
3153 2827
3154 2828
3156 2829
3157 2830
3158 2831
3159 2832
3160 2833
3161 2834
3162 2835
3163 2836
3164 2837
3165 2838
3166 2839
3168 2840
3171 2841
3172 2842
3173 2842
3174 2843
7342 2843
3175 2844
5124 2844
3176 2845
4946 2845
3177 2846
3178 2847
3179 2848
4947 2848
3180 2849
5336 2849
3181 2850
5341 2850
3182 2851
4566 2851
3184 2852
4229 2852
6429 2852
3186 2853
3187 2854
3188 2855
3189 2856
3190 2856
3191 2857
3192 2858
5646 2858
3193 2859
3194 2859
3195 2860
3196 2860
3197 2860
3200 2860
3198 2861
3199 2861
3202 2861
3203 2861
3201 2862
3204 2863
3205 2864
3206 2865
5669 2865
3207 2866
3208 2866
5057 2866
3209 2867
3210 2868
3211 2868
3212 2869
3213 2870
3214 2871
3215 2872
3216 2873
3217 2874
3218 2875
3219 2876
3220 2877
3221 2878
3222 2879
3223 2880
3224 2881
3225 2882
3226 2883
3227 2884
3228 2885
3229 2886
3230 2887
3231 2888
3232 2889
3233 2890
3234 2891
3235 2892
3236 2893
3237 2894
3238 2895
3239 2896
3240 2897
3241 2898
3242 2899
3243 2900
3244 2901
3245 2902
3246 2903
3247 2904
3248 2905
3249 2906
3250 2907
3251 2908
3252 2909
3253 2910
3254 2911
3255 2912
3256 2913
3257 2914
3258 2915
3259 2916
3260 2917
3261 2918
3262 2919
3263 2920
3264 2921
3265 2922
3266 2923
3267 2924
3268 2925
6072 2925
3269 2926
3270 2927
3271 2928
3272 2929
3273 2930
3274 2931
3275 2932
3276 2933
3277 2934
3278 2935
3279 2936
3280 2937
3281 2938
3282 2939
3283 2940
3284 2941
3285 2942
3286 2943
3287 2944
3288 2945
3289 2946
3290 2947
3291 2948
3292 2949
3293 2950
3294 2951
3295 2952
3296 2953
3297 2954
3298 2955
3299 2956
3300 2957
3301 2958
3302 2959
3304 2960
3305 2961
3306 2962
3307 2963
4615 2963
3308 2964
3310 2965
3311 2966
7378 2966
3312 2967
5909 2967
3313 2968
3314 2969
3315 2970
3316 2971
3317 2972
3318 2973
3319 2974
3320 2975
3321 2976
3322 2977
3323 2978
7454 2978
3324 2979
3325 2980
3326 2981
3327 2982
3328 2983
3329 2984
3330 2985
3331 2986
3332 2987
3333 2988
3334 2989
3335 2990
3336 2991
3337 2992
3338 2993
3340 2994
3341 2995
5149 2995
3342 2996
3343 2997
3344 2998
3345 2999
3346 3000
5236 3000
3347 3001
7409 3001
3349 3002
3350 3003
3351 3004
9989 3004
3352 3005
3353 3006
3354 3007
3355 3008
3356 3009
3358 3010
3359 3011
3360 3012
3361 3013
3362 3014
5458 3014
3363 3015
3364 3016
3365 3017
3366 3018
3367 3019
4885 3019
3368 3020
3369 3021
3370 3022
3371 3023
3372 3024
3373 3025
3374 3026
3375 3027
3376 3028
9987 3028
3377 3029
7384 3029
3378 3030
7350 3030
3379 3031
3380 3032
3381 3033
3382 3034
3383 3035
3384 3036
3385 3037
3386 3038
3387 3039
3389 3040
3390 3041
3391 3042
3392 3043
3393 3044
3395 3044
3399 3044
3400 3044
3401 3044
3394 3045
3396 3046
3397 3047
5369 3047
3398 3048
3402 3049
3403 3050
3404 3051
3405 3052
5917 3052
3406 3053
3407 3054
3408 3055
3409 3056
3410 3057
3411 3058
3412 3059
3413 3060
3414 3061
3415 3062
3416 3063
3417 3064
3421 3065
3422 3066
3423 3067
3424 3068
3425 3068
3426 3068
3428 3068
3427 3069
3429 3070
3431 3071
3432 3072
3433 3072
3434 3073
3435 3073
3436 3074
3437 3075
3438 3076
3439 3077
3440 3078
3442 3079
3443 3080
3444 3081
3446 3082
3447 3083
3448 3084
3449 3085
3450 3086
3451 3087
3452 3088
3453 3089
3454 3090
5243 3090
3455 3091
3457 3092
5283 3092
3458 3093
5280 3093
3459 3094
5044 3094
6091 3094
3460 3095
5200 3095
3461 3096
5176 3096
3462 3097
3464 3098
3465 3099
3466 3100
5108 3100
6131 3100
3467 3101
5214 3101
3469 3102
3470 3103
5080 3103
6629 3103
3471 3104
5177 3104
3472 3105
3473 3106
4152 3106
3474 3107
7956 3107
3475 3108
3476 3109
8150 3109
3477 3110
3478 3111
3480 3112
4578 3112
6453 3112
3481 3113
4954 3113
3482 3114
3483 3115
3484 3116
3485 3117
3486 3118
3487 3119
3488 3120
8212 3120
3489 3121
3490 3122
3491 3123
3492 3124
4791 3124
3493 3125
3494 3126
3495 3127
3496 3128
3497 3129
3498 3130
3499 3131
3501 3132
3502 3133
3503 3134
3504 3135
3505 3136
3506 3136
3507 3137
3508 3138
3509 3139
3510 3140
3511 3141
3512 3142
3513 3143
3514 3144
3515 3145
3516 3146
3517 3147
5402 3147
3518 3148
3519 3149
3520 3150
3521 3151
3522 3152
3523 3153
3524 3154
3525 3155
3526 3156
3527 3157
3528 3158
3529 3159
3530 3160
6619 3160
3531 3161
3532 3162
3533 3163
3534 3164
3535 3165
3537 3166
3538 3167
3539 3168
3540 3169
3541 3170
3542 3171
3543 3172
3544 3173
3545 3174
3546 3175
3547 3176
3548 3177
3549 3178
3550 3179
3551 3180
3552 3181
3553 3182
3554 3183
5894 3183
3555 3184
3556 3185
3557 3186
4917 3186
3558 3187
3559 3188
3560 3189
3561 3190
3562 3191
3563 3192
3564 3192
3565 3193
3566 3194
3567 3195
8400 3195
3568 3196
3569 3197
3570 3198
3571 3199
3572 3200
3573 3201
3574 3202
3575 3203
3576 3204
3577 3205
3578 3206
3579 3207
3580 3208
3581 3209
3582 3210
3583 3211
3584 3212
3585 3213
3586 3214
8726 3214
3587 3215
3588 3216
3589 3217
3590 3218
3591 3219
3592 3220
3593 3221
3594 3222
3595 3223
3596 3224
6426 3224
3597 3225
3598 3226
3599 3227
3600 3228
3601 3229
8217 3229
8218 3229
8219 3229
3602 3230
3603 3231
7518 3231
3604 3232
8158 3232
3605 3233
3606 3234
3607 3235
3608 3236
3609 3237
3612 3238
4373 3238
3613 3239
3614 3240
3616 3240
3615 3241
3617 3242
3618 3243
3619 3244
5474 3244
3620 3245
3621 3246
3622 3247
3623 3248
3624 3249
5139 3249
3625 3250
5014 3250
3627 3251
5069 3251
3628 3252
5026 3252
3629 3253
5087 3253
3630 3254
6101 3254
7332 3254
3631 3255
5131 3255
3632 3256
5110 3256
3633 3257
5253 3257
3634 3258
5050 3258
3635 3259
3636 3259
5011 3259
5123 3259
3637 3260
3638 3261
5072 3261
3639 3262
5227 3262
3640 3263
3641 3264
5197 3264
3642 3265
5128 3265
3643 3266
3644 3267
5079 3267
3645 3268
5130 3268
3646 3269
5067 3269
3647 3270
5062 3270
3648 3271
3649 3272
5013 3272
3650 3273
6120 3273
7301 3273
7418 3273
7543 3273
3651 3274
5092 3274
3652 3275
5045 3275
3653 3276
5220 3276
3655 3277
3656 3278
5198 3278
3657 3279
5266 3279
3658 3280
5089 3280
3659 3281
3660 3282
5168 3282
3661 3283
5031 3283
3662 3284
3663 3285
3664 3286
3665 3287
5207 3287
3666 3288
3667 3289
3668 3290
3669 3291
3670 3292
3671 3293
3672 3294
3673 3295
3674 3296
3701 3296
3675 3297
3677 3298
3679 3299
3680 3300
3681 3301
3682 3302
3683 3303
3684 3304
3686 3305
3687 3306
3688 3307
3689 3308
3690 3309
5275 3309
3691 3310
5042 3310
3694 3311
3695 3312
3696 3313
4661 3313
5219 3313
3697 3314
3698 3315
3700 3316
3702 3317
3703 3318
3704 3319
3705 3320
3706 3321
3707 3322
8539 3322
3708 3323
3709 3323
5568 3323
8937 3323
9323 3323
3710 3324
3711 3325
3712 3326
8938 3326
3713 3327
3714 3328
3715 3329
3716 3330
3717 3331
3718 3332
5256 3332
6138 3332
3719 3333
5174 3333
3720 3334
5039 3334
6141 3334
3721 3335
5192 3335
3722 3336
5157 3336
3723 3337
5085 3337
6143 3337
3724 3338
3725 3339
5451 3339
3726 3340
5147 3340
6145 3340
9380 3340
3727 3341
5029 3341
3728 3342
5066 3342
6147 3342
8749 3342
3729 3343
3730 3344
3731 3345
5083 3345
6151 3345
8751 3345
3732 3346
5016 3346
3733 3347
5284 3347
6149 3347
3734 3348
5162 3348
6150 3348
3735 3349
5109 3349
3736 3350
5218 3350
6155 3350
3737 3351
5134 3351
6156 3351
3738 3352
3739 3353
5189 3353
6157 3353
3740 3354
5245 3354
6158 3354
3741 3355
5216 3355
6160 3355
8740 3355
3742 3356
5098 3356
6163 3356
8548 3356
3743 3357
3744 3358
3745 3359
5199 3359
3746 3360
5135 3360
6165 3360
3747 3361
5281 3361
6166 3361
3748 3362
5121 3362
6167 3362
3749 3363
5101 3363
3750 3364
5251 3364
6171 3364
3751 3365
3752 3366
5023 3366
3753 3367
5036 3367
6596 3367
3754 3368
3755 3369
3757 3370
3758 3371
3759 3372
3761 3373
3762 3374
3763 3375
3764 3376
3765 3377
3766 3377
3767 3378
3768 3378
3769 3379
3770 3380
3771 3381
7935 3381
3772 3382
3773 3383
7936 3383
3774 3384
8128 3384
3775 3385
8201 3385
3776 3386
5261 3386
3778 3387
3781 3388
3782 3389
3783 3390
3784 3391
3785 3392
8262 3392
3786 3393
9540 3393
3787 3394
8135 3394
3788 3395
3790 3396
8263 3396
3791 3397
5024 3397
5040 3397
5127 3397
5258 3397
5267 3397
3792 3398
3793 3399
3794 3400
3795 3401
3796 3402
3797 3403
3798 3404
7957 3404
3799 3405
3800 3406
8083 3406
9514 3406
3803 3407
7969 3407
3804 3408
8272 3408
3806 3409
3808 3410
7971 3410
3809 3411
3810 3412
7972 3412
9533 3412
3811 3413
8090 3413
3812 3414
3813 3415
3814 3416
3815 3417
3816 3418
3818 3419
3821 3420
3822 3421
6883 3421
3824 3422
3827 3423
7994 3423
3828 3424
3830 3425
7997 3425
3831 3426
9520 3426
3832 3427
7999 3427
9519 3427
3833 3428
8138 3428
9538 3428
3834 3429
3836 3430
3838 3431
8002 3431
3839 3432
9481 3432
3841 3433
3842 3434
3843 3434
4932 3434
5240 3434
5264 3434
3844 3435
3845 3436
3846 3437
3903 3437
5019 3437
3848 3438
8016 3438
3849 3439
8146 3439
3851 3440
5180 3440
8020 3440
3854 3441
3855 3442
3856 3443
8025 3443
3860 3444
8029 3444
3861 3445
8210 3445
3862 3446
8030 3446
3863 3447
5274 3447
3864 3448
8151 3448
3866 3449
5136 3449
3867 3450
5326 3450
3868 3451
5315 3451
3870 3452
5206 3452
3872 3453
5316 3453
3879 3454
5186 3454
3880 3455
3881 3456
3882 3457
5277 3457
3883 3458
5212 3458
3884 3459
6508 3459
3885 3460
5015 3460
3886 3461
4546 3461
5137 3461
3888 3462
5233 3462
3889 3463
5319 3463
3890 3464
5012 3464
3891 3465
5102 3465
3892 3466
5132 3466
3893 3467
3894 3468
5318 3468
3895 3469
5143 3469
3896 3470
5071 3470
3897 3471
5183 3471
3898 3472
5626 3472
5775 3472
3900 3473
5064 3473
3901 3474
5222 3474
3902 3475
5211 3475
3904 3476
5086 3476
3905 3477
5096 3477
3906 3478
5225 3478
3907 3479
5173 3479
3908 3480
5115 3480
3909 3481
6676 3481
3910 3482
8366 3482
3911 3483
5279 3483
3912 3484
5246 3484
3913 3485
6450 3485
3914 3486
5193 3486
3915 3487
5151 3487
3916 3488
5184 3488
8370 3488
3917 3489
5321 3489
3918 3490
5223 3490
3919 3491
5470 3491
3920 3492
3921 3492
5027 3492
5322 3492
3922 3493
5272 3493
3923 3494
5323 3494
3924 3495
5205 3495
3925 3496
5195 3496
3926 3497
5077 3497
3927 3498
5122 3498
3928 3499
5325 3499
3929 3500
5153 3500
3930 3501
5111 3501
3931 3502
5201 3502
3932 3503
5273 3503
3933 3504
3935 3505
5049 3505
3936 3506
5075 3506
3937 3507
5230 3507
7626 3507
3938 3508
5169 3508
3939 3509
5235 3509
3940 3510
5178 3510
3941 3511
5114 3511
7627 3511
3942 3512
3943 3513
3944 3514
3945 3515
3947 3516
3948 3517
3949 3518
3950 3519
3951 3520
3952 3521
3953 3522
3962 3523
7635 3523
3963 3524
7636 3524
3964 3525
3965 3526
4585 3526
3966 3527
4950 3527
7403 3527
3967 3528
7758 3528
3968 3529
7637 3529
3969 3530
3970 3531
3971 3532
3972 3533
7316 3533
3973 3534
4952 3534
7271 3534
3974 3535
4953 3535
3975 3536
3976 3537
3977 3538
3978 3539
3979 3540
3980 3541
3981 3542
3982 3543
3983 3544
3984 3545
3985 3546
3986 3547
3987 3548
3988 3549
3989 3550
3990 3551
3991 3552
3992 3553
3993 3554
3994 3554
3995 3555
3996 3556
3997 3557
3998 3558
3999 3559
6454 3559
4000 3560
4001 3560
4002 3561
4003 3562
4004 3563
4005 3564
4006 3565
4007 3566
4008 3567
4009 3568
4010 3569
4011 3570
4012 3571
4013 3572
4014 3573
4015 3574
4016 3575
4017 3576
4018 3577
4019 3578
4020 3579
4021 3580
4022 3581
4023 3582
7644 3582
4024 3583
4025 3584
4026 3585
6878 3585
4027 3586
4028 3587
4029 3588
9393 3588
4030 3589
4031 3590
8042 3590
4032 3591
4033 3592
4034 3593
4035 3594
4036 3595
4037 3596
4038 3597
4039 3598
4040 3599
4041 3600
4042 3601
4043 3602
8043 3602
4044 3603
6455 3603
7645 3603
4045 3604
8044 3604
4046 3605
4047 3606
4048 3607
4049 3608
8045 3608
4050 3609
4051 3610
6518 3610
4052 3611
4053 3612
4054 3613
4055 3614
4056 3615
8046 3615
4057 3616
4058 3617
4059 3618
9347 3618
4060 3619
8389 3619
4061 3620
4062 3621
4063 3622
4064 3623
4065 3623
4066 3624
4067 3625
8879 3625
4068 3626
4069 3627
4070 3628
4559 3628
4071 3629
4072 3630
4073 3631
8215 3631
4074 3632
4075 3633
9350 3633
4076 3634
8880 3634
4077 3635
4078 3636
4079 3637
4080 3638
4081 3639
4082 3640
4083 3641
4084 3642
4085 3643
4086 3644
4087 3645
4088 3646
4089 3647
4090 3648
4091 3649
4092 3650
4093 3651
4094 3652
4095 3653
4096 3654
4097 3655
4098 3656
4099 3657
4100 3658
4101 3659
4102 3660
4103 3661
4104 3662
4105 3663
4107 3664
4108 3665
4109 3666
4110 3667
4111 3668
4112 3669
4114 3670
4115 3671
4116 3672
7106 3672
4117 3673
4118 3674
4119 3675
9209 3675
4120 3676
4121 3677
4122 3678
4123 3679
4124 3680
4125 3681
4126 3682
4127 3683
4128 3684
8051 3684
4129 3685
4130 3686
4131 3687
4132 3688
4133 3689
4134 3690
4135 3691
4136 3692
4137 3693
4138 3694
4139 3695
4140 3696
4141 3697
4142 3698
4143 3699
4144 3700
4145 3701
7312 3701
4146 3702
4147 3703
4148 3704
4149 3705
4150 3706
4151 3707
4153 3708
5412 3708
4154 3709
4156 3710
4157 3711
4158 3711
4159 3711
4160 3711
4161 3712
6525 3712
4162 3713
4163 3714
4164 3714
4165 3714
4166 3715
4167 3716
4168 3717
4169 3718
4170 3719
4810 3719
4171 3720
4172 3721
4173 3722
4174 3723
6064 3723
4175 3724
4176 3725
4179 3725
4177 3726
4178 3727
8404 3727
4180 3728
4181 3729
4182 3730
4183 3731
4184 3732
4185 3733
4186 3734
4187 3735
4188 3736
4189 3737
4190 3738
7113 3738
4191 3739
6063 3739
4192 3740
4193 3741
4194 3742
7343 3742
8408 3742
4195 3743
4196 3744
4197 3745
4198 3746
7358 3746
4199 3747
4200 3748
4201 3749
4202 3750
4814 3750
4203 3751
8014 3751
4204 3752
4205 3753
4206 3754
4207 3755
4208 3756
4209 3756
4210 3756
4212 3756
4211 3757
9214 3757
4213 3758
4214 3759
4215 3760
6662 3760
4216 3761
4217 3762
4218 3763
4219 3763
4220 3764
4221 3765
4222 3766
4223 3767
4225 3768
4226 3768
4228 3769
4230 3770
4231 3771
6415 3771
4232 3772
4233 3773
4235 3774
4236 3775
4237 3776
4238 3777
4239 3778
4240 3779
4241 3780
4242 3781
4243 3782
4244 3783
4245 3784
4246 3785
4247 3786
4248 3787
4249 3788
4250 3789
4251 3790
4252 3791
4253 3792
4254 3793
4255 3794
4256 3795
4257 3796
4258 3797
4259 3798
4260 3799
4261 3800
4262 3801
4263 3802
4264 3803
4265 3804
4266 3805
4267 3806
4268 3807
4269 3808
4270 3809
4271 3810
4272 3811
4273 3812
4274 3812
4275 3813
4276 3814
4277 3815
4278 3816
4279 3817
4280 3818
4281 3819
4282 3820
4283 3821
4284 3822
4285 3823
4286 3824
4287 3825
4288 3826
5361 3826
4289 3827
4290 3828
4291 3829
4292 3830
4293 3831
4294 3832
4295 3833
4296 3834
7242 3834
9994 3834
4297 3835
4298 3836
7334 3836
4299 3837
4300 3838
4303 3839
4304 3840
4308 3841
4309 3842
4310 3843
4311 3844
4471 3844
4312 3845
5365 3845
4314 3846
4315 3847
4316 3848
4317 3849
4319 3850
4320 3851
4321 3852
4322 3853
4323 3854
4324 3855
4325 3856
4326 3857
4327 3858
4328 3859
4329 3860
4330 3861
4331 3862
4332 3863
4333 3864
4334 3865
4335 3866
4336 3867
4337 3867
4339 3868
4340 3869
5916 3869
4341 3870
4342 3871
4344 3872
4345 3873
4346 3874
4347 3875
4348 3876
8312 3876
4349 3877
4350 3878
4351 3879
4352 3880
4353 3881
4354 3882
4355 3883
4357 3884
4358 3885
4359 3886
4360 3887
4361 3888
4362 3889
4363 3889
4364 3890
4365 3891
4366 3892
4367 3893
4368 3893
4369 3894
4371 3895
4372 3896
4374 3897
4375 3898
4376 3899
4377 3900
4378 3901
4379 3902
4380 3903
5619 3903
4381 3904
4382 3905
4383 3906
4384 3907
4385 3908
4386 3909
5063 3909
4387 3910
4388 3911
5475 3911
5975 3911
4389 3912
4390 3913
7551 3913
4391 3914
5476 3914
4392 3915
4393 3916
4394 3916
4395 3917
4397 3918
4398 3919
4399 3920
4401 3921
5381 3921
4402 3922
5383 3922
6020 3922
7898 3922
4403 3923
4404 3924
4405 3925
4406 3926
4407 3927
4408 3928
4409 3929
4410 3930
4411 3931
4412 3932
4413 3933
4414 3934
4415 3935
4416 3936
4417 3937
4418 3938
4419 3939
4420 3940
4421 3941
4422 3942
4423 3943
4424 3944
4425 3945
4426 3946
4427 3947
4428 3948
4429 3949
4430 3950
4431 3951
4432 3952
4433 3953
4434 3954
5152 3954
4435 3955
5444 3955
4436 3956
5030 3956
4437 3957
5129 3957
4438 3958
5093 3958
4440 3959
5244 3959
5774 3959
4441 3960
5112 3960
5320 3960
4442 3961
5018 3961
7082 3961
4443 3962
5327 3962
4444 3963
5231 3963
4445 3964
6861 3964
4446 3965
5203 3965
7083 3965
4448 3966
4449 3967
4450 3968
4451 3969
7182 3969
7352 3969
4452 3970
7223 3970
4453 3971
5902 3971
4454 3972
4975 3972
4455 3973
7178 3973
4456 3974
6765 3974
4457 3975
4458 3976
5286 3976
4460 3977
6601 3977
4461 3978
9138 3978
4462 3979
5654 3979
4463 3980
4464 3981
6623 3981
4465 3982
5423 3982
6666 3982
7152 3982
4467 3983
5097 3983
4468 3984
4989 3984
5483 3984
4469 3985
4470 3986
4472 3987
4473 3988
7330 3988
4474 3989
4475 3990
4476 3991
4477 3992
4478 3993
4479 3994
4480 3995
4481 3996
4482 3997
4483 3998
7562 3998
4484 3999
4485 4000
4542 4000
4486 4001
4487 4002
4488 4002
7567 4002
9160 4002
4489 4003
4490 4004
4491 4005
4492 4006
4493 4007
4494 4008
4495 4009
4496 4010
4497 4011
4498 4012
4499 4013
4500 4014
4501 4015
4502 4016
8851 4016
4503 4017
8930 4017
4504 4018
7572 4018
4505 4019
4506 4020
5385 4020
6019 4020
7897 4020
4507 4021
4508 4022
4509 4023
4510 4024
4511 4025
4512 4026
4513 4027
4514 4028
4515 4029
4516 4030
4517 4031
4518 4032
4519 4033
4520 4034
4521 4035
4522 4036
4523 4037
4524 4038
4525 4039
7924 4039
4526 4040
4527 4041
4528 4042
4529 4043
4530 4044
4531 4045
4532 4046
4533 4047
4534 4048
4535 4049
4536 4050
4537 4051
4538 4052
4539 4053
4540 4054
4541 4055
4543 4056
4544 4057
4545 4058
8019 4058
4548 4059
7634 4059
4549 4060
7522 4060
4550 4061
4945 4061
4551 4062
4944 4062
4552 4063
4948 4063
4553 4064
4949 4064
4554 4065
7322 4065
4555 4066
4556 4067
8746 4067
4557 4068
4558 4069
4560 4070
4561 4071
4562 4072
9155 4072
4563 4073
7135 4073
4564 4074
4567 4075
4568 4076
4569 4077
4969 4077
5679 4077
4570 4078
4571 4079
6664 4079
4572 4080
4573 4081
4576 4081
4574 4082
6290 4082
4575 4083
7184 4083
4577 4084
4579 4085
5418 4085
4580 4086
4972 4086
4581 4087
4590 4087
5943 4087
6962 4087
4582 4088
4973 4088
4583 4089
4971 4089
4584 4090
4587 4091
5028 4091
6802 4091
4589 4092
4591 4093
4592 4094
4593 4095
4594 4096
4595 4097
6585 4097
4596 4098
4597 4099
4598 4100
4599 4101
4600 4102
4601 4103
4986 4103
4602 4104
4603 4105
4604 4106
4605 4107
4606 4108
4607 4109
4608 4110
4611 4111
6690 4111
4612 4112
4613 4113
4614 4114
4617 4115
4618 4116
7501 4116
4619 4117
4620 4118
6744 4118
7412 4118
4622 4119
4623 4120
4624 4121
4625 4122
4627 4123
4628 4124
4629 4125
4630 4126
4631 4127
4632 4128
4633 4128
4634 4129
4635 4130
4636 4131
4637 4132
4638 4133
4639 4134
4640 4135
4641 4136
4642 4137
4643 4138
4644 4139
5527 4139
4645 4140
8161 4140
4646 4141
4647 4142
4648 4143
4649 4144
4650 4145
4651 4146
4652 4147
4653 4148
4654 4149
4655 4150
4656 4151
4658 4151
4657 4152
4659 4153
4660 4154
4662 4155
4663 4156
4664 4157
4665 4158
4666 4159
4667 4160
4668 4161
4669 4162
4670 4163
4671 4164
4672 4165
4673 4166
4674 4167
4675 4168
4676 4169
4677 4170
4678 4171
4681 4172
4682 4173
4683 4174
4684 4175
4685 4176
4686 4177
4687 4178
4688 4179
4689 4180
4690 4181
4691 4182
4692 4183
6747 4183
8119 4183
9162 4183
4693 4184
4694 4185
4695 4186
4696 4187
4697 4188
4698 4189
4699 4190
4700 4191
6739 4191
8765 4191
4701 4192
6939 4192
4702 4193
4703 4194
4704 4195
4705 4196
4706 4197
4707 4198
4709 4199
4710 4200
4711 4201
4712 4202
4713 4203
4714 4204
4715 4205
6948 4205
4716 4206
4718 4207
4719 4208
4720 4209
4721 4209
4722 4210
7940 4210
4725 4211
8202 4211
4726 4212
4728 4213
7949 4213
4730 4214
4731 4215
4732 4216
7951 4216
4736 4217
4737 4218
4739 4219
7975 4219
4742 4220
8094 4220
9506 4220
9507 4220
9508 4220
4743 4221
7986 4221
4746 4222
7998 4222
4748 4223
8140 4223
4749 4224
4750 4225
4751 4225
4752 4226
9560 4226
4753 4227
4755 4228
4756 4229
4763 4230
8023 4230
4764 4231
4765 4232
4773 4233
4774 4234
4775 4235
5776 4235
4776 4236
5777 4236
4777 4237
4778 4238
4835 4238
5899 4238
4779 4239
4780 4240
7763 4240
4781 4241
4782 4242
4783 4243
7638 4243
4784 4244
7640 4244
4785 4245
4786 4246
7494 4246
4787 4247
4788 4248
4789 4249
4790 4250
4792 4251
4793 4252
4794 4253
4795 4254
9206 4254
4796 4255
4797 4256
4798 4257
5671 4257
4799 4258
4800 4259
4801 4260
4802 4261
4803 4262
4804 4263
4805 4264
4806 4265
4807 4266
8401 4266
4808 4267
4809 4268
4811 4269
4812 4270
4813 4271
7410 4271
4815 4272
4816 4273
4817 4274
4819 4275
4822 4276
4823 4277
7130 4277
4824 4278
4825 4279
4826 4280
6616 4280
4827 4281
4828 4282
6288 4282
7139 4282
8223 4282
8889 4282
4829 4283
4830 4284
4831 4285
6754 4285
4832 4286
4833 4287
4834 4288
4842 4288
4857 4288
4901 4288
4836 4289
4837 4290
6668 4290
4838 4291
6469 4291
4839 4292
4840 4293
7166 4293
4841 4294
4843 4295
4845 4296
4846 4297
7179 4297
4847 4298
6598 4298
4848 4299
4849 4300
4850 4301
4851 4302
6650 4302
4853 4303
5054 4303
4854 4304
7829 4304
4855 4305
4856 4306
4858 4307
4866 4307
5683 4307
4859 4308
6759 4308
4860 4309
6553 4309
4861 4310
4862 4311
4864 4312
5799 4312
6770 4312
4865 4313
5803 4313
6549 4313
9095 4313
4867 4314
4868 4315
6661 4315
4869 4316
7187 4316
4870 4317
8425 4317
4871 4318
4872 4319
5237 4319
8579 4319
4873 4320
6609 4320
7200 4320
7786 4320
4874 4321
4876 4322
4877 4323
5656 4323
6478 4323
4878 4324
4879 4325
6191 4325
4880 4326
4881 4327
6531 4327
4882 4328
4883 4329
5690 4329
4884 4330
6192 4330
6595 4330
4886 4331
5691 4331
6617 4331
7217 4331
4887 4332
6586 4332
4888 4333
4889 4334
6573 4334
7221 4334
4890 4335
4891 4336
4892 4337
4894 4338
4895 4339
4896 4340
4897 4341
4898 4342
4899 4343
4900 4344
7426 4344
4902 4345
4903 4346
6969 4346
4904 4347
4988 4347
4905 4348
5424 4348
5945 4348
7193 4348
7208 4348
7536 4348
4906 4349
6752 4349
4907 4350
7372 4350
4908 4351
4909 4352
4910 4353
4911 4354
4912 4355
4913 4356
4914 4357
4915 4358
4916 4359
4918 4360
4919 4361
4920 4362
4921 4363
4922 4364
4924 4365
4925 4366
8079 4366
4926 4367
7955 4367
4927 4368
4928 4369
7958 4369
4929 4370
8204 4370
4930 4371
8271 4371
4931 4372
4933 4373
8022 4373
4955 4374
5677 4374
7482 4374
4956 4375
4957 4376
7172 4376
4958 4377
4959 4378
4960 4379
4961 4380
4962 4381
4963 4382
4964 4383
4965 4384
4966 4385
4967 4386
4968 4387
4970 4388
7218 4388
4974 4389
4976 4390
4977 4391
4978 4392
4979 4393
4980 4394
6473 4394
7191 4394
4981 4395
5904 4395
6569 4395
4982 4396
4983 4397
7206 4397
4984 4398
5047 4398
4985 4399
4987 4400
4990 4401
4991 4402
4992 4403
9146 4403
4993 4404
4994 4405
4995 4406
4996 4407
4998 4408
4999 4409
5000 4410
5001 4411
5002 4412
5003 4413
5004 4414
5005 4415
5006 4416
5007 4417
5008 4418
5951 4418
5009 4419
5010 4420
5017 4421
7989 4421
5020 4422
5021 4423
6580 4423
5025 4424
5032 4425
5033 4426
8169 4426
5034 4427
5037 4428
5038 4429
5041 4430
5043 4431
5046 4432
5048 4433
7639 4433
5051 4434
6068 4434
6572 4434
5052 4435
5053 4436
5055 4437
6610 4437
5056 4438
5058 4439
5059 4440
8254 4440
5060 4441
5061 4442
6615 4442
5065 4443
5118 4443
5068 4444
5073 4445
6626 4445
5074 4446
5076 4447
5081 4448
6177 4448
5082 4449
7243 4449
5088 4450
5094 4451
5095 4452
5099 4453
5100 4454
5103 4455
6637 4455
5104 4456
5106 4457
7652 4457
5107 4458
5116 4459
5117 4460
5119 4461
5120 4462
6851 4462
5125 4463
7146 4463
5126 4464
5138 4465
5140 4466
6859 4466
5144 4467
5154 4468
5404 4468
5421 4468
5155 4469
5158 4470
5159 4471
7181 4471
5160 4472
7262 4472
5161 4473
5166 4474
5167 4475
5187 4475
5170 4476
7488 4476
5172 4477
5175 4478
6559 4478
5179 4479
5181 4480
5185 4481
5188 4482
5190 4483
5194 4484
5196 4485
5202 4486
9222 4486
5204 4487
7367 4487
5208 4488
5209 4489
5210 4490
5215 4491
5217 4492
5221 4493
5234 4494
5238 4495
5239 4496
5242 4497
5247 4498
5248 4499
5249 4500
5252 4501
5257 4502
5259 4503
5260 4504
5262 4505
5265 4506
5268 4507
5270 4508
6965 4508
5271 4509
7628 4509
5276 4510
5282 4511
5285 4512
5287 4513
5969 4513
5288 4514
5289 4515
5290 4516
5292 4517
5293 4518
5294 4519
5968 4519
5295 4520
5296 4521
5297 4522
5298 4523
5299 4524
5300 4524
5301 4525
6577 4525
8110 4525
5302 4526
5303 4527
6011 4527
9385 4527
5304 4528
6931 4528
5305 4529
6933 4529
5306 4530
5307 4531
6938 4531
5308 4532
5309 4533
5310 4534
5311 4535
7923 4535
5312 4536
5313 4537
5314 4538
8031 4538
5324 4539
7389 4539
5328 4540
5329 4541
5330 4542
5333 4543
5334 4544
6413 4544
5335 4545
5337 4546
5338 4547
5339 4548
5340 4549
5342 4550
5343 4551
5344 4552
5345 4553
5346 4554
7127 4554
5347 4555
6958 4555
7402 4555
5348 4556
6564 4556
5349 4557
5350 4558
5351 4559
8454 4559
5352 4560
7168 4560
5353 4561
5793 4561
5354 4562
7516 4562
5355 4563
5356 4564
6793 4564
5357 4565
6769 4565
5358 4566
5359 4567
5360 4568
5362 4569
5363 4570
5364 4571
9991 4571
5366 4572
5367 4573
5368 4574
5370 4575
5371 4576
5372 4576
5373 4576
5374 4577
5375 4578
5376 4579
5377 4580
5378 4581
5379 4582
5380 4583
5382 4584
5384 4585
5386 4586
5387 4587
5388 4588
5389 4589
5390 4590
5391 4591
5392 4592
5393 4593
6035 4593
8947 4593
5394 4594
5395 4595
5396 4596
5397 4597
5398 4598
5465 4598
5621 4598
7990 4598
7991 4598
7992 4598
5399 4599
5400 4600
5401 4601
5403 4602
5405 4603
5406 4604
5407 4605
5408 4606
5409 4607
5410 4608
5411 4609
5413 4610
7157 4610
5414 4611
5415 4612
6607 4612
5416 4613
6627 4613
5417 4614
5419 4615
6591 4615
5420 4616
5428 4616
6600 4616
6651 4616
5422 4617
5425 4618
5950 4618
6884 4618
5426 4619
5427 4620
5946 4620
5429 4621
5430 4622
5431 4623
5432 4624
7995 4624
9546 4624
5433 4625
6482 4625
5434 4626
5435 4627
5436 4627
5437 4628
5438 4629
5439 4630
5440 4631
5441 4632
5442 4633
5443 4634
5445 4635
5447 4636
5448 4637
5449 4638
6287 4638
7154 4638
7767 4638
5450 4639
5452 4640
7953 4640
5453 4641
6291 4641
7176 4641
5454 4642
5455 4643
5456 4644
5457 4645
5459 4646
5460 4647
5461 4648
7624 4648
5462 4649
5463 4650
5464 4651
5466 4652
6678 4652
7229 4652
5467 4653
6575 4653
5468 4654
5469 4655
5471 4656
5472 4657
5473 4658
6647 4658
6671 4658
9436 4658
9437 4658
5477 4659
5478 4660
5479 4661
5480 4662
5481 4663
5482 4664
6154 4664
5484 4665
5485 4666
5486 4667
5487 4668
5488 4669
5489 4670
5490 4671
5495 4672
8176 4672
5497 4673
9267 4673
5498 4674
6850 4674
5499 4675
9268 4675
5500 4676
5501 4677
9316 4677
5502 4678
8510 4678
5503 4679
5504 4680
6824 4680
5505 4681
6819 4681
5506 4682
6822 4682
5507 4683
6799 4683
5508 4684
6862 4684
5509 4685
5510 4686
5511 4687
6860 4687
5514 4688
8512 4688
5515 4689
6820 4689
5516 4690
9280 4690
5517 4691
6805 4691
5518 4692
9273 4692
5519 4693
6854 4693
5520 4694
6830 4694
5521 4695
9079 4695
5522 4696
9276 4696
5524 4697
5526 4698
5528 4699
5716 4699
5529 4700
5532 4701
5535 4702
5539 4703
5542 4704
5546 4705
5547 4706
6835 4706
5548 4707
9166 4707
5549 4708
6823 4708
5550 4709
6842 4709
5551 4710
8780 4710
5552 4711
9082 4711
5553 4712
9173 4712
5554 4713
9161 4713
5555 4714
6132 4714
6809 4714
7541 4714
5556 4715
6845 4715
5557 4716
9191 4716
5558 4717
6816 4717
5559 4718
6814 4718
5560 4719
8542 4719
5561 4720
8532 4720
5562 4721
9084 4721
5563 4722
6801 4722
5564 4723
5630 4723
5565 4724
9151 4724
5566 4725
5856 4725
5569 4726
6828 4726
5570 4727
9293 4727
5571 4728
6815 4728
5572 4729
6803 4729
5573 4730
6853 4730
5574 4731
5575 4732
9294 4732
5576 4733
6797 4733
5577 4734
9379 4734
5578 4735
5579 4736
6864 4736
5580 4737
6826 4737
5581 4738
5582 4739
6800 4739
5583 4740
9296 4740
5584 4741
9297 4741
5585 4742
6811 4742
5586 4743
8549 4743
5587 4744
6865 4744
5588 4745
6813 4745
5589 4746
8946 4746
5590 4747
6837 4747
5591 4748
6836 4748
5592 4749
6827 4749
5593 4750
5594 4751
6855 4751
9386 4751
5595 4752
6848 4752
5597 4753
5600 4754
5601 4754
5602 4755
5603 4756
6657 4756
5604 4757
6628 4757
7159 4757
5605 4758
6760 4758
5606 4759
5607 4760
8458 4760
5608 4761
5609 4762
5610 4763
5611 4764
5613 4765
5616 4766
6602 4766
5618 4767
5620 4768
5622 4769
5625 4770
5627 4771
5628 4772
7228 4772
5629 4773
5631 4774
5632 4775
5633 4776
5634 4777
5635 4778
5636 4779
5637 4780
5638 4781
5639 4782
5640 4783
5641 4784
5642 4785
5686 4785
7641 4785
7670 4785
5643 4786
5644 4787
5645 4788
5647 4789
5648 4789
5649 4789
5650 4790
5651 4791
5652 4792
5653 4793
5802 4793
5655 4794
6659 4794
9358 4794
5657 4795
5658 4796
5659 4797
5660 4798
5661 4799
5662 4800
5663 4801
5664 4802
5665 4803
5666 4804
6293 4804
6887 4804
5667 4805
5668 4806
5670 4807
6608 4807
5672 4808
5673 4809
5674 4810
5675 4811
5676 4812
5678 4813
5680 4814
7156 4814
5681 4815
6669 4815
5682 4816
5684 4817
5685 4818
6656 4818
5687 4819
5688 4820
5689 4821
6639 4821
5692 4822
5693 4823
5694 4824
5697 4825
5698 4826
5699 4827
5701 4828
9180 4828
5702 4829
9184 4829
5703 4830
9077 4830
5704 4831
9185 4831
5705 4832
9067 4832
5706 4833
9372 4833
5707 4834
5708 4835
9186 4835
5709 4836
9311 4836
5710 4837
8916 4837
5711 4838
9319 4838
5712 4839
5713 4840
8171 4840
5715 4841
5717 4842
5718 4843
5721 4844
8528 4844
5722 4845
8540 4845
5723 4846
8917 4846
5724 4847
5725 4848
8112 4848
5726 4849
6134 4849
6325 4849
6326 4849
7733 4849
7734 4849
9085 4849
9321 4849
5727 4850
5728 4851
5729 4852
5730 4853
9286 4853
5731 4854
5733 4855
8940 4855
5734 4856
8860 4856
5735 4857
9317 4857
5736 4858
8849 4858
5737 4859
5738 4860
9144 4860
5739 4861
8853 4861
5740 4862
8941 4862
5741 4863
5742 4864
8854 4864
5743 4865
8868 4865
5744 4866
8861 4866
5745 4867
8117 4867
5746 4868
8862 4868
5747 4869
5748 4870
5749 4871
8865 4871
5750 4872
9328 4872
5751 4873
8121 4873
5752 4874
5753 4875
9197 4875
5754 4876
8867 4876
5755 4877
5756 4878
8866 4878
5757 4879
5758 4880
8547 4880
5759 4881
5760 4882
5761 4883
9364 4883
5762 4884
8871 4884
5763 4885
5764 4886
9336 4886
5765 4887
8873 4887
5766 4888
8554 4888
5767 4889
8874 4889
5768 4890
9329 4890
5769 4891
8735 4891
5770 4892
8869 4892
5771 4893
8122 4893
5778 4894
7475 4894
5779 4895
5780 4896
5781 4897
5782 4898
5783 4899
6057 4899
5784 4900
5785 4901
5786 4902
5787 4903
5788 4904
5789 4905
5790 4906
5791 4907
5792 4908
7134 4908
5794 4909
7158 4909
7768 4909
5795 4910
6961 4910
5796 4911
5797 4912
5798 4913
8494 4913
5800 4914
5801 4915
7185 4915
5804 4916
6479 4916
5805 4917
5806 4918
5807 4919
5808 4920
5809 4921
5810 4922
5811 4923
5812 4924
5813 4925
5814 4926
5816 4927
5817 4928
5818 4929
5819 4930
5820 4931
5821 4932
5822 4933
8173 4933
5823 4934
5826 4935
9283 4935
5827 4936
6333 4936
6974 4936
5828 4937
6976 4937
5829 4938
6977 4938
5831 4939
6667 4939
6979 4939
5832 4940
6339 4940
6981 4940
5833 4941
6986 4941
5834 4942
6346 4942
6988 4942
5835 4943
6993 4943
5836 4944
6356 4944
5837 4945
5838 4946
5839 4947
8181 4947
5840 4948
8163 4948
5841 4949
5842 4950
5843 4951
5844 4952
7004 4952
5846 4953
7010 4953
5847 4954
7011 4954
5848 4955
7019 4955
7874 4955
5849 4956
5850 4957
5852 4958
6604 4958
7032 4958
5853 4959
5854 4960
5855 4961
5857 4962
6367 4962
5858 4963
7045 4963
5859 4964
7046 4964
5860 4965
6370 4965
5861 4966
6584 4966
7050 4966
7051 4966
7052 4966
7928 4966
5862 4967
6672 4967
7056 4967
5863 4968
7058 4968
5864 4969
6384 4969
7059 4969
5865 4970
6387 4970
7060 4970
5866 4971
5867 4972
5868 4973
7068 4973
5869 4974
7070 4974
5870 4975
5871 4976
5872 4977
6401 4977
7071 4977
5873 4978
7073 4978
5874 4979
6581 4979
7075 4979
5875 4980
6634 4980
7077 4980
5876 4981
5877 4982
7629 4982
5878 4983
6172 4983
7084 4983
5879 4984
5880 4985
5881 4986
5882 4987
5883 4988
5884 4989
8154 4989
5885 4990
5886 4991
5887 4992
5888 4993
5889 4994
5890 4995
8216 4995
5891 4996
5892 4997
5893 4998
7326 4998
5895 4999
5896 5000
5897 5001
6551 5001
7132 5001
5898 5002
7137 5002
5900 5003
5987 5003
5901 5004
5903 5005
5905 5006
7201 5006
5906 5007
6477 5007
5907 5008
5908 5009
5910 5010
5911 5011
5912 5012
5913 5013
5914 5013
5915 5014
5918 5015
5919 5015
5920 5015
5921 5015
5922 5016
5924 5017
5925 5018
5926 5019
5927 5020
5928 5021
5929 5022
5930 5023
5931 5024
5932 5025
6046 5025
5933 5026
6594 5026
7650 5026
5934 5027
6756 5027
5935 5028
5936 5029
7141 5029
5937 5030
5938 5031
5939 5032
6588 5032
5940 5033
6655 5033
7212 5033
5941 5034
6550 5034
5942 5035
5944 5036
6858 5036
5947 5037
6966 5037
7676 5037
5948 5038
5949 5039
6840 5039
5952 5040
6545 5040
5953 5041
5954 5042
5955 5043
5956 5044
5957 5045
5959 5046
5960 5047
5963 5048
5964 5049
6922 5049
5965 5050
7890 5050
5966 5051
9287 5051
5967 5052
9288 5052
5970 5053
6894 5053
7855 5053
5971 5054
7857 5054
5972 5055
7856 5055
5973 5056
6895 5056
7858 5056
5974 5057
7859 5057
5976 5058
6898 5058
5977 5059
8511 5059
9075 5059
5978 5060
6899 5060
5979 5061
8801 5061
5980 5062
8515 5062
5981 5063
7862 5063
8748 5063
5982 5064
5983 5064
9278 5064
5984 5065
7863 5065
5985 5066
6901 5066
5986 5067
6902 5067
7866 5067
5988 5068
5989 5069
9188 5069
5990 5070
7869 5070
5991 5071
5992 5072
5993 5073
5994 5074
6904 5074
7871 5074
5996 5075
7872 5075
5997 5076
6905 5076
7873 5076
5998 5077
6910 5077
5999 5078
6001 5079
7877 5079
6002 5080
7879 5080
6003 5081
6914 5081
6004 5082
7880 5082
6005 5083
6006 5084
6917 5084
6007 5085
6918 5085
6919 5085
8920 5085
6008 5086
6742 5086
7883 5086
6009 5087
8929 5087
6010 5088
7892 5088
6012 5089
6013 5090
6014 5091
7894 5091
6015 5092
6928 5092
6016 5093
6929 5093
6017 5094
6687 5094
9175 5094
6018 5095
6930 5095
7896 5095
6021 5096
8811 5096
6022 5097
6934 5097
7908 5097
6023 5098
7909 5098
6024 5099
7911 5099
6025 5100
6936 5100
6026 5101
6702 5101
6027 5102
6937 5102
6028 5103
6029 5104
6942 5104
6030 5105
6725 5105
7851 5105
6031 5106
6944 5106
7870 5106
6032 5107
6033 5108
7922 5108
6034 5109
6036 5110
6037 5111
8123 5111
6038 5112
7926 5112
6039 5113
7927 5113
6040 5114
6951 5114
6041 5115
7930 5115
6042 5116
7932 5116
6043 5117
6044 5118
6045 5119
8558 5119
6047 5120
6048 5121
6049 5122
6050 5123
6051 5124
6052 5125
6053 5126
6054 5127
6055 5128
6056 5129
6058 5130
6059 5131
6060 5132
6061 5133
6062 5134
6065 5135
6066 5136
6856 5136
6067 5137
6480 5137
6786 5137
6069 5138
6070 5139
6071 5140
6073 5141
6074 5142
6075 5143
6077 5144
6078 5145
6079 5146
6080 5147
6081 5148
6082 5149
6083 5150
6084 5151
6085 5152
8162 5152
6086 5153
6087 5154
7525 5154
6088 5155
7306 5155
6089 5156
7355 5156
6090 5157
6092 5158
7260 5158
6093 5159
6094 5160
8102 5160
6095 5161
6096 5162
7295 5162
6097 5163
9309 5163
6098 5164
6099 5165
7329 5165
6100 5166
9181 5166
6102 5167
6103 5168
7361 5168
6104 5169
6105 5169
7313 5169
9182 5169
6106 5170
6107 5171
9370 5171
6108 5172
6109 5173
7298 5173
6110 5174
8517 5174
6111 5175
7429 5175
6112 5176
7511 5176
6113 5177
7419 5177
6114 5178
7399 5178
6115 5179
6116 5180
7364 5180
6117 5181
9078 5181
6118 5182
7471 5182
6119 5183
7515 5183
6121 5184
8729 5184
6122 5185
7400 5185
6123 5186
9281 5186
6124 5187
6125 5188
7369 5188
6126 5189
6127 5190
6128 5191
6129 5192
6248 5192
6130 5193
6133 5194
6135 5195
7265 5195
6136 5196
7468 5196
6137 5197
7397 5197
6139 5198
7340 5198
6140 5199
6142 5200
6144 5201
7335 5201
6146 5202
8720 5202
6148 5203
6152 5204
7430 5204
6153 5205
7479 5205
6159 5206
6161 5207
7401 5207
6162 5208
7531 5208
6164 5209
9087 5209
6168 5210
7486 5210
6169 5211
7320 5211
6170 5212
9157 5212
6173 5213
6174 5214
6175 5214
6176 5215
6178 5216
6522 5216
6179 5217
6180 5218
6181 5219
6182 5220
6183 5221
6184 5221
6185 5222
7138 5222
6186 5223
7143 5223
8463 5223
6187 5224
7162 5224
6188 5225
6190 5226
7192 5226
6193 5227
6194 5228
6195 5229
7795 5229
6196 5230
6197 5231
6198 5232
6199 5233
6200 5234
6201 5235
6202 5236
6203 5237
7311 5237
6205 5238
6206 5239
6207 5240
6208 5241
6209 5242
6210 5243
9053 5243
6211 5244
6212 5245
6213 5246
7642 5246
7668 5246
6214 5247
6215 5248
6216 5249
7415 5249
6217 5250
6218 5251
6219 5252
7404 5252
6220 5253
7318 5253
6221 5254
6222 5255
7497 5255
6223 5256
7319 5256
6224 5257
9312 5257
6225 5258
9313 5258
6226 5259
6227 5260
7000 5260
9275 5260
6228 5261
6229 5262
9189 5262
6231 5263
6235 5264
7478 5264
6239 5265
7502 5265
6240 5266
7290 5266
6241 5267
7539 5267
6242 5268
7272 5268
6243 5269
7449 5269
6244 5270
7526 5270
6247 5271
6249 5272
6250 5273
6251 5274
6252 5275
7284 5275
6253 5276
7300 5276
6254 5277
7523 5277
6255 5278
7498 5278
6256 5279
6257 5280
7484 5280
7490 5280
6258 5281
7261 5281
6259 5282
6260 5283
6261 5284
6262 5285
6263 5286
7588 5286
6264 5287
7590 5287
6265 5288
7591 5288
6266 5289
7592 5289
6267 5290
7593 5290
6268 5291
7594 5291
6269 5292
7595 5292
6270 5293
7596 5293
6271 5294
7598 5294
6272 5295
7600 5295
6273 5296
7601 5296
6274 5297
7602 5297
6275 5298
7603 5298
6276 5299
7604 5299
6277 5300
7605 5300
6278 5301
7606 5301
6279 5302
7607 5302
6280 5303
7608 5303
6281 5304
6282 5305
7612 5305
6283 5306
7613 5306
6284 5307
7615 5307
6285 5308
7617 5308
6286 5309
7621 5309
6289 5310
7160 5310
6292 5311
6294 5312
7773 5312
6295 5313
7230 5313
6296 5314
7231 5314
7687 5314
8071 5314
6297 5315
6298 5316
6299 5317
6300 5318
6301 5319
6302 5320
7003 5320
6303 5321
7030 5321
6304 5322
7034 5322
6305 5323
7721 5323
6306 5324
7007 5324
7723 5324
6307 5325
7008 5325
7724 5325
6308 5326
7725 5326
6309 5327
6310 5328
7568 5328
6311 5329
7569 5329
6312 5330
7035 5330
7737 5330
9285 5330
6313 5331
6314 5332
7728 5332
9292 5332
6315 5333
7014 5333
7729 5333
6316 5334
6317 5334
7013 5334
7015 5334
6318 5335
7016 5335
6319 5336
7017 5336
6320 5337
7018 5337
6321 5338
6322 5339
6323 5340
7033 5340
6327 5341
7028 5341
7735 5341
6329 5342
6330 5343
6971 5343
7708 5343
6331 5344
6972 5344
7709 5344
6332 5345
7710 5345
6334 5346
6393 5346
7712 5346
7741 5346
6335 5347
6579 5347
7147 5347
6336 5348
7713 5348
6337 5349
6980 5349
6338 5350
7552 5350
6340 5351
6983 5351
6341 5352
6982 5352
6342 5353
7714 5353
6343 5354
6985 5354
6344 5355
7553 5355
6345 5356
7554 5356
6347 5357
6987 5357
6348 5358
6989 5358
6349 5359
7715 5359
6350 5360
6990 5360
6351 5361
6352 5362
6992 5362
6353 5363
7556 5363
6354 5364
7717 5364
6355 5365
7716 5365
6357 5366
7563 5366
6358 5367
7564 5367
6359 5368
7566 5368
6360 5369
6997 5369
6361 5370
7036 5370
7738 5370
6362 5371
7696 5371
6363 5372
6364 5373
6365 5374
7697 5374
6366 5375
7576 5375
6368 5376
7578 5376
6369 5377
7698 5377
8756 5377
6371 5378
7048 5378
6372 5379
7700 5379
6373 5380
7049 5380
7699 5380
6374 5381
7701 5381
6375 5382
7053 5382
6376 5383
7702 5383
9295 5383
6377 5384
7703 5384
6378 5385
6379 5385
7055 5385
7579 5385
6380 5386
7580 5386
6381 5387
7582 5387
6382 5388
7704 5388
6383 5389
7705 5389
6385 5390
7583 5390
6386 5391
7584 5391
7918 5391
6388 5392
7706 5392
6389 5393
7586 5393
6390 5394
6391 5395
6392 5396
7739 5396
6394 5397
7063 5397
6395 5398
7547 5398
6396 5399
7548 5399
6397 5400
7066 5400
6398 5401
7067 5401
7745 5401
6399 5402
7069 5402
6400 5403
7746 5403
6402 5404
7747 5404
6403 5405
7614 5405
6404 5406
7618 5406
6405 5407
7620 5407
6406 5408
6407 5409
6408 5410
6409 5411
6410 5412
8164 5412
6411 5413
6412 5414
6414 5415
6416 5416
6417 5417
6418 5418
6419 5419
6420 5420
6421 5421
6422 5422
6423 5423
6424 5424
6425 5425
6427 5426
6430 5427
7489 5427
6431 5428
6432 5429
6433 5430
6434 5431
6435 5432
6436 5433
6437 5434
6438 5435
6439 5436
6440 5437
6441 5438
6442 5439
6443 5440
8298 5440
6444 5441
6445 5442
6446 5443
6447 5444
6449 5445
6451 5446
8139 5446
6452 5447
6456 5448
6457 5449
6458 5450
6459 5451
6460 5452
6461 5453
6462 5454
6463 5455
6464 5456
6465 5457
6466 5458
6467 5459
6468 5460
7131 5460
6470 5461
6471 5462
6472 5463
6474 5464
7196 5464
6475 5465
7790 5465
6476 5466
7209 5466
6481 5467
6483 5468
6484 5469
6485 5470
6486 5471
6487 5472
6488 5473
6489 5474
6490 5475
6491 5476
6492 5477
6493 5478
6494 5479
6495 5480
6496 5481
6654 5481
6688 5481
6497 5482
6996 5482
7718 5482
6498 5483
6499 5484
7006 5484
7722 5484
6500 5485
7012 5485
7727 5485
6501 5486
6502 5487
7021 5487
7731 5487
6503 5488
7031 5488
6504 5489
6505 5490
7062 5490
7740 5490
6506 5491
7065 5491
7742 5491
6509 5492
8035 5492
6510 5493
7754 5493
6511 5494
7140 5494
6512 5495
6513 5496
6514 5497
6515 5498
6516 5499
6517 5500
6519 5501
6520 5502
6521 5503
6523 5504
6524 5505
6526 5506
6527 5507
6528 5508
6529 5509
8066 5509
6530 5510
7656 5510
6532 5511
7222 5511
6533 5512
6534 5513
6535 5514
6536 5515
6537 5516
6538 5517
6539 5518
6540 5519
6541 5520
6542 5521
6543 5522
6544 5523
6546 5524
6547 5525
6548 5526
6994 5526
6552 5527
6554 5528
6555 5529
6556 5530
6557 5531
6558 5532
6560 5533
6562 5534
6563 5535
6565 5536
6566 5537
8840 5537
6567 5538
8839 5538
6568 5539
6570 5540
6732 5540
8430 5540
6571 5541
7169 5541
6574 5542
6576 5543
6578 5544
7054 5544
8758 5544
6582 5545
8572 5545
9599 5545
6583 5546
9064 5546
6587 5547
6589 5548
6590 5549
6592 5550
6593 5551
7171 5551
6597 5552
6599 5553
6603 5554
6605 5555
8858 5555
6606 5556
6611 5557
6612 5558
6613 5559
6614 5560
6618 5561
6620 5562
6621 5563
7188 5563
6622 5564
6624 5565
6625 5566
8074 5566
6630 5567
7769 5567
6631 5568
7303 5568
6632 5569
7651 5569
6633 5570
6635 5571
6636 5572
6638 5573
6640 5574
7142 5574
6641 5575
7072 5575
6642 5576
7129 5576
6643 5577
7149 5577
6644 5578
6645 5579
6646 5580
8078 5580
6648 5581
7165 5581
6649 5582
6652 5583
6653 5584
6658 5585
6660 5586
6663 5587
6665 5588
6670 5589
6673 5590
6674 5591
6675 5592
6677 5593
6679 5594
9236 5594
6680 5595
6681 5596
7225 5596
6682 5597
6684 5598
6685 5599
6896 5599
6686 5600
8838 5600
6689 5601
6691 5602
6692 5603
6693 5604
8581 5604
6694 5605
6695 5606
8689 5606
6696 5607
8691 5607
6697 5608
6698 5609
6699 5610
9122 5610
6700 5611
6701 5612
9374 5612
6703 5613
6704 5614
8544 5614
6705 5615
6706 5616
8845 5616
6707 5617
6708 5618
6709 5619
6710 5620
6711 5621
6713 5622
6714 5623
9086 5623
6715 5624
8710 5624
6716 5625
6717 5626
8535 5626
6718 5627
8716 5627
6719 5628
9135 5628
6720 5629
6721 5630
8852 5630
6722 5631
6723 5632
6724 5633
6726 5634
7438 5634
6727 5635
6728 5636
6729 5637
8836 5637
6730 5638
6731 5639
8520 5639
6733 5640
6734 5641
6735 5642
6736 5643
8844 5643
6737 5644
6738 5645
6740 5646
6741 5647
8855 5647
6743 5648
8891 5648
6746 5649
8529 5649
6749 5650
8546 5650
6750 5651
6751 5652
6753 5653
6755 5654
8787 5654
6757 5655
6758 5656
8775 5656
6761 5657
6762 5658
8534 5658
6763 5659
6764 5660
6766 5661
7492 5661
6767 5662
6768 5663
8559 5663
6771 5664
8527 5664
6772 5665
8792 5665
6773 5666
6774 5667
6776 5668
9081 5668
6777 5669
6778 5670
6779 5671
6780 5672
6781 5673
6782 5674
6783 5675
6784 5676
6785 5677
6787 5678
8810 5678
6788 5679
6789 5680
6790 5681
8818 5681
6791 5682
6792 5683
8541 5683
6794 5684
9325 5684
6795 5685
6796 5686
6798 5687
6804 5688
7686 5688
6806 5689
6807 5690
8172 5690
6808 5691
7390 5691
6810 5692
8841 5692
6812 5693
6817 5694
6818 5695
6821 5696
9327 5696
6825 5697
6829 5698
8842 5698
6831 5699
7366 5699
6832 5700
6833 5701
6834 5702
7441 5702
7784 5702
6838 5703
6927 5703
6839 5704
6841 5705
6843 5706
9330 5706
6844 5707
6846 5708
9318 5708
6847 5709
9335 5709
6849 5710
6852 5711
9324 5711
6857 5712
6863 5713
8835 5713
6866 5714
6867 5715
6868 5716
6869 5717
6870 5718
6871 5719
7654 5719
6872 5720
7336 5720
6873 5721
7776 5721
6874 5722
6875 5723
6876 5724
6877 5725
7679 5725
6879 5726
6880 5727
6881 5728
6882 5729
6885 5730
7496 5730
6886 5731
6888 5732
6889 5733
6890 5734
6891 5735
6892 5736
6926 5736
6893 5737
6897 5738
6900 5739
6903 5740
6906 5741
6907 5742
6908 5743
6909 5744
6911 5745
8187 5745
6912 5746
6913 5747
8847 5747
6915 5748
6916 5749
6920 5750
6921 5751
8850 5751
6923 5752
6924 5753
6925 5754
6932 5755
8943 5755
6935 5756
8864 5756
6940 5757
8872 5757
6941 5758
6943 5759
6945 5760
7891 5760
6946 5761
7743 5761
6947 5762
6949 5763
6950 5764
6952 5765
7931 5765
6953 5766
8166 5766
6954 5767
7440 5767
6955 5768
6956 5769
7759 5769
6957 5770
7215 5770
6959 5771
6960 5772
8283 5772
6963 5773
6964 5774
6967 5775
6968 5776
6970 5777
8334 5777
6973 5778
9368 5778
6975 5779
6978 5780
6984 5781
6991 5782
6995 5783
6998 5784
6999 5784
9170 5784
7001 5785
7002 5786
7005 5787
7009 5788
7020 5789
7730 5789
7022 5790
8184 5790
7023 5791
7024 5791
7025 5791
7026 5792
7027 5793
7029 5794
7037 5795
7038 5796
7530 5796
7039 5797
7040 5798
7041 5799
7042 5800
7043 5801
7044 5802
7047 5803
7057 5804
7061 5805
7064 5806
8721 5806
7074 5807
8168 5807
7076 5808
7748 5808
7078 5809
8177 5809
7079 5810
7085 5811
7755 5811
7086 5812
7088 5813
7089 5814
7090 5815
7091 5816
7092 5817
7093 5818
7423 5818
7094 5819
7095 5820
7096 5821
7097 5822
7098 5823
7099 5824
7145 5824
7100 5825
7101 5826
7102 5827
7103 5828
8155 5828
7104 5829
7105 5830
7107 5831
7108 5832
7109 5833
7110 5834
7111 5835
9513 5835
7112 5836
7114 5837
7115 5838
7116 5839
7117 5840
7118 5840
7119 5841
7120 5842
7121 5843
7122 5844
7123 5845
7124 5846
7125 5846
7126 5847
7128 5848
7133 5849
7136 5850
7144 5851
7148 5852
7150 5853
8493 5853
7151 5854
8012 5854
8013 5854
7153 5855
7155 5856
7161 5857
7163 5858
7164 5859
8553 5859
7167 5860
8077 5860
7170 5861
7778 5861
7173 5862
7174 5863
7175 5864
7177 5865
7180 5866
7183 5867
7186 5868
7189 5869
7190 5870
7194 5871
7195 5872
7197 5873
7198 5874
8175 5874
7199 5875
7785 5875
7202 5876
7203 5877
7766 5877
7204 5878
7205 5879
7211 5880
7792 5880
7213 5881
7214 5882
7216 5883
7219 5884
7447 5884
7220 5885
7224 5886
7226 5887
7227 5888
7232 5889
7233 5890
7234 5891
7235 5892
7236 5893
7237 5894
7238 5895
7239 5896
7240 5897
7241 5898
7244 5899
7245 5900
7246 5901
7247 5902
7248 5903
7249 5904
7250 5905
7251 5906
7252 5907
7253 5908
7836 5908
7254 5909
7255 5910
8907 5910
7256 5911
7258 5912
7673 5912
7259 5913
7263 5914
7264 5915
7266 5916
7267 5917
7268 5918
7269 5919
7273 5920
7274 5921
7317 5921
7333 5921
7437 5921
7793 5921
7276 5922
9635 5922
7277 5923
7279 5924
7280 5925
7281 5926
7282 5927
7283 5928
7285 5929
7286 5930
7287 5931
7765 5931
7288 5932
7289 5933
7524 5933
7799 5933
7810 6178
7291 5934
7292 5935
7293 5936
7294 5937
7469 5937
7296 5938
7297 5939
7299 5940
7302 5941
7304 5942
7305 5943
8182 5943
7307 5944
7309 5945
7310 5946
7314 5947
7321 5948
7413 5948
7323 5949
7324 5950
7325 5951
7327 5952
8180 5952
7328 5953
8503 5953
8702 5953
8733 5953
8813 5953
8819 5953
7331 5954
7573 5954
7337 5955
7338 5956
7339 5957
7341 5958
7344 5959
7345 5960
7346 5961
7771 5961
7347 5962
7349 5963
7353 5964
7354 5965
7356 5966
7357 5967
7359 5968
7360 5969
7362 5970
7363 5971
7365 5972
7368 5973
7370 5974
7371 5975
7373 5976
7374 5977
7375 5978
7376 5979
7377 5980
7379 5981
7380 5982
7381 5983
7382 5984
7383 5985
7385 5986
7387 5987
7388 5988
7391 5989
7772 5989
7392 5990
7393 5991
7394 5992
7395 5993
7396 5994
7398 5995
8321 5995
7405 5996
7406 5997
7407 5998
7408 5999
7411 6000
7414 6001
7420 6002
7422 6003
7424 6004
7425 6005
7427 6006
7428 6007
7431 6008
7462 6008
7432 6009
9266 6009
9543 6009
7433 6010
7434 6011
7435 6012
7436 6013
7439 6014
7442 6015
7443 6016
7444 6017
7446 6018
7448 6019
7450 6019
7451 6020
7452 6021
7453 6022
7455 6023
7456 6024
7457 6025
7458 6026
7459 6027
7460 6028
7461 6029
7463 6030
7464 6031
7466 6032
7467 6033
7470 6034
7472 6035
7473 6036
7474 6037
7477 6038
7480 6039
7481 6040
7483 6041
7485 6042
7487 6043
7491 6044
7493 6045
7685 6045
9542 6045
7495 6046
7499 6047
7500 6048
7503 6049
7504 6050
7505 6051
7506 6052
7508 6053
7509 6054
7510 6055
7512 6056
7513 6057
7514 6058
7517 6059
7520 6060
7521 6061
7527 6062
7528 6063
7529 6064
7533 6065
7534 6066
7535 6067
7540 6068
7542 6069
7544 6070
7545 6071
7546 6072
7549 6073
7555 6074
7557 6075
7558 6076
7559 6077
7560 6078
7561 6078
7565 6079
7570 6080
7571 6081
7574 6082
7893 6082
7575 6083
7577 6084
7581 6085
7585 6086
7587 6087
7589 6088
7597 6089
7599 6090
7609 6091
7610 6092
7611 6093
7616 6094
7619 6095
7622 6096
7623 6097
8224 6097
7630 6098
7631 6099
7632 6100
7643 6101
7646 6102
7647 6103
7648 6104
7649 6105
7653 6106
7655 6107
7657 6108
7658 6109
7659 6110
7660 6111
7661 6112
7662 6113
7663 6114
7664 6115
7665 6116
7666 6117
7797 6117
7667 6118
7669 6119
7671 6120
7677 6120
7674 6121
7675 6122
7678 6123
7680 6124
7681 6125
7682 6126
7683 6127
7684 6128
7688 6129
7689 6130
7690 6131
7691 6132
7692 6133
7693 6134
7694 6135
7695 6136
7707 6137
7711 6138
7719 6139
7720 6140
7726 6141
7732 6142
7736 6143
7744 6144
7749 6145
8170 6145
7750 6146
7751 6147
7752 6148
7753 6149
7760 6150
7761 6151
7762 6152
7764 6153
7770 6154
7774 6155
7775 6156
7777 6157
7779 6158
7780 6159
7781 6160
7782 6161
7783 6162
7787 6163
7788 6164
7789 6165
7791 6166
7794 6167
7796 6168
7798 6169
7800 6170
7801 6170
7802 6171
7803 6172
7804 6173
7805 6174
7806 6175
7807 6176
7808 6177
7809 6178
7811 6179
7812 6180
7813 6181
7814 6182
7815 6183
7816 6184
7817 6185
7818 6186
7819 6187
7820 6188
7821 6189
7822 6190
7823 6191
7824 6192
7825 6193
7826 6194
7827 6195
7828 6196
9956 6196
7830 6197
7831 6198
8796 6198
7832 6199
7833 6200
7834 6201
7835 6202
7837 6203
7838 6204
7839 6205
7840 6206
7841 6207
8773 6207
8790 6207
7842 6208
7843 6209
7844 6209
7845 6210
7846 6211
7847 6212
7848 6213
7849 6214
7850 6215
7852 6216
7853 6217
7854 6218
7860 6219
7861 6220
7864 6221
7865 6222
7867 6223
7868 6224
7875 6225
7876 6226
8179 6226
7878 6227
7881 6228
7882 6229
7884 6230
7885 6231
7886 6232
7887 6233
7888 6234
7889 6235
7895 6236
7899 6237
7900 6238
7901 6239
7902 6240
7903 6241
7904 6242
7905 6243
7906 6244
7907 6245
7910 6246
7912 6247
7913 6248
7914 6249
7915 6250
8167 6250
7916 6251
7917 6252
7919 6253
7920 6254
7921 6255
7925 6256
8178 6256
7929 6257
7933 6258
8174 6258
7938 6259
7939 6260
7944 6261
7945 6262
8129 6262
7948 6263
7950 6264
8133 6264
7952 6265
7959 6266
7960 6267
7961 6268
7962 6269
7968 6270
7973 6271
7974 6271
7976 6272
7977 6273
7978 6274
7979 6275
7981 6276
7983 6277
7985 6278
7987 6279
8000 6280
8001 6281
8003 6282
8004 6282
8006 6283
8007 6284
8008 6285
8142 6285
8009 6286
8010 6287
8015 6288
8024 6289
8026 6290
8027 6291
8028 6291
8032 6292
8034 6292
8033 6293
8036 6294
8037 6295
8251 6295
8038 6296
8039 6297
8040 6298
8041 6299
8047 6300
8048 6301
8049 6302
8050 6303
8052 6304
8053 6305
8054 6306
8055 6307
8056 6308
8057 6309
8058 6310
8059 6311
9226 6311
8060 6312
8061 6312
8062 6312
8063 6313
8064 6314
8065 6315
8067 6316
8068 6317
8069 6318
8070 6319
8072 6320
8073 6321
8075 6322
8076 6323
8080 6324
8085 6325
8086 6326
8087 6327
8088 6328
8089 6329
8091 6330
8093 6331
8096 6332
8097 6333
8098 6334
9271 6334
8099 6335
8100 6336
8101 6337
8103 6338
8104 6339
8105 6340
8106 6341
8107 6342
8108 6343
9190 6343
8109 6344
8111 6345
8113 6346
8114 6347
8115 6348
8116 6348
8118 6349
8769 6349
8120 6350
8124 6351
9165 6351
8125 6352
8127 6353
8130 6354
8131 6355
8134 6356
8136 6357
8137 6358
8141 6359
8143 6360
8144 6361
8147 6362
8149 6363
8950 6363
8153 6364
8156 6365
8157 6366
8159 6367
8160 6368
8165 6369
8183 6370
8185 6371
8189 6372
8190 6373
8191 6374
8192 6375
8193 6376
8194 6377
8195 6378
8196 6379
8197 6380
8198 6381
8199 6382
8203 6383
8206 6384
8207 6385
8211 6386
8213 6387
8214 6388
8220 6389
8221 6390
8222 6391
8225 6392
8227 6393
8228 6394
8229 6395
8230 6396
8231 6397
8346 6397
8232 6398
8233 6399
8235 6399
8234 6400
8236 6401
8237 6402
8238 6403
8239 6404
8240 6405
8241 6406
8242 6407
8243 6408
8244 6409
8245 6409
8246 6409
8247 6409
8248 6409
8249 6409
8250 6409
8252 6410
8253 6411
8255 6412
8256 6413
8257 6414
8258 6415
8350 6415
8259 6416
8353 6416
8260 6417
8261 6418
8265 6419
9518 6419
8266 6420
8273 6420
8267 6421
8268 6422
8269 6422
8270 6422
8275 6423
8276 6424
8277 6425
8278 6426
8279 6427
8280 6428
8281 6429
8282 6430
8284 6431
8285 6432
8286 6433
8287 6434
8288 6435
8289 6436
8330 6436
8290 6437
8291 6438
8292 6439
8293 6440
8294 6441
8295 6442
8296 6443
8297 6444
8299 6445
8300 6446
8301 6447
8302 6448
8303 6449
8304 6450
8305 6451
8306 6452
8307 6453
8308 6453
8309 6454
8310 6455
8311 6456
8313 6457
8314 6458
8315 6459
8316 6460
8317 6461
8318 6462
8972 6462
9019 6462
8319 6463
8320 6464
8322 6465
8323 6466
8324 6467
8325 6468
8326 6469
8327 6470
8328 6471
8438 6471
8329 6472
8331 6473
8332 6474
8333 6475
9262 6475
8335 6476
8336 6477
8337 6478
9097 6478
8339 6479
8340 6480
8341 6481
8342 6482
8343 6483
8344 6484
8345 6485
8347 6486
8348 6487
8349 6488
8351 6489
8352 6490
8354 6491
8355 6492
8356 6493
8358 6493
8357 6494
8359 6495
8360 6496
8361 6497
8362 6498
8363 6499
8365 6500
8367 6501
8369 6502
8371 6503
8372 6504
8373 6505
8374 6506
8375 6507
8376 6508
8377 6509
8378 6510
8379 6511
8380 6512
8381 6513
8382 6514
8383 6515
8384 6516
8385 6517
8386 6518
8387 6519
8388 6520
8390 6521
8391 6522
8569 6522
8392 6523
8393 6524
8394 6525
8395 6526
8396 6527
8397 6528
8398 6529
8399 6530
8402 6531
8403 6532
8405 6533
8406 6534
8407 6535
8409 6536
8410 6537
8762 6537
9521 6537
8411 6538
8412 6539
8413 6540
8414 6541
8415 6542
8416 6543
8417 6544
8418 6545
8419 6546
8420 6547
8421 6548
8422 6548
8423 6549
8424 6550
8495 6550
8426 6551
8427 6552
8428 6553
8429 6554
8431 6555
8432 6556
8436 6556
8433 6557
8434 6558
8435 6559
8437 6560
8439 6561
8448 6561
8440 6562
8441 6563
9247 6563
8442 6564
8443 6565
8444 6566
8445 6567
8446 6568
8447 6569
8449 6570
8450 6571
8451 6572
8452 6573
8453 6574
8455 6575
8456 6576
8457 6577
8459 6578
8460 6579
8461 6580
8462 6581
8464 6582
8465 6583
8466 6584
8468 6585
8469 6586
8470 6587
8471 6588
8472 6589
8473 6590
8474 6591
8476 6592
8477 6593
8478 6594
8480 6595
9088 6595
8481 6596
8482 6597
8483 6598
8484 6599
8485 6600
8486 6601
8487 6602
8488 6603
8489 6604
8490 6605
8491 6606
8492 6607
8496 6608
8497 6609
8498 6610
8499 6611
8673 6611
8500 6612
8501 6613
8502 6614
8504 6615
8505 6616
8506 6617
8507 6618
8508 6619
8509 6620
8513 6621
8514 6622
8516 6623
8518 6624
8519 6625
8521 6626
8786 6626
8522 6627
8523 6628
8524 6629
8803 6629
8525 6630
8530 6631
8531 6632
8738 6632
8536 6633
8537 6634
8538 6635
8543 6636
8545 6637
8550 6638
8551 6639
8552 6640
8555 6641
8556 6642
8557 6643
8560 6644
8561 6645
8562 6646
8563 6647
8564 6648
8565 6649
8566 6650
8567 6651
8568 6652
8699 6652
8570 6653
9244 6653
8571 6654
8573 6655
8574 6656
8575 6657
9114 6657
9123 6657
8576 6658
8577 6659
8578 6660
8580 6661
8582 6662
9068 6662
8583 6663
8585 6664
8586 6665
8587 6666
8588 6667
8589 6668
8590 6669
8591 6670
8627 6670
8592 6671
8593 6672
8594 6673
8595 6674
8596 6675
8597 6676
8598 6677
8599 6678
8600 6679
8601 6680
8602 6681
8603 6682
8604 6683
8605 6684
8606 6685
8607 6686
8608 6687
8609 6688
8610 6689
8611 6690
8612 6691
8613 6692
8614 6693
8615 6694
8616 6695
8617 6696
8618 6697
8619 6698
8620 6699
8621 6700
8622 6701
9413 6701
8623 6702
8624 6703
8625 6704
8626 6705
8628 6706
8629 6707
8630 6708
8631 6709
8632 6710
8633 6711
8634 6712
8635 6713
8636 6714
8637 6715
8638 6716
8639 6717
8640 6718
8641 6719
8642 6720
8643 6721
8644 6721
8645 6721
8646 6722
8647 6723
8648 6724
8649 6725
8650 6726
8651 6727
8666 6727
8652 6728
8653 6729
8654 6730
8655 6731
8656 6732
8657 6733
8658 6734
8659 6735
8660 6736
8661 6737
8662 6738
8663 6739
8664 6740
8665 6740
8667 6741
8668 6742
8669 6742
8670 6742
8671 6742
8672 6742
8674 6743
8675 6744
8676 6745
8677 6746
8678 6747
8679 6748
8680 6749
8681 6750
8682 6751
8683 6752
8684 6753
8685 6754
8686 6755
8687 6756
8688 6757
8690 6758
8692 6759
8693 6760
8694 6761
8695 6762
8696 6763
8697 6764
8698 6765
8700 6766
8707 6766
8715 6766
8804 6766
8701 6767
8703 6768
8704 6769
8705 6770
8706 6771
8708 6772
8711 6773
8712 6774
8713 6775
8714 6776
8717 6777
8718 6778
8719 6779
8722 6780
8723 6781
8724 6782
8725 6783
8727 6784
8728 6785
8730 6786
8731 6787
8732 6788
8734 6789
8806 6789
8736 6790
8737 6791
8739 6792
8741 6793
8744 6793
8742 6794
8743 6795
8788 6795
8745 6796
8747 6797
8750 6798
8752 6799
8753 6800
8754 6801
8755 6802
8757 6803
8759 6804
8761 6805
8763 6806
8764 6807
8766 6808
8767 6809
8768 6810
8770 6811
8771 6812
8772 6813
8774 6814
8776 6815
8778 6816
8779 6817
8781 6818
8782 6819
8783 6820
8784 6821
8785 6822
8789 6823
8791 6824
8793 6825
8794 6826
8795 6827
8797 6828
8798 6829
8799 6830
8800 6831
8802 6832
9176 6832
8805 6833
8807 6834
8808 6835
8809 6836
8812 6837
8814 6838
8815 6839
8816 6840
8817 6841
8820 6842
8821 6843
8822 6844
8824 6845
8825 6846
8826 6847
8827 6848
8828 6849
8829 6850
8830 6851
8831 6852
8832 6853
8833 6854
8834 6855
8837 6856
9270 6856
8843 6857
8846 6858
8856 6859
8857 6860
8859 6861
8863 6862
8870 6863
8875 6864
8876 6865
8877 6866
8878 6867
8881 6868
8882 6869
8883 6870
8884 6871
8885 6872
8886 6873
8887 6873
8957 6873
8888 6874
8890 6875
8892 6876
8893 6877
8894 6878
8895 6879
8896 6880
8897 6881
8898 6882
8899 6883
8900 6884
8901 6885
8902 6886
8903 6887
8904 6888
8905 6889
8906 6890
8908 6891
9051 6891
9052 6891
8909 6892
8910 6893
8911 6894
8912 6895
8913 6896
8914 6897
8915 6898
8918 6899
8919 6900
8921 6901
8922 6902
8923 6903
8924 6904
8925 6905
8926 6906
8927 6907
8928 6908
8931 6909
8932 6910
8933 6911
8934 6912
8935 6913
8936 6914
8939 6915
8942 6916
8944 6917
8945 6918
8948 6919
8949 6920
8951 6921
8952 6922
8953 6923
8954 6924
8955 6925
8956 6926
8958 6927
8959 6928
8960 6929
8961 6930
8962 6931
8963 6932
8964 6933
8965 6934
8966 6935
8967 6936
8968 6937
8969 6938
8970 6939
8971 6940
8973 6941
8974 6942
9031 6942
8975 6943
8976 6944
8977 6945
8978 6946
8979 6947
8980 6948
8981 6949
8982 6950
8983 6951
8984 6952
8985 6953
9229 6953
8986 6954
8987 6955
8988 6956
8989 6957
8990 6958
8991 6959
8992 6960
8993 6961
8994 6962
8995 6963
8996 6964
8997 6965
8998 6966
8999 6967
9000 6968
9001 6969
9002 6970
9003 6971
9004 6972
9005 6973
9006 6974
9007 6975
9008 6976
9009 6977
9010 6978
9011 6979
9012 6980
9013 6981
9014 6982
9015 6982
9016 6983
9017 6984
9018 6985
9020 6986
9021 6987
9022 6988
9023 6989
9024 6990
9025 6991
9026 6992
9027 6993
9028 6994
9029 6995
9030 6996
9032 6997
9033 6998
9034 6998
9035 6999
9036 7000
9037 7001
9038 7002
9039 7003
9040 7004
9041 7005
9042 7006
9043 7007
9044 7008
9045 7009
9046 7010
9047 7011
9048 7012
9049 7013
9050 7014
9054 7015
9055 7016
9056 7017
9057 7018
9058 7019
9059 7020
9060 7021
9061 7022
9062 7023
9063 7024
9065 7025
9066 7026
9069 7027
9070 7028
9071 7029
9072 7030
9074 7031
9076 7032
9080 7033
9083 7034
9089 7035
9090 7036
9092 7037
9093 7038
9094 7039
9096 7040
9098 7041
9099 7042
9100 7043
9101 7044
9102 7045
9103 7046
9104 7047
9105 7048
9106 7049
9107 7050
9108 7051
9109 7052
9110 7053
9111 7054
9112 7055
9113 7056
9115 7057
9116 7058
9148 7058
9117 7059
9118 7060
9119 7061
9120 7062
9121 7063
9124 7064
9125 7065
9127 7066
9158 7066
9128 7067
9129 7068
9130 7069
9131 7069
9132 7070
9134 7071
9136 7072
9139 7073
9154 7073
9140 7074
9141 7075
9142 7076
9145 7077
9147 7078
9149 7079
9227 7079
9150 7080
9152 7081
9332 7081
9153 7082
9156 7083
9159 7084
9163 7085
9164 7086
9251 7086
9167 7087
9168 7088
9178 7088
9169 7089
9171 7090
9172 7091
9174 7092
9177 7093
9179 7094
9183 7095
9187 7096
9192 7097
9193 7098
9255 7098
9194 7099
9195 7100
9196 7101
9198 7102
9199 7103
9200 7104
9201 7105
9202 7106
9203 7107
9204 7108
9205 7109
9207 7110
9208 7111
9210 7112
9211 7113
9212 7114
9213 7115
9215 7116
9216 7117
9217 7118
9218 7119
9219 7120
9220 7121
9221 7122
9223 7123
9224 7124
9225 7125
9228 7126
9230 7127
9231 7128
9232 7129
9233 7130
9234 7131
9235 7132
9237 7133
9238 7134
9240 7135
9241 7136
9242 7137
9243 7138
9245 7139
9246 7140
9248 7141
9249 7142
9250 7143
9253 7144
9254 7145
9256 7146
9257 7147
9258 7148
9259 7149
9260 7150
9261 7151
9263 7152
9264 7153
9265 7154
9272 7155
9274 7156
9277 7157
9279 7158
9282 7159
9284 7160
9289 7161
9290 7162
9291 7163
9298 7164
9299 7165
9300 7166
9301 7167
9302 7168
9303 7169
9304 7170
9305 7171
9306 7172
9307 7173
9308 7174
9310 7175
9314 7176
9320 7177
9322 7178
9326 7179
9331 7180
9333 7181
9334 7182
9337 7183
9339 7184
9340 7185
9341 7186
9342 7187
9343 7188
9344 7189
9345 7190
9346 7191
9348 7192
9349 7193
9351 7194
9352 7195
9353 7196
9354 7197
9355 7198
9356 7199
9357 7200
9359 7201
9360 7202
9361 7203
9362 7204
9363 7205
9365 7206
9366 7207
9367 7208
9369 7209
9371 7210
9373 7211
9375 7212
9376 7213
9377 7214
9378 7215
9381 7216
9382 7216
9389 7216
9383 7217
9384 7218
9387 7219
9388 7220
9390 7221
9391 7222
9394 7223
9395 7224
9396 7225
9397 7226
9398 7227
9399 7228
9400 7229
9401 7230
9402 7231
9403 7232
9404 7233
9405 7234
9406 7235
9407 7236
9408 7237
9409 7238
9410 7239
9411 7240
9412 7241
9414 7242
9415 7243
9416 7244
9417 7245
9418 7246
9419 7247
9420 7248
9421 7249
9422 7250
9423 7251
9424 7252
9425 7253
9426 7254
9427 7255
9428 7256
9429 7257
9430 7257
9431 7258
9432 7259
9433 7260
9434 7261
9435 7262
9438 7263
9439 7264
9440 7265
9441 7266
9442 7267
9443 7268
9445 7269
9446 7270
9447 7271
9448 7272
9449 7273
9450 7274
9451 7275
9452 7276
9453 7277
9454 7277
9455 7277
9456 7277
9457 7278
9458 7279
9459 7280
9460 7281
9461 7282
9462 7283
9463 7284
9464 7285
9465 7286
9466 7287
9467 7288
9468 7289
9469 7290
9470 7291
9471 7292
9472 7293
9473 7294
9474 7295
9478 7295
9475 7296
9476 7297
9477 7298
9479 7299
9480 7300
9482 7301
9483 7302
9484 7303
9485 7304
9489 7304
9490 7304
9486 7305
9487 7306
9495 7306
9497 7306
9498 7306
9488 7307
9491 7308
9492 7309
9493 7310
9494 7311
9496 7312
9500 7313
9501 7314
9502 7315
9504 7316
9624 7316
9505 7317
9509 7318
9510 7319
9511 7320
9512 7321
9515 7322
9516 7323
9517 7324
9522 7325
9523 7326
9524 7327
9525 7328
9527 7329
9528 7330
9529 7331
9530 7332
9531 7333
9532 7333
9534 7333
9535 7333
9536 7333
9537 7333
9539 7334
9544 7335
9545 7336
9547 7337
9548 7338
9549 7339
9570 7339
9550 7340
9551 7341
9552 7342
9554 7343
9555 7344
9556 7345
9558 7346
9561 7347
9562 7348
9563 7349
9564 7350
9565 7351
9566 7352
9567 7353
9568 7354
9575 7354
9579 7354
9611 7354
9631 7354
9643 7354
9668 7354
9676 7354
9569 7355
9571 7356
9572 7357
9573 7358
9574 7359
9576 7360
9577 7361
9578 7362
9581 7363
9582 7364
9743 7364
9583 7365
9584 7366
9585 7367
9586 7368
9587 7369
9588 7370
9589 7371
9590 7372
9591 7373
9592 7374
9593 7375
9594 7376
9595 7377
9596 7378
9597 7379
9598 7380
9600 7381
9601 7382
9602 7383
9603 7383
9604 7384
9605 7385
9606 7386
9607 7386
9608 7387
9609 7388
9610 7389
9612 7390
9613 7391
9614 7392
9615 7393
9616 7394
9617 7395
9618 7396
9619 7397
9620 7398
9621 7399
9622 7400
9623 7401
9625 7402
9626 7403
9627 7404
9628 7405
9629 7406
9630 7407
9634 7408
9636 7409
9637 7410
9639 7411
9640 7412
9641 7413
9642 7414
9644 7415
9645 7416
9646 7416
9647 7417
9648 7417
9649 7418
9650 7419
9651 7420
9652 7421
9653 7422
9654 7423
9655 7424
9656 7425
9657 7426
9658 7427
9659 7428
9660 7429
9661 7430
9662 7431
9663 7432
9664 7433
9665 7434
9666 7435
9667 7436
9669 7437
9670 7438
9671 7439
9673 7439
9672 7440
9674 7441
9675 7442
9677 7443
9678 7444
9679 7445
9680 7446
9681 7447
9682 7448
9683 7449
9684 7450
9685 7451
9686 7452
9687 7453
9688 7454
9689 7455
9690 7456
9691 7457
9692 7458
9693 7459
9694 7460
9695 7461
9696 7462
9697 7463
9698 7464
9699 7465
9700 7466
9701 7467
9702 7468
9703 7469
9704 7470
9705 7471
9706 7472
9707 7473
9708 7474
9709 7475
9710 7476
9711 7477
9712 7478
9713 7479
9750 7479
9762 7479
9851 7479
9877 7479
9714 7480
9715 7481
9716 7482
9717 7483
9718 7484
9719 7485
9720 7486
9721 7487
9722 7488
9723 7489
9724 7490
9725 7491
9726 7492
9727 7493
9728 7494
9729 7495
9730 7496
9731 7497
9732 7498
9733 7499
9734 7500
9735 7501
9736 7502
9737 7503
9738 7504
9739 7505
9740 7506
9741 7507
9742 7508
9744 7509
9745 7510
9746 7511
9748 7512
9749 7513
9751 7514
9752 7515
9753 7516
9754 7517
9755 7518
9756 7519
9757 7520
9758 7521
9759 7522
9760 7523
9761 7524
9763 7525
9764 7526
9765 7527
9766 7528
9767 7529
9768 7530
9769 7531
9770 7532
9771 7533
9772 7534
9773 7535
9774 7536
9775 7537
9776 7538
9777 7539
9778 7540
9779 7541
9780 7542
9781 7543
9782 7544
9783 7545
9784 7546
9785 7547
9786 7548
9787 7549
9788 7550
9789 7551
9790 7552
9791 7553
9792 7554
9793 7555
9794 7556
9795 7557
9796 7558
9797 7559
9798 7560
9799 7561
9800 7562
9801 7563
9802 7564
9803 7565
9804 7566
9805 7567
9806 7568
9807 7569
9808 7570
9809 7571
9810 7572
9811 7573
9812 7574
9813 7575
9814 7576
9815 7577
9816 7578
9817 7579
9818 7580
9819 7581
9820 7582
9821 7583
9822 7584
9823 7585
9824 7586
9825 7587
9826 7588
9827 7589
9828 7590
9829 7591
9830 7592
9831 7593
9832 7594
9833 7595
9834 7596
9835 7597
9836 7598
9837 7599
9838 7600
9840 7601
9841 7602
9843 7603
9844 7604
9845 7605
9846 7606
9847 7607
9848 7608
9849 7609
9850 7610
9852 7611
9853 7612
9854 7613
9855 7614
9857 7615
9858 7616
9859 7617
9860 7618
9861 7619
9862 7620
9863 7621
9864 7622
9865 7623
9866 7624
9867 7625
9868 7626
9869 7627
9870 7628
9871 7629
9872 7630
9873 7631
9874 7632
9875 7633
9876 7634
9878 7635
9879 7636
9880 7637
9881 7638
9882 7639
9883 7640
9884 7641
9885 7642
9886 7643
9887 7644
9888 7645
9889 7646
9890 7647
9891 7648
9892 7649
9893 7650
9894 7651
9895 7652
9896 7653
9897 7654
9898 7655
9899 7656
9900 7657
9901 7658
9902 7659
9903 7660
9904 7661
9905 7662
9906 7663
9907 7664
9908 7665
9909 7666
9910 7667
9911 7668
9912 7669
9913 7670
9914 7671
9915 7672
9916 7673
9917 7674
9918 7675
9919 7676
9920 7677
9921 7678
9922 7679
9923 7680
9924 7681
9925 7682
9926 7683
9927 7684
9928 7685
9929 7686
9930 7687
9931 7688
9932 7689
9933 7690
9934 7691
9935 7692
9936 7693
9937 7694
9938 7695
9939 7696
9940 7697
9941 7698
9942 7699
9943 7700
9944 7701
9945 7702
9946 7703
9947 7704
9948 7705
9949 7706
9950 7707
9951 7708
9952 7709
9953 7710
9954 7711
9955 7712
9957 7713
9958 7714
9959 7715
9960 7716
9961 7717
9962 7718
9963 7719
9964 7720
9965 7721
9966 7722
9967 7723
9968 7724
9969 7725
9970 7726
9971 7727
9972 7728
9973 7729
9974 7730
9975 7731
9976 7732
9977 7733
9978 7734
9979 7735
9980 7736
9981 7737
9982 7738
9983 7739
9984 7740
9985 7741
9986 7742
9988 7743
9990 7744
9992 7745
9993 7746
9995 7747
9996 7748
