0 0
1 1
2 1
5 1
8 1
460 1
3 2
4 2
6 2
7 2
9 3
10 4
11 5
12 6
13 6
14 6
15 6
16 7
17 8
18 9
19 10
20 11
21 12
22 13
23 14
24 15
25 15
26 15
27 16
430 16
28 17
495 17
29 18
30 19
742 19
31 20
32 21
33 22
3500 22
34 23
35 24
36 25
37 26
38 27
39 28
752 28
5164 28
7275 28
40 29
904 29
41 30
288 30
42 31
936 31
43 32
44 33
45 34
46 35
422 35
47 36
48 37
782 37
49 38
815 38
50 39
924 39
51 40
52 41
681 41
53 42
54 43
55 44
657 44
56 45
4106 45
57 46
188 46
58 47
59 48
60 49
61 50
62 51
647 51
63 52
916 52
64 53
1185 53
65 54
66 55
67 56
68 57
69 58
70 59
71 60
1613 60
72 61
73 62
655 62
801 62
74 63
802 63
75 64
3837 64
76 65
77 66
78 67
1528 67
4447 67
4951 67
79 68
80 69
81 70
82 71
83 72
3858 72
84 73
85 74
86 75
87 76
798 76
88 77
89 78
90 79
91 80
92 81
93 82
94 83
95 84
339 84
4459 84
6745 84
96 85
97 86
764 86
98 87
5491 87
7672 87
99 88
100 89
675 89
772 89
1855 89
4821 89
101 90
102 91
103 92
104 93
105 94
106 95
107 96
108 97
109 98
110 99
111 100
7538 100
112 101
113 102
114 103
115 104
116 105
117 106
127 106
118 107
119 108
120 109
121 110
122 111
123 112
124 113
2701 113
3789 113
4733 113
125 114
126 115
128 116
129 117
4818 117
130 118
692 118
131 119
132 120
133 121
134 122
135 123
136 124
137 125
138 126
139 127
3610 127
6428 127
140 128
141 129
142 130
9839 130
143 131
144 132
674 132
145 133
146 134
147 135
148 136
149 137
1215 137
150 138
151 139
152 140
153 141
154 142
155 143
156 144
157 145
158 146
159 147
160 148
161 149
162 150
163 151
164 152
165 153
166 154
167 155
168 156
169 157
1379 157
170 158
171 159
172 160
173 161
174 162
175 163
176 164
177 165
178 166
179 167
180 168
181 169
182 170
925 170
183 171
4307 171
184 172
185 173
4621 173
186 174
187 175
189 176
190 177
191 178
192 179
294 179
193 180
194 181
195 182
196 183
4466 183
4875 183
7537 183
9444 183
197 184
198 185
7257 185
199 186
200 187
4769 187
201 188
202 189
203 190
271 190
863 190
204 191
205 192
206 193
207 194
208 195
209 196
325 196
210 197
211 198
212 199
213 200
214 201
215 202
216 203
217 204
9091 204
218 205
219 206
220 207
221 208
222 209
223 210
446 210
224 211
225 212
226 213
227 214
4768 214
228 215
229 216
4565 216
8226 216
230 217
231 218
232 219
233 220
234 221
235 222
236 223
237 224
789 224
238 225
239 226
240 227
241 228
242 229
243 230
244 231
245 232
4338 232
246 233
448 233
247 234
3348 234
248 235
249 236
250 237
251 238
252 239
253 240
254 241
4356 241
255 242
256 243
269 243
257 244
258 245
259 246
915 246
260 247
4370 247
261 248
262 249
263 250
264 251
265 252
3805 252
266 253
267 254
330 254
670 254
268 255
270 256
272 257
273 258
336 258
805 258
274 259
3826 259
5146 259
275 260
3430 260
276 261
277 262
278 263
279 264
280 265
281 266
282 267
283 268
284 269
285 270
286 271
651 271
287 272
2933 272
289 273
290 274
291 275
292 276
293 277
416 277
7315 277
7934 277
295 278
296 279
297 280
298 281
715 281
299 282
300 283
6204 283
301 284
302 285
303 286
821 286
2844 286
304 287
305 288
306 289
307 290
308 291
309 292
310 293
311 294
312 295
313 296
4754 296
8011 296
314 297
315 298
316 299
317 300
592 300
4609 300
4610 300
318 301
319 302
320 303
321 304
322 305
323 306
7207 306
324 307
3869 307
5156 307
326 308
327 309
328 310
329 311
331 312
332 313
333 314
334 315
5241 315
7993 315
335 316
850 316
867 316
337 317
338 318
340 319
341 320
342 321
343 322
6683 322
344 323
589 323
345 324
346 325
705 325
347 326
348 327
349 328
350 329
351 330
3110 330
352 331
353 332
354 333
355 334
356 335
357 336
358 337
359 338
360 339
361 340
362 341
363 342
364 343
365 344
366 345
367 346
368 347
369 348
370 349
371 350
372 351
373 352
550 352
374 353
375 354
376 355
377 356
378 357
458 357
379 358
380 359
381 360
382 361
383 362
384 363
7270 363
385 364
386 365
387 366
388 367
389 368
390 369
391 370
459 370
462 370
540 370
548 370
842 370
392 371
393 372
3155 372
394 373
395 374
396 375
397 376
398 377
399 378
400 379
535 379
3418 379
3419 379
3420 379
5923 379
401 380
402 381
4301 381
403 382
404 383
5090 383
405 384
406 385
407 386
408 387
409 388
410 389
411 390
412 391
413 392
414 393
415 394
417 395
418 396
419 397
420 398
421 399
423 400
4306 400
424 401
425 402
426 403
427 404
428 405
429 406
431 407
432 408
2166 408
433 409
434 410
750 410
435 411
436 412
437 413
438 414
9392 414
439 415
587 415
440 416
441 417
4305 417
442 418
443 419
444 420
445 421
447 422
449 423
450 424
451 425
452 426
453 427
454 428
3946 428
455 429
456 430
457 431
461 432
785 432
463 433
464 434
465 435
466 436
467 437
468 438
469 439
470 440
471 441
472 442
473 443
824 443
474 444
475 445
590 445
476 446
477 447
756 447
478 448
3865 448
479 449
480 450
481 451
482 452
483 453
484 454
485 455
486 456
3170 456
487 457
488 458
2935 458
489 459
490 460
491 461
492 462
493 463
494 464
496 465
497 466
498 467
499 468
500 469
2725 469
501 470
502 471
503 472
504 473
505 474
506 475
507 476
508 477
1623 477
509 478
510 479
511 480
512 481
513 482
514 483
515 484
516 485
517 486
518 487
519 488
520 489
521 490
522 491
523 492
524 493
525 494
526 495
527 496
528 497
529 498
530 499
531 500
532 501
533 502
534 503
536 504
537 505
538 506
539 507
541 508
542 509
543 510
3445 510
5612 510
544 511
545 512
546 513
547 514
549 515
4616 515
551 516
552 517
2163 517
3899 517
553 518
3339 518
554 519
3857 519
555 520
4318 520
556 521
557 522
558 523
559 524
2939 524
560 525
5150 525
561 526
562 527
563 528
564 529
565 530
566 531
567 532
568 533
569 534
570 535
571 536
572 537
573 538
574 539
575 540
576 541
5250 541
7087 541
8823 541
577 542
578 543
579 544
580 545
581 546
582 547
9137 547
583 548
584 549
585 550
586 551
588 552
591 553
4893 553
593 554
594 555
595 556
596 557
716 557
758 557
873 557
597 558
598 559
599 560
826 560
600 561
3303 561
601 562
3807 562
602 563
603 564
604 565
605 566
606 567
4766 567
607 568
608 569
841 569
609 570
610 571
754 571
611 572
612 573
613 574
614 575
615 576
616 577
617 578
618 579
619 580
620 581
621 582
622 583
623 584
624 585
625 586
626 587
627 588
628 589
629 590
2895 590
630 591
631 592
632 593
633 594
634 595
635 596
636 597
637 598
4844 598
638 599
639 600
640 601
641 602
642 603
643 604
644 605
645 606
646 607
648 608
3112 608
649 609
650 610
761 610
652 611
653 612
654 613
4740 613
656 614
658 615
659 616
660 617
661 618
662 619
663 620
664 621
665 622
666 623
3780 623
667 624
668 625
669 626
671 627
672 628
673 629
676 630
677 631
678 632
679 633
680 634
682 635
683 636
684 637
685 638
686 639
687 640
688 641
852 641
689 642
5617 642
8584 642
690 643
691 644
693 645
694 646
9252 646
695 647
6448 647
696 648
697 649
698 650
699 651
700 652
701 653
702 654
3388 654
703 655
704 656
706 657
707 658
708 659
709 660
710 661
711 662
712 663
713 664
714 665
3852 665
717 666
718 667
2934 667
719 668
720 669
721 670
722 671
723 672
724 673
3357 673
725 674
726 675
727 676
728 677
729 678
730 679
3835 679
731 680
732 681
733 682
734 683
735 684
3823 684
736 685
737 686
738 687
739 688
740 689
741 690
743 691
744 692
745 693
746 694
747 695
748 696
749 697
751 698
4586 698
753 699
755 700
757 701
759 702
760 703
762 704
763 705
765 706
3169 706
4767 706
766 707
767 708
768 709
769 710
2431 710
770 711
771 712
773 713
774 714
775 715
776 716
777 717
778 718
779 719
780 720
781 721
783 722
784 723
786 724
787 725
788 726
790 727
791 728
792 729
3874 729
793 730
794 731
795 732
846 732
796 733
797 734
799 735
800 736
6189 736
803 737
804 738
806 739
807 740
808 741
809 742
810 743
7308 743
811 744
812 745
813 746
814 747
816 748
822 748
817 749
818 750
819 751
820 752
823 753
825 754
827 755
828 756
829 757
830 758
831 759
832 760
833 761
834 762
835 763
836 764
837 765
838 766
839 767
840 768
843 769
5962 769
844 770
5815 770
845 771
847 772
848 773
849 774
851 775
853 776
854 777
855 778
856 779
857 780
858 781
888 781
859 782
860 783
861 784
5035 784
5228 784
862 785
864 786
865 787
866 788
868 789
869 790
4760 790
870 791
871 792
872 793
874 794
875 795
876 796
877 797
878 798
879 799
880 800
901 800
881 801
882 802
883 803
884 804
885 805
886 806
887 807
1244 807
889 808
890 809
891 810
892 811
893 812
894 813
895 814
896 815
897 816
898 817
899 818
900 819
902 820
4313 820
903 821
905 822
906 823
907 824
908 825
909 826
910 827
911 828
6748 828
912 829
913 830
914 831
3167 831
917 832
918 833
919 834
920 835
921 836
922 837
923 838
926 839
927 840
5623 840
7210 840
928 841
929 842
930 843
931 844
932 845
933 846
934 847
935 848
937 849
938 850
939 851
940 852
1492 852
941 853
942 854
943 855
944 856
5512 856
945 857
946 858
947 859
948 860
949 861
950 862
951 863
952 864
953 865
7963 865
7964 865
8081 865
8082 865
954 866
1347 866
2214 866
5700 866
955 867
1386 867
1562 867
2842 867
956 868
1230 868
957 869
958 870
959 871
960 872
2507 872
961 873
962 874
2059 874
963 875
964 876
1479 876
965 877
966 878
967 879
968 880
1813 880
969 881
970 882
971 883
972 884
973 885
974 886
975 887
976 888
5531 888
977 889
1324 889
978 890
979 891
980 892
3760 892
981 893
982 894
983 895
984 896
6507 896
8152 896
985 897
986 898
8777 898
987 899
988 900
989 901
990 902
991 903
2112 903
2817 903
992 904
4759 904
993 905
994 906
995 907
996 908
997 909
998 910
999 911
1000 912
1001 913
1002 914
1003 915
1311 915
1004 916
1005 917
1006 918
1007 919
1008 920
1009 921
1010 922
1011 923
1012 924
1013 925
1014 926
1929 926
1015 927
1016 928
3934 928
1017 929
1018 930
1019 931
2322 931
1020 932
5567 932
6561 932
1021 933
1022 934
1023 935
1024 936
1025 937
1026 938
1027 939
1028 940
1029 941
1030 942
1031 943
1032 944
3779 944
1033 945
1034 946
1035 947
1036 948
1037 949
2365 949
1038 950
1039 951
1040 952
1041 953
1042 954
1043 955
1044 956
8709 956
1045 957
7386 957
1046 958
1047 959
1048 960
1049 961
1050 962
1051 963
1052 964
1053 965
2325 965
1054 966
5492 966
1055 967
2720 967
1056 968
1057 969
1058 970
1059 971
1060 972
1061 973
1352 973
1062 974
2763 974
1063 975
1064 976
1065 977
2424 977
2435 977
1066 978
7465 978
1067 979
1068 980
1069 981
1070 982
1071 983
1072 984
4820 984
1073 985
3042 985
1074 986
1883 986
1075 987
1223 987
1631 987
4679 987
1076 988
1729 988
1077 989
1078 990
1079 991
1080 992
2097 992
1081 993
1082 994
1083 995
1084 996
1085 997
1086 998
1087 999
1088 1000
2359 1000
1089 1001
1090 1002
1091 1003
1092 1004
1093 1005
1094 1006
1095 1007
2773 1007
1096 1008
1097 1009
1098 1010
1099 1011
1100 1012
1101 1013
1828 1013
1102 1014
1103 1015
1104 1016
1105 1017
1106 1018
1107 1019
1108 1020
2693 1020
1109 1021
1110 1022
1111 1023
1112 1024
1113 1025
1114 1026
1115 1027
1116 1028
1117 1029
1118 1030
1609 1030
1119 1031
1120 1032
2973 1032
1121 1033
1122 1034
1529 1034
1123 1035
1184 1035
2041 1035
1124 1036
1125 1037
2470 1037
1126 1038
1127 1039
1128 1040
1129 1041
5961 1041
1130 1042
1131 1043
1132 1044
1320 1044
1133 1045
1134 1046
1135 1047
8848 1047
1136 1048
2976 1048
1137 1049
1138 1050
2658 1050
1139 1051
1140 1052
2080 1052
1141 1053
1142 1054
1143 1055
1144 1056
1145 1057
1472 1057
2459 1057
1146 1058
1147 1059
1148 1060
1587 1060
2529 1060
5773 1060
1149 1061
1150 1062
1151 1063
1152 1064
1153 1065
1154 1066
1155 1067
1156 1068
1913 1068
2208 1068
2755 1068
1157 1069
1158 1070
1159 1071
1160 1072
1903 1072
2386 1072
2648 1072
1161 1073
1162 1074
1841 1074
1163 1075
2502 1075
1164 1076
1165 1077
1166 1078
1167 1079
1168 1080
1435 1080
5537 1080
1169 1081
1170 1082
1171 1083
1172 1084
1173 1085
1174 1086
1914 1086
1175 1087
2347 1087
1176 1088
1415 1088
1177 1089
1950 1089
1178 1090
1179 1091
1180 1092
2709 1092
1181 1093
1182 1094
2086 1094
1183 1095
1186 1096
1187 1097
1188 1098
1189 1099
1190 1100
1191 1101
8533 1101
1192 1102
1193 1103
1194 1104
2073 1104
1195 1105
1196 1106
1197 1107
1198 1108
1199 1109
1200 1110
1201 1111
1454 1111
1202 1112
1203 1113
1865 1113
1204 1114
1205 1115
1206 1116
1207 1117
1208 1118
1209 1119
1210 1120
1211 1121
1212 1122
1213 1123
1214 1124
1216 1125
1217 1126
1218 1127
1219 1128
1220 1129
2433 1129
1221 1130
1222 1131
1224 1132
1225 1133
1226 1134
1227 1135
2060 1135
2374 1135
1228 1136
1229 1137
1231 1138
2114 1138
1232 1139
1233 1140
1420 1140
1234 1141
1235 1142
2087 1142
1236 1143
1237 1144
1238 1145
1239 1146
5543 1146
1240 1147
1241 1148
1242 1149
1243 1150
1245 1151
1246 1152
1712 1152
1247 1153
1248 1154
1249 1155
1250 1156
2381 1156
1251 1157
1252 1158
2782 1158
1253 1159
1254 1160
4757 1160
9499 1160
1255 1161
5536 1161
1256 1162
2091 1162
1257 1163
1258 1164
1259 1165
1260 1166
1261 1167
1262 1168
1373 1168
1263 1169
1966 1169
1264 1170
1265 1171
1266 1172
1267 1173
1424 1173
1268 1174
1269 1175
1270 1176
2591 1176
1271 1177
1272 1178
1273 1179
1274 1180
1275 1181
2025 1181
2557 1181
1276 1182
5493 1182
1277 1183
1278 1184
1279 1185
2203 1185
1280 1186
1281 1187
1282 1188
1283 1189
1284 1190
1285 1191
2202 1191
1286 1192
5530 1192
1287 1193
1288 1194
1289 1195
1290 1196
1291 1197
1292 1198
1293 1199
1294 1200
1295 1201
1790 1201
1296 1202
1297 1203
1298 1204
1299 1205
1300 1206
3441 1206
1301 1207
1302 1208
1303 1209
1304 1210
1305 1211
1321 1211
1306 1212
1307 1213
1308 1214
1309 1215
1310 1216
1312 1217
1313 1218
1314 1219
1315 1220
1316 1221
1317 1222
1318 1223
1319 1224
1322 1225
1323 1226
1325 1227
1326 1228
1327 1229
1328 1230
1329 1231
1330 1232
1331 1233
1332 1234
1333 1235
1334 1236
1335 1237
1336 1238
6076 1238
1337 1239
1338 1240
5830 1240
1339 1241
1340 1242
1341 1243
2478 1243
3044 1243
1342 1244
1343 1245
5254 1245
9503 1245
1344 1246
1345 1247
1346 1248
1348 1249
1667 1249
5824 1249
1349 1250
1350 1251
1351 1252
1353 1253
1354 1254
1355 1255
1715 1255
1356 1256
1661 1256
1357 1257
1358 1258
1359 1259
2142 1259
2647 1259
1360 1260
3777 1260
1361 1261
1362 1262
2750 1262
1363 1263
1364 1264
1365 1265
1366 1266
1367 1267
1368 1268
1369 1269
1370 1270
2181 1270
1371 1271
2189 1271
2818 1271
1372 1272
1374 1273
1540 1273
1375 1274
1376 1275
1377 1276
1378 1277
1380 1278
1381 1279
1382 1280
1383 1281
1695 1281
1384 1282
1385 1283
1387 1284
1388 1285
2493 1285
2575 1285
1389 1286
1390 1287
2678 1287
1391 1288
1392 1289
6775 1289
1393 1290
1394 1291
1395 1292
1396 1293
1397 1294
1398 1295
1399 1296
2542 1296
1400 1297
1401 1298
1402 1299
5538 1299
1403 1300
1404 1301
1405 1302
1943 1302
1406 1303
1407 1304
1408 1305
2199 1305
2612 1305
1409 1306
1410 1307
1411 1308
1412 1309
1413 1310
1414 1311
1416 1312
1417 1313
1882 1313
2437 1313
1418 1314
4762 1314
1419 1315
1421 1316
1422 1317
1423 1318
1425 1319
1426 1320
1427 1321
1464 1321
1500 1321
2343 1321
5544 1321
5545 1321
5720 1321
5851 1321
1428 1322
1429 1323
1430 1324
1431 1325
3801 1325
7966 1325
1432 1326
1433 1327
1434 1328
1436 1329
1437 1330
2292 1330
1438 1331
1439 1332
1440 1333
1441 1334
4302 1334
8200 1334
1442 1335
1443 1336
1444 1337
1445 1338
4343 1338
1446 1339
1447 1340
1448 1341
2289 1341
1449 1342
1450 1343
1451 1344
1452 1345
1453 1346
5995 1346
1455 1347
7633 1347
1456 1348
1523 1348
2445 1348
5719 1348
1457 1349
1458 1350
1459 1351
1460 1352
1461 1353
1462 1354
4852 1354
1463 1355
1465 1356
1466 1357
1467 1358
1468 1359
1469 1360
1470 1361
1471 1362
7756 1362
1473 1363
1474 1364
1475 1365
1476 1366
1477 1367
1478 1368
1480 1369
1481 1370
1482 1371
1483 1372
1484 1373
1485 1374
4942 1374
5958 1374
1486 1375
1487 1376
1488 1377
1489 1378
1490 1379
1491 1380
1493 1381
1494 1382
1495 1383
6238 1383
7351 1383
1496 1384
1689 1384
1497 1385
1498 1386
6236 1386
7507 1386
1499 1387
1501 1388
1502 1389
1783 1389
3887 1389
9580 1389
9632 1389
9633 1389
9638 1389
1503 1390
1766 1390
3626 1390
1504 1391
1505 1392
1506 1393
1507 1394
1508 1395
1509 1396
1510 1397
1511 1398
1512 1399
4997 1399
1513 1400
1514 1401
1515 1402
1516 1403
1517 1404
4758 1404
1518 1405
3699 1405
1519 1406
1520 1407
1521 1408
1522 1409
2724 1409
1524 1410
1525 1411
1526 1412
1527 1413
1910 1413
1530 1414
1531 1415
1532 1416
1533 1417
1534 1418
1535 1419
1536 1420
1537 1421
1538 1422
1539 1423
1541 1424
1542 1425
2992 1425
3685 1425
1543 1426
3875 1426
5145 1426
9338 1426
1544 1427
2409 1427
1545 1428
4940 1428
1546 1429
1547 1430
1548 1431
1549 1432
1550 1433
1551 1434
1552 1435
1553 1436
1554 1437
1555 1438
1556 1439
1557 1440
1558 1441
1559 1442
6233 1442
7416 1442
1560 1443
1561 1444
1563 1445
1564 1446
1565 1447
1566 1448
2061 1448
1567 1449
1568 1450
1569 1451
1570 1452
1571 1453
1572 1454
1573 1455
1574 1456
1575 1457
1576 1458
3954 1458
1577 1459
1578 1460
1579 1461
1580 1462
1581 1463
1582 1464
5084 1464
1583 1465
1584 1466
1585 1467
1586 1468
1635 1468
2043 1468
3819 1468
3820 1468
1588 1469
1589 1470
1590 1471
1591 1472
8338 1472
1592 1473
1593 1474
1594 1475
1595 1476
1596 1477
1597 1478
1598 1479
1599 1480
1600 1481
1601 1482
1602 1483
3676 1483
6234 1483
7417 1483
1603 1484
1604 1485
1605 1486
1606 1487
1765 1487
3692 1487
1607 1488
1608 1489
1610 1490
2282 1490
2563 1490
1611 1491
4863 1491
1612 1492
1614 1493
1615 1494
1616 1495
1617 1496
1618 1497
1619 1498
1620 1499
1621 1500
1622 1501
1624 1502
1625 1503
1626 1504
1627 1505
1628 1506
1629 1507
1646 1507
1687 1507
2303 1507
2699 1507
1630 1508
1632 1509
4396 1509
1633 1510
1634 1511
1636 1512
1637 1513
1638 1514
4772 1514
1639 1515
1640 1516
2314 1516
1641 1517
2315 1517
2779 1517
1642 1518
1643 1519
1644 1520
1645 1521
1647 1522
1648 1523
1931 1523
1649 1524
1650 1525
1651 1526
1652 1527
1653 1528
1654 1529
1655 1530
2748 1530
1656 1531
1657 1532
2017 1532
1658 1533
1659 1534
1660 1535
1662 1536
1663 1537
1664 1538
1665 1539
1666 1540
1668 1541
1880 1541
2515 1541
2747 1541
1669 1542
1670 1543
1671 1544
1672 1545
4771 1545
1673 1546
1674 1547
1675 1548
1676 1549
1677 1550
1678 1551
1679 1552
1680 1553
1681 1554
1682 1555
5525 1555
1683 1556
1684 1557
1685 1558
1686 1559
5599 1559
1688 1560
1690 1561
1691 1562
1692 1563
1693 1564
1694 1565
1696 1566
1697 1567
1698 1568
1699 1569
1700 1570
1701 1571
1702 1572
1703 1573
1704 1574
1705 1575
1706 1576
3463 1576
1707 1577
1708 1578
1709 1579
1710 1580
2802 1580
1711 1581
5278 1581
1713 1582
1714 1583
1716 1584
1717 1585
1718 1586
1975 1586
1719 1587
2799 1587
1720 1588
1721 1589
4727 1589
9559 1589
1722 1590
1723 1591
1724 1592
1725 1593
1726 1594
1727 1595
1728 1596
1730 1597
1731 1598
1732 1599
1733 1600
3031 1600
1734 1601
1735 1602
1736 1603
3871 1603
1737 1604
1738 1605
1739 1606
1740 1607
1741 1608
1742 1609
2569 1609
1743 1610
1744 1611
1745 1612
1746 1613
1747 1614
1748 1615
1749 1616
1750 1617
1751 1618
3876 1618
5113 1618
1752 1619
1753 1620
1754 1621
1755 1622
1756 1623
1757 1624
1758 1625
1759 1626
1760 1627
1761 1628
1762 1629
1763 1630
1830 1630
5540 1630
1764 1631
1767 1632
1768 1633
1769 1634
1770 1635
1771 1636
1772 1637
1773 1638
1774 1639
1775 1640
1776 1641
2397 1641
1777 1642
1778 1643
1779 1644
1780 1645
1781 1646
1782 1647
1784 1648
1911 1648
2037 1648
1785 1649
1786 1650
1787 1651
1788 1652
1789 1653
1791 1654
1792 1655
2197 1655
1793 1656
1794 1657
1795 1658
1796 1659
1797 1660
1798 1661
1799 1662
1981 1662
1800 1663
1801 1664
1802 1665
1803 1666
1804 1667
1805 1668
1806 1669
1807 1670
1808 1671
1809 1672
9842 1672
1810 1673
1811 1674
1812 1675
1814 1676
1815 1677
4224 1677
1816 1678
1817 1679
1818 1680
5534 1680
1819 1681
1820 1682
1821 1683
1822 1684
1823 1685
1824 1686
1825 1687
1826 1688
1827 1689
2453 1689
1829 1690
5291 1690
1831 1691
1832 1692
1833 1693
1834 1694
1835 1695
1836 1696
1837 1697
1838 1698
1839 1699
1840 1700
1842 1701
1843 1702
3958 1702
1844 1703
2392 1703
6245 1703
6246 1703
7421 1703
7445 1703
1845 1704
1846 1705
1847 1706
1848 1707
1849 1708
1850 1709
1851 1710
5732 1710
1852 1711
1853 1712
1854 1713
1856 1714
1857 1715
1858 1716
1859 1717
1860 1718
1861 1719
2744 1719
1862 1720
2985 1720
1863 1721
1864 1722
1866 1723
1867 1724
1868 1725
1869 1726
1870 1727
6328 1727
9856 1727
1871 1728
1872 1729
1873 1730
1874 1731
1932 1731
2102 1731
6324 1731
1875 1732
1876 1733
1877 1734
1878 1735
1879 1736
1881 1737
1884 1738
4934 1738
1885 1739
1886 1740
1887 1741
1888 1742
1889 1743
1890 1744
1891 1745
1892 1746
1893 1747
1894 1748
1895 1749
1896 1750
1897 1751
1898 1752
1899 1753
1900 1754
1901 1755
1902 1756
1904 1757
3873 1757
5070 1757
1905 1758
8092 1758
1906 1759
1976 1759
1907 1760
1908 1761
1909 1762
1912 1763
1915 1764
1916 1765
1917 1766
1918 1767
1919 1768
1920 1769
1921 1770
1922 1771
1923 1772
1924 1773
1925 1774
1926 1775
1927 1776
1928 1777
1930 1778
1933 1779
1934 1780
1935 1781
1936 1782
1937 1783
2291 1783
3147 1783
1938 1784
1939 1785
1940 1786
1941 1787
5523 1787
1942 1788
1944 1789
1945 1790
1946 1791
1947 1792
1948 1793
1949 1794
1951 1795
9747 1795
1952 1796
1953 1797
1954 1798
2764 1798
1955 1799
1956 1800
1957 1801
1958 1802
1959 1803
1960 1804
9133 1804
1961 1805
1962 1806
1963 1807
1964 1808
1965 1809
1967 1810
1968 1811
1969 1812
1970 1813
1971 1814
1972 1815
1973 1816
1974 1817
1977 1818
1978 1819
1979 1820
1980 1821
4717 1821
1982 1822
1983 1823
1984 1824
1985 1825
1986 1826
4439 1826
5317 1826
5624 1826
7081 1826
1987 1827
9315 1827
1988 1828
1989 1829
1990 1830
1991 1831
1992 1832
1993 1833
1994 1834
1995 1835
1996 1836
2336 1836
1997 1837
1998 1838
1999 1839
2000 1840
2001 1841
2002 1842
2003 1843
2004 1844
2005 1845
2006 1846
2616 1846
2695 1846
2007 1847
4938 1847
2008 1848
2009 1849
2010 1850
2011 1851
2012 1852
2013 1853
2014 1854
2015 1855
2016 1856
3956 1856
2018 1857
2019 1858
2020 1859
2070 1859
2021 1860
2022 1861
2171 1861
2023 1862
2024 1863
2974 1863
4234 1863
2026 1864
2027 1865
2028 1866
5446 1866
2029 1867
2030 1868
2031 1869
2032 1870
2033 1871
2034 1872
2035 1873
2036 1874
2038 1875
2039 1876
2040 1877
2042 1878
2044 1879
2045 1880
2046 1881
2047 1882
2048 1883
2049 1884
2050 1885
2051 1886
2052 1887
2053 1888
4400 1888
2054 1889
2055 1890
2056 1891
5494 1891
2057 1892
2058 1893
2062 1894
2063 1895
2064 1896
2065 1897
2066 1898
2067 1899
2068 1900
2069 1901
2071 1902
2072 1903
2215 1903
2074 1904
7348 1904
7519 1904
2075 1905
2076 1906
2077 1907
2078 1908
2079 1909
2081 1910
2082 1911
2083 1912
2084 1913
2085 1914
2088 1915
2089 1916
2090 1917
8467 1917
2092 1918
2093 1919
2094 1920
4547 1920
2095 1921
2096 1922
2098 1923
3106 1923
3817 1923
7984 1923
8362 1923
2099 1924
2100 1925
2290 1925
2101 1926
2103 1927
2104 1928
2105 1929
2106 1930
2107 1931
2317 1931
2108 1932
2109 1933
2110 1934
2111 1935
2113 1936
2115 1937
2116 1938
2117 1939
2118 1940
2119 1941
2120 1942
2121 1943
2122 1944
2123 1945
2124 1946
2125 1947
2126 1948
2127 1949
2128 1950
2129 1951
3802 1951
8084 1951
2130 1952
2131 1953
2132 1954
2358 1954
2133 1955
2134 1956
2135 1957
2136 1958
2137 1959
2138 1960
2139 1961
2140 1962
2141 1963
2143 1964
2144 1965
2145 1966
2146 1967
2737 1967
2147 1968
2148 1969
2149 1970
2150 1971
2151 1972
2152 1973
2489 1973
2153 1974
2154 1975
2155 1976
2156 1977
2157 1978
2158 1979
2159 1980
2160 1981
2161 1982
2162 1983
2164 1984
2165 1985
2167 1986
2168 1987
2169 1988
2170 1989
2172 1990
2173 1991
2174 1992
2175 1993
2176 1994
2177 1995
2178 1996
2179 1997
2180 1998
2182 1999
2183 2000
2184 2001
2185 2002
2219 2002
2186 2003
2187 2004
5772 2004
2188 2005
2338 2005
2190 2006
2191 2007
2192 2008
2193 2009
2194 2010
2195 2011
2196 2012
2198 2013
2337 2013
2200 2014
2201 2015
5226 2015
2204 2016
5171 2016
2205 2017
2206 2018
2207 2019
2209 2020
2210 2021
2211 2022
2212 2023
2213 2024
2216 2025
2217 2026
2218 2027
2220 2028
2221 2029
2222 2030
5533 2030
2223 2031
2224 2032
2225 2033
2480 2033
2226 2034
2227 2035
3961 2035
5332 2035
2228 2036
2229 2037
2230 2038
2231 2039
2232 2040
2233 2041
2234 2042
5496 2042
2235 2043
2236 2044
2237 2045
2238 2046
2239 2047
2240 2048
2241 2049
2242 2050
2243 2051
2244 2052
2245 2053
2246 2054
2247 2055
2248 2056
2249 2057
2250 2058
2251 2059
2252 2060
2253 2061
2254 2062
2255 2063
2321 2063
2256 2064
2605 2064
2257 2065
3847 2065
2258 2066
2259 2067
2260 2068
2261 2069
2262 2070
2263 2071
2264 2072
2265 2073
2266 2074
4680 2074
2267 2075
2268 2076
3878 2076
5213 2076
5269 2076
7625 2076
2269 2077
2270 2078
2271 2079
2272 2080
2273 2081
2274 2082
2361 2082
2275 2083
2276 2084
2277 2085
2278 2086
2279 2087
2280 2088
2281 2089
2283 2090
3756 2090
2284 2091
2285 2092
2286 2093
2287 2094
2288 2095
2293 2096
2294 2097
2295 2098
2296 2099
3468 2099
2297 2100
2298 2101
2299 2102
2300 2103
8475 2103
2301 2104
2302 2105
2304 2106
8368 2106
2305 2107
2306 2108
2307 2109
2308 2110
2309 2111
2310 2112
2311 2113
2312 2114
2313 2115
2316 2116
2318 2117
2319 2118
2320 2119
2323 2120
2324 2121
2326 2122
2327 2123
2328 2124
2761 2124
2329 2125
2330 2126
8186 2126
2331 2127
2332 2128
2333 2129
2334 2130
2335 2131
2339 2132
2340 2133
2341 2134
2342 2135
2344 2136
2345 2137
2346 2138
2348 2139
2349 2140
2350 2141
2351 2142
2547 2142
2352 2143
2353 2144
3829 2144
2354 2145
2355 2146
2356 2147
2357 2148
4735 2148
2360 2149
2362 2150
2363 2151
2364 2152
2366 2153
2367 2154
2368 2155
2369 2156
2370 2157
2371 2158
2372 2159
2373 2160
2375 2161
3957 2161
4941 2161
2376 2162
2377 2163
2378 2164
2379 2165
2380 2166
2382 2167
2383 2168
2384 2169
2385 2170
2387 2171
2388 2172
2389 2173
2390 2174
2391 2175
2393 2176
2394 2177
2395 2178
2396 2179
2398 2180
2399 2181
2400 2182
2401 2183
2402 2184
2403 2185
2404 2186
2405 2187
7532 2187
2406 2188
2407 2189
2408 2190
5598 2190
2410 2191
2411 2192
2412 2193
2413 2194
2414 2195
2415 2196
2416 2197
2417 2198
2418 2199
2966 2199
2419 2200
2420 2201
2421 2202
2422 2203
2423 2204
2425 2205
2426 2206
2427 2207
2428 2208
2429 2209
2430 2210
2432 2211
2434 2212
2436 2213
2438 2214
2439 2215
2440 2216
2441 2217
2442 2218
2443 2219
2444 2220
9126 2220
2446 2221
2447 2222
2448 2223
2449 2224
2450 2225
2451 2226
3955 2226
4939 2226
2452 2227
5845 2227
2454 2228
2455 2229
2456 2230
2457 2231
2458 2232
2460 2233
2461 2234
2462 2235
2463 2236
2464 2237
2465 2238
2466 2239
2467 2240
2886 2240
5614 2240
2468 2241
2469 2242
2471 2243
2472 2244
5696 2244
2473 2245
2474 2246
2475 2247
2476 2248
2477 2249
2479 2250
2481 2251
2482 2252
2483 2253
2500 2253
2484 2254
2485 2255
2486 2256
2487 2257
2488 2258
2490 2259
2491 2260
2492 2261
2494 2262
2495 2263
2496 2264
2497 2265
6237 2265
2498 2266
2499 2267
2501 2268
2503 2269
2504 2270
2505 2271
2506 2272
2508 2273
2509 2274
2510 2275
2511 2276
2512 2277
2513 2278
2514 2279
2516 2280
2517 2281
6232 2281
7278 2281
2518 2282
2519 2283
2520 2284
2521 2285
2522 2286
2523 2287
9143 2287
2524 2288
2525 2289
2526 2290
2527 2291
2528 2292
2530 2293
3825 2293
2531 2294
2532 2295
2533 2296
2534 2297
2535 2298
2536 2299
2537 2300
2538 2301
2539 2302
8526 2302
2540 2303
2541 2304
2543 2305
2544 2306
2545 2307
2546 2308
2548 2309
2549 2310
2550 2311
2551 2312
2552 2313
2553 2314
2554 2315
2555 2316
2556 2317
2558 2318
2559 2319
2560 2320
3959 2320
2561 2321
2562 2322
2564 2323
2565 2324
2566 2325
2567 2326
2568 2327
2570 2328
2571 2329
2572 2330
2573 2331
2574 2332
2576 2333
2577 2334
2578 2335
2579 2336
9239 2336
2580 2337
2581 2338
2582 2339
2583 2340
2584 2341
8017 2341
2585 2342
2586 2343
3016 2343
5825 2343
2587 2344
2588 2345
2589 2346
2590 2347
2592 2348
2593 2349
4708 2349
5695 2349
8188 2349
2594 2350
2595 2351
2596 2352
5105 2352
5229 2352
2597 2353
2598 2354
2599 2355
2600 2356
2601 2357
2602 2358
2603 2359
2604 2360
2606 2361
2607 2362
2608 2363
2609 2364
2610 2365
3536 2365
2611 2366
2613 2367
3960 2367
2614 2368
2615 2369
2617 2370
2618 2371
2619 2372
2620 2373
2621 2374
2622 2375
2623 2376
7080 2376
2624 2377
2727 2377
2625 2378
2626 2379
2627 2380
2628 2381
2629 2382
6230 2382
2630 2383
2631 2384
2632 2385
2633 2386
2634 2387
2635 2388
2636 2389
2637 2390
2638 2391
3678 2391
2639 2392
2640 2393
2641 2394
3185 2394
4227 2394
2642 2395
2643 2396
2644 2397
2645 2398
2646 2399
2649 2400
2650 2401
2651 2402
2652 2403
2653 2404
2654 2405
2655 2406
2656 2407
2657 2408
9269 2408
2659 2409
2660 2410
2661 2411
2662 2412
2806 2412
2663 2413
2664 2414
2665 2415
2666 2416
2667 2417
2668 2418
2669 2419
2670 2420
2858 2420
2671 2421
2672 2422
2673 2423
2674 2424
2675 2425
2676 2426
2677 2427
2679 2428
2680 2429
2681 2430
2682 2431
2683 2432
2684 2433
2685 2434
2686 2435
2687 2436
2688 2437
2689 2438
2690 2439
2691 2440
2692 2441
2694 2442
4770 2442
2696 2443
2697 2444
2698 2445
2700 2446
2702 2447
2703 2448
2704 2449
2705 2450
2833 2450
2706 2451
2841 2451
2707 2452
2708 2453
2710 2454
2711 2455
2712 2456
2713 2457
2714 2458
2715 2459
2716 2460
2717 2461
2718 2462
2719 2463
2721 2464
2722 2465
5022 2465
2723 2466
2726 2467
2728 2468
2729 2469
2730 2470
2731 2471
2732 2472
2733 2473
2734 2474
2735 2475
2736 2476
2738 2477
2739 2478
2740 2479
2741 2480
2742 2481
2830 2481
2743 2482
2745 2483
2746 2484
2749 2485
2751 2486
2752 2487
2753 2488
2754 2489
2756 2490
2757 2491
2758 2492
5513 2492
2759 2493
3877 2493
2760 2494
8760 2494
2762 2495
2765 2496
2766 2497
2767 2498
2957 2498
2768 2499
2769 2500
2770 2501
2771 2502
2772 2503
2774 2504
2775 2505
2776 2506
2777 2507
2778 2508
2780 2509
2781 2510
2783 2511
2784 2512
2785 2513
3309 2513
2786 2514
2787 2515
2788 2516
2789 2517
2790 2518
2791 2519
2792 2520
2793 2521
2794 2522
2795 2523
2796 2524
2797 2525
2798 2526
2800 2527
2801 2528
2803 2529
2804 2530
5596 2530
2805 2531
5714 2531
2807 2532
2808 2533
2809 2534
3183 2534
2810 2535
2811 2536
2812 2537
2813 2538
2814 2539
2815 2540
2816 2541
2819 2542
2820 2543
2821 2544
2822 2545
2823 2546
2824 2547
2825 2548
2826 2549
2827 2550
2828 2551
2829 2552
2831 2553
2832 2554
2834 2555
2835 2556
2836 2557
5541 2557
2837 2558
2838 2559
2839 2560
2840 2561
2843 2562
2845 2563
2846 2564
2847 2565
2848 2566
2849 2567
2850 2568
2851 2569
2852 2570
2853 2571
2854 2572
2855 2573
2856 2574
2857 2575
2859 2576
2860 2577
2861 2578
2862 2579
2863 2580
7996 2580
2864 2581
3693 2581
2865 2582
4734 2582
2866 2583
2867 2584
3118 2584
4745 2584
2868 2585
2869 2586
4724 2586
2870 2587
2871 2588
2872 2589
2873 2590
2972 2590
3017 2590
2874 2591
2875 2592
4626 2592
7550 2592
2876 2593
5263 2593
8264 2593
2877 2594
2878 2595
2879 2596
2880 2597
4747 2597
8364 2597
2881 2598
2882 2599
2883 2600
2884 2601
4923 2601
2885 2602
8005 2602
2887 2603
2888 2604
2889 2605
2994 2605
3040 2605
2890 2606
2891 2607
2892 2608
2893 2609
2894 2610
8126 2610
9557 2610
2896 2611
2897 2612
8208 2612
2898 2613
2899 2614
5078 2614
2900 2615
2901 2616
2902 2617
2903 2618
4155 2618
5191 2618
2904 2619
2905 2620
2906 2621
2907 2622
2908 2623
2909 2624
2910 2625
2911 2626
3133 2626
2912 2627
3048 2627
2913 2628
2914 2629
2915 2630
2916 2631
2917 2632
2918 2633
2919 2634
2920 2635
2921 2636
3859 2636
2922 2637
2923 2638
2924 2639
2925 2640
2926 2641
2927 2642
2928 2643
2929 2643
3654 2643
2930 2644
7937 2644
2931 2645
4729 2645
2932 2646
2936 2647
4935 2647
2937 2648
4936 2648
2938 2649
4937 2649
2940 2650
5331 2650
7476 2650
2941 2651
2942 2652
2943 2653
3456 2653
2944 2654
2945 2655
2946 2656
2947 2657
4943 2657
7757 2657
2948 2658
2949 2659
2952 2659
3053 2659
2950 2660
2951 2661
2953 2662
2954 2663
2955 2664
2956 2665
2958 2666
2959 2667
3055 2667
2960 2668
3479 2668
4588 2668
2961 2669
2962 2670
2963 2671
2964 2672
2965 2673
2967 2674
2968 2675
2969 2676
2970 2676
7967 2676
2971 2677
5182 2677
2975 2678
2977 2679
8479 2679
2978 2680
2979 2681
7970 2681
2980 2682
2981 2683
2982 2684
4723 2684
2983 2685
7941 2685
2984 2686
7943 2686
2986 2687
7942 2687
2987 2688
2988 2689
2989 2690
5133 2690
8205 2690
2990 2691
2991 2692
2993 2693
2995 2694
7982 2694
2996 2695
2997 2696
2998 2697
2999 2698
3000 2699
3001 2700
3002 2701
3003 2702
3004 2703
3005 2704
3006 2705
3007 2706
3008 2707
3009 2708
5091 2708
3010 2709
3011 2710
3012 2711
8132 2711
3013 2712
3014 2713
3015 2714
3018 2715
5163 2715
3019 2716
3020 2717
3021 2718
3022 2719
3023 2720
3024 2721
3025 2722
3026 2723
3027 2724
3028 2725
3029 2726
3030 2727
3032 2728
3033 2729
3067 2729
3034 2730
3035 2731
3036 2732
3037 2733
3038 2734
3039 2735
3041 2736
3043 2737
3045 2738
3046 2739
3047 2740
3049 2741
3050 2741
3051 2742
3052 2743
3054 2744
3056 2745
3057 2745
3058 2746
3059 2747
3060 2748
3061 2749
3062 2750
3063 2751
3064 2752
3065 2753
3066 2754
3068 2755
3069 2756
3070 2757
5224 2757
3071 2758
3072 2759
3073 2760
3074 2761
3075 2762
3076 2763
3077 2764
7946 2764
7947 2764
3078 2765
3079 2766
3080 2767
9541 2767
3081 2768
3082 2769
3083 2769
3084 2769
3085 2770
5142 2770
3086 2771
7954 2771
3087 2772
3088 2773
3089 2774
3090 2775
3091 2776
3092 2777
9526 2777
3093 2778
3094 2779
5165 2779
3095 2780
7965 2780
3096 2781
3097 2782
3098 2783
3099 2784
5141 2784
3100 2785
5232 2785
3101 2786
4738 2786
3102 2787
3103 2788
3104 2789
7980 2789
3105 2790
4741 2790
3107 2791
4113 2791
8274 2791
3108 2792
3109 2793
3111 2794
3611 2794
3113 2795
3114 2796
7988 2796
3115 2797
8095 2797
3116 2798
3117 2799
4744 2799
3119 2800
5255 2800
3120 2801
3121 2802
3122 2803
3123 2804
3124 2804
3125 2804
3126 2805
3127 2806
3128 2807
3129 2808
3850 2808
3130 2809
3131 2810
3132 2811
8018 2811
3134 2812
8209 2812
3135 2813
3136 2814
8145 2814
3137 2815
3138 2816
3139 2817
3140 2818
3141 2818
3142 2818
3853 2818
6712 2818
8021 2818
8148 2818
3143 2819
4761 2819
3144 2820
9553 2820
3145 2821
3146 2822
3148 2823
3149 2824
3150 2825
3151 2826
3152 2827
3153 2828
3154 2829
3156 2830
3157 2831
3158 2832
3159 2833
3160 2834
3161 2835
3162 2836
3163 2837
3164 2838
3165 2839
3166 2840
3168 2841
3171 2842
3172 2843
3173 2843
3174 2844
7342 2844
3175 2845
5124 2845
3176 2846
4946 2846
3177 2847
3178 2848
3179 2849
4947 2849
3180 2850
5336 2850
3181 2851
5341 2851
3182 2852
3184 2853
4229 2853
6429 2853
3186 2854
3187 2855
3188 2856
3189 2857
3190 2857
3191 2858
3192 2859
5646 2859
3193 2860
3194 2860
3195 2861
3196 2861
3197 2861
3200 2861
3198 2862
3199 2862
3202 2862
3203 2862
3201 2863
3204 2864
3205 2865
3206 2866
5669 2866
3207 2867
3208 2867
5057 2867
3209 2868
3210 2869
3211 2869
3212 2870
3213 2871
3214 2872
3215 2873
3216 2874
3217 2875
3218 2876
3219 2877
3220 2878
3221 2879
3222 2880
3223 2881
3224 2882
3225 2883
3226 2884
3227 2885
3228 2886
3229 2887
3230 2888
3231 2889
3232 2890
3233 2891
3234 2892
3235 2893
3236 2894
3237 2895
3238 2896
3239 2897
3240 2898
3241 2899
3242 2900
3243 2901
3244 2902
3245 2903
3246 2904
3247 2905
3248 2906
3249 2907
3250 2908
3251 2909
3252 2910
3253 2911
3254 2912
3255 2913
3256 2914
3257 2915
3258 2916
3259 2917
3260 2918
3261 2919
3262 2920
3263 2921
3264 2922
3265 2923
3266 2924
3267 2925
3268 2926
6072 2926
3269 2927
3270 2928
3271 2929
3272 2930
3273 2931
3274 2932
3275 2932
3276 2933
3277 2934
3278 2935
3279 2936
3280 2937
3281 2938
3282 2939
3283 2940
3284 2941
3285 2942
3286 2943
3287 2944
3288 2945
3289 2946
3290 2947
3291 2948
3292 2949
3293 2950
3294 2951
3295 2952
3296 2953
3297 2954
3298 2955
3299 2956
3300 2957
3301 2958
3302 2959
3304 2960
3305 2961
3306 2962
3307 2963
4615 2963
3308 2964
3310 2965
3311 2966
7378 2966
3312 2967
5909 2967
3313 2968
3314 2969
3315 2970
3316 2971
3317 2972
3318 2973
3319 2974
3320 2975
3321 2976
3322 2977
3323 2978
7454 2978
3324 2979
3325 2980
3326 2981
3327 2982
3328 2983
3329 2984
3330 2985
3331 2986
3332 2987
3333 2988
3334 2989
3335 2990
3336 2991
3337 2992
3338 2993
3340 2994
3341 2995
5149 2995
3342 2996
3343 2997
3344 2998
3345 2999
3346 3000
5236 3000
3347 3001
7409 3001
3349 3002
3350 3003
3351 3004
9989 3004
3352 3005
3353 3006
3354 3007
3355 3008
3356 3009
3358 3010
3359 3011
3360 3012
3361 3013
3362 3014
5458 3014
3363 3015
3364 3016
3365 3017
3366 3018
3367 3019
4885 3019
3368 3020
3369 3021
3370 3022
3371 3023
3372 3024
3373 3025
3374 3026
3375 3027
3376 3028
9987 3028
3377 3029
7384 3029
3378 3030
7350 3030
3379 3031
3380 3032
3381 3033
3382 3034
3383 3035
3384 3036
3385 3037
3386 3038
3387 3039
3389 3040
3390 3041
3391 3042
3392 3043
3393 3044
3395 3044
3399 3044
3400 3044
3401 3044
3394 3045
3396 3046
3397 3047
5369 3047
3398 3048
3402 3049
3403 3050
3404 3051
3405 3052
5917 3052
3406 3053
3407 3054
3408 3055
3409 3056
3410 3057
3411 3058
3412 3059
3413 3060
3414 3061
3415 3062
3416 3063
3417 3064
3421 3065
3422 3066
3423 3067
3424 3068
3425 3068
3426 3068
3428 3068
3427 3069
3429 3070
3431 3071
3432 3072
3433 3072
3434 3073
3435 3073
3436 3074
3437 3075
3438 3076
3439 3077
3440 3078
3442 3079
3443 3080
3444 3081
3446 3082
3447 3083
3448 3084
3449 3085
3450 3086
3451 3087
3452 3088
3453 3089
3454 3090
5243 3090
3455 3091
3457 3092
5283 3092
3458 3093
5280 3093
3459 3094
5044 3094
6091 3094
3460 3095
5200 3095
3461 3096
5176 3096
3462 3097
3464 3098
3465 3099
3466 3100
5108 3100
6131 3100
3467 3101
5214 3101
3469 3102
3470 3103
5080 3103
6629 3103
3471 3104
5177 3104
3472 3105
3473 3106
4152 3106
3474 3107
7956 3107
3475 3108
3476 3109
8150 3109
3477 3110
3478 3111
3480 3112
4578 3112
6453 3112
3481 3113
4954 3113
3482 3114
3483 3115
3484 3116
3485 3117
3486 3118
3487 3119
3488 3120
8212 3120
3489 3121
3490 3122
3491 3123
3492 3124
4791 3124
3493 3125
3494 3126
3495 3127
3496 3128
3497 3129
3498 3130
3499 3131
3501 3132
3502 3133
3503 3134
3504 3135
3505 3136
3506 3136
3507 3137
3508 3138
3509 3139
3510 3140
3511 3141
3512 3142
3513 3143
3514 3144
3515 3145
3516 3146
3517 3147
5402 3147
3518 3148
3519 3149
3520 3150
3521 3151
3522 3152
3523 3153
3524 3154
3525 3155
3526 3156
3527 3157
3528 3158
3529 3159
3530 3160
6619 3160
3531 3161
3532 3162
3533 3163
3534 3164
3535 3165
3537 3166
3538 3167
3539 3168
3540 3169
3541 3170
3542 3171
3543 3172
3544 3173
3545 3174
3546 3175
3547 3176
3548 3177
3549 3178
3550 3179
3551 3180
3552 3181
3553 3182
3554 3183
5894 3183
3555 3184
3556 3185
3557 3186
4917 3186
3558 3187
3559 3188
3560 3189
3561 3190
3562 3191
3563 3192
3564 3192
3565 3193
3566 3194
3567 3195
8400 3195
3568 3196
3569 3197
3570 3198
3571 3199
3572 3200
3573 3201
3574 3202
3575 3203
3576 3204
3577 3205
3578 3206
3579 3207
3580 3208
3581 3209
3582 3210
3583 3211
3584 3212
3585 3213
3586 3214
8726 3214
3587 3215
3588 3216
3589 3217
3590 3218
3591 3219
3592 3220
3593 3221
3594 3222
3595 3223
3596 3224
6426 3224
3597 3225
3598 3226
3599 3227
3600 3228
3601 3229
8217 3229
8218 3229
8219 3229
3602 3230
3603 3231
7518 3231
3604 3232
8158 3232
3605 3233
3606 3234
3607 3235
3608 3236
3609 3237
3612 3238
4373 3238
3613 3239
3614 3240
3616 3240
3615 3241
3617 3242
3618 3243
3619 3244
5474 3244
3620 3245
3621 3246
3622 3247
3623 3248
3624 3249
5139 3249
3625 3250
5014 3250
3627 3251
5069 3251
3628 3252
5026 3252
3629 3253
5087 3253
3630 3254
6101 3254
7332 3254
3631 3255
5131 3255
3632 3256
5110 3256
3633 3257
5253 3257
3634 3258
5050 3258
3635 3259
3636 3259
5011 3259
5123 3259
3637 3260
3638 3261
5072 3261
3639 3262
5227 3262
3640 3263
3641 3264
5197 3264
3642 3265
5128 3265
3643 3266
3644 3267
5079 3267
3645 3268
5130 3268
3646 3269
5067 3269
3647 3270
5062 3270
3648 3271
3649 3272
5013 3272
3650 3273
6120 3273
7301 3273
7418 3273
7543 3273
3651 3274
5092 3274
3652 3275
5045 3275
3653 3276
5220 3276
3655 3277
3656 3278
5198 3278
3657 3279
5266 3279
3658 3280
5089 3280
3659 3281
3660 3282
5168 3282
3661 3283
5031 3283
3662 3284
3663 3285
3664 3286
3665 3287
5207 3287
3666 3288
3667 3289
3668 3290
3669 3291
3670 3292
3671 3293
3672 3294
3673 3295
3674 3296
3701 3296
3675 3297
3677 3298
3679 3299
3680 3300
3681 3301
3682 3302
3683 3303
3684 3304
3686 3305
3687 3306
3688 3307
3689 3308
3690 3309
5275 3309
3691 3310
5042 3310
3694 3311
3695 3312
3696 3313
4661 3313
5219 3313
3697 3314
3698 3315
3700 3316
3702 3317
3703 3318
3704 3319
3705 3320
3706 3321
3707 3322
8539 3322
3708 3323
3709 3323
3710 3323
5568 3323
8937 3323
9323 3323
3711 3324
3712 3325
8938 3325
3713 3326
3714 3327
3715 3328
3716 3329
3717 3330
3718 3331
5256 3331
6138 3331
3719 3332
5174 3332
3720 3333
5039 3333
6141 3333
3721 3334
5192 3334
3722 3335
5157 3335
3723 3336
5085 3336
6143 3336
3724 3337
3725 3338
5451 3338
3726 3339
5147 3339
6145 3339
9380 3339
3727 3340
5029 3340
3728 3341
5066 3341
6147 3341
8749 3341
3729 3342
3730 3343
3731 3344
5083 3344
6151 3344
8751 3344
3732 3345
5016 3345
3733 3346
5284 3346
6149 3346
3734 3347
5162 3347
6150 3347
3735 3348
5109 3348
3736 3349
5218 3349
6155 3349
3737 3350
5134 3350
6156 3350
3738 3351
3739 3352
5189 3352
6157 3352
3740 3353
5245 3353
6158 3353
3741 3354
5216 3354
6160 3354
8740 3354
3742 3355
5098 3355
6163 3355
8548 3355
3743 3356
3744 3357
3745 3358
5199 3358
3746 3359
5135 3359
6165 3359
3747 3360
5281 3360
6166 3360
3748 3361
5121 3361
6167 3361
3749 3362
5101 3362
3750 3363
5251 3363
6171 3363
3751 3364
3752 3365
5023 3365
3753 3366
5036 3366
3754 3367
3755 3368
3757 3369
3758 3370
3759 3371
3761 3372
3762 3373
3763 3374
3764 3375
3765 3376
3766 3376
3767 3377
3768 3378
3769 3379
3770 3380
3771 3381
7935 3381
3772 3382
3773 3383
7936 3383
3774 3384
8128 3384
3775 3385
8201 3385
3776 3386
5261 3386
3778 3387
3781 3388
3782 3389
3783 3390
3784 3391
3785 3392
8262 3392
3786 3393
9540 3393
3787 3394
8135 3394
3788 3395
3790 3396
8263 3396
3791 3397
5024 3397
5040 3397
5127 3397
5258 3397
5267 3397
3792 3398
3793 3399
3794 3400
3795 3401
3796 3402
3797 3403
3798 3404
7957 3404
3799 3405
3800 3406
8083 3406
9514 3406
3803 3407
7969 3407
3804 3408
8272 3408
3806 3409
3808 3410
7971 3410
3809 3411
3810 3412
7972 3412
9533 3412
3811 3413
8090 3413
3812 3414
3813 3415
3814 3416
3815 3417
3816 3418
3818 3419
3821 3420
3822 3421
6883 3421
3824 3422
3827 3423
7994 3423
3828 3424
3830 3425
7997 3425
3831 3426
9520 3426
3832 3427
7999 3427
9519 3427
3833 3428
8138 3428
9538 3428
3834 3429
3836 3430
3838 3431
8002 3431
3839 3432
9481 3432
3840 3433
3841 3434
3842 3435
3843 3435
4932 3435
5240 3435
5264 3435
3844 3436
3845 3437
3846 3438
3903 3438
5019 3438
3848 3439
8016 3439
3849 3440
8146 3440
3851 3441
5180 3441
8020 3441
3854 3442
3855 3443
3856 3444
8025 3444
3860 3445
8029 3445
3861 3446
8210 3446
3862 3447
8030 3447
3863 3448
5274 3448
3864 3449
8151 3449
3866 3450
5136 3450
3867 3451
4489 3451
5326 3451
3868 3452
5315 3452
3870 3453
5206 3453
3872 3454
5316 3454
3879 3455
5186 3455
3880 3456
3881 3457
3882 3458
5277 3458
3883 3459
5212 3459
3884 3460
6508 3460
3885 3461
5015 3461
3886 3462
4546 3462
5137 3462
3888 3463
5233 3463
3889 3464
5319 3464
3890 3465
5012 3465
3891 3466
5102 3466
3892 3467
5132 3467
3893 3468
3894 3469
5318 3469
3895 3470
5143 3470
3896 3471
5071 3471
3897 3472
5183 3472
3898 3473
5626 3473
5775 3473
3900 3474
5064 3474
3901 3475
5222 3475
3902 3476
5211 3476
3904 3477
5086 3477
3905 3478
5096 3478
3906 3479
5225 3479
3907 3480
5173 3480
3908 3481
5115 3481
3909 3482
6676 3482
3910 3483
8366 3483
3911 3484
5279 3484
3912 3485
5246 3485
3913 3486
6450 3486
3914 3487
5193 3487
3915 3488
5151 3488
3916 3489
5184 3489
8370 3489
3917 3490
5321 3490
3918 3491
5223 3491
3919 3492
5470 3492
3920 3493
3921 3493
5027 3493
5322 3493
3922 3494
5272 3494
3923 3495
5323 3495
3924 3496
5205 3496
3925 3497
5195 3497
3926 3498
5077 3498
3927 3499
5122 3499
3928 3500
5325 3500
3929 3501
5153 3501
3930 3502
5111 3502
3931 3503
5201 3503
3932 3504
5273 3504
3933 3505
3935 3506
5049 3506
3936 3507
5075 3507
3937 3508
5230 3508
7626 3508
3938 3509
5169 3509
3939 3510
5235 3510
3940 3511
5178 3511
3941 3512
5114 3512
7627 3512
3942 3513
3943 3514
3944 3515
3945 3516
3947 3517
3948 3518
3949 3519
3950 3520
3951 3521
3952 3522
3953 3523
3962 3524
7635 3524
3963 3525
7636 3525
3964 3526
3965 3527
4585 3527
3966 3528
4950 3528
7403 3528
3967 3529
7758 3529
3968 3530
7637 3530
3969 3531
3970 3532
3971 3533
3972 3534
7316 3534
3973 3535
4952 3535
7271 3535
3974 3536
4953 3536
3975 3537
3976 3538
3977 3539
3978 3540
3979 3541
3980 3542
3981 3543
3982 3544
3983 3545
3984 3546
3985 3547
3986 3548
3987 3549
3988 3550
3989 3551
3990 3552
3991 3553
3992 3554
3993 3555
3994 3555
3995 3556
3996 3557
3997 3558
3998 3559
3999 3560
6454 3560
4000 3561
4001 3561
4002 3562
4003 3563
4004 3564
4005 3565
4006 3566
4007 3567
4008 3568
4009 3569
4010 3570
4011 3571
4012 3572
4013 3573
4014 3574
4015 3575
4016 3576
4017 3577
4018 3578
4019 3579
4020 3580
4021 3581
4022 3582
4023 3583
7644 3583
4024 3584
4025 3585
4026 3586
6878 3586
4027 3587
4028 3588
4029 3589
9393 3589
4030 3590
4031 3591
8042 3591
4032 3592
4033 3593
4034 3594
4035 3595
4036 3596
4037 3597
4038 3598
4039 3599
4040 3600
4041 3601
4042 3602
4043 3603
8043 3603
4044 3604
6455 3604
7645 3604
4045 3605
8044 3605
4046 3606
4047 3607
4048 3608
4049 3609
8045 3609
4050 3610
4051 3611
6518 3611
4052 3612
4053 3613
4054 3614
4055 3615
4056 3616
8046 3616
4057 3617
4058 3618
4059 3619
9347 3619
4060 3620
8389 3620
4061 3621
4062 3622
4063 3623
4064 3624
4065 3624
4066 3625
4067 3626
8879 3626
4068 3627
4069 3628
4070 3629
4559 3629
4071 3630
4072 3631
4073 3632
8215 3632
4074 3633
4075 3634
9350 3634
4076 3635
8880 3635
4077 3636
4078 3637
4079 3638
4080 3639
4081 3640
4082 3641
4083 3642
4084 3643
4085 3644
4086 3645
4087 3646
4088 3647
4089 3648
4090 3649
4091 3650
4092 3651
4093 3652
4094 3653
4095 3654
4096 3655
4097 3656
4098 3657
4099 3658
4100 3659
4101 3660
4102 3661
4103 3662
4104 3663
4105 3664
4107 3665
4108 3666
4109 3667
4110 3668
4111 3669
4112 3670
4114 3671
4115 3672
4116 3673
4117 3674
4118 3675
4119 3676
9209 3676
4120 3677
4121 3678
4122 3679
4123 3680
4124 3681
4125 3682
4126 3683
4127 3684
4128 3685
8051 3685
4129 3686
4130 3687
4131 3688
4132 3689
4133 3690
4134 3691
4135 3692
4136 3693
4137 3694
4138 3695
4139 3696
4140 3697
4141 3698
4142 3699
4143 3700
4144 3701
4145 3702
7312 3702
4146 3703
4147 3704
4148 3705
4149 3706
4150 3707
4151 3708
4153 3709
5412 3709
4154 3710
4156 3711
4157 3712
4158 3712
4159 3712
4160 3712
4161 3713
6525 3713
4162 3714
4163 3715
4164 3715
4165 3715
4166 3716
4167 3717
4168 3718
4169 3719
4170 3720
4171 3721
4172 3722
4173 3723
4174 3724
6064 3724
4175 3725
4176 3726
4179 3726
4177 3727
4178 3728
8404 3728
4180 3729
4181 3730
4182 3731
4183 3732
4184 3733
4185 3734
4186 3735
4187 3736
4188 3737
4189 3738
4190 3739
7113 3739
4191 3740
6063 3740
4192 3741
4193 3742
4194 3743
7343 3743
8408 3743
4195 3744
4196 3745
4197 3746
4198 3747
7358 3747
4199 3748
4200 3749
4201 3750
4202 3751
4814 3751
4203 3752
8014 3752
4204 3753
4205 3754
4206 3755
4207 3756
4208 3757
4209 3757
4210 3757
4212 3757
4211 3758
9214 3758
4213 3759
4214 3760
4215 3761
6662 3761
4216 3762
4217 3763
4218 3764
4219 3764
4220 3765
4221 3766
4222 3767
4223 3768
4225 3769
4226 3769
4228 3770
4230 3771
4231 3772
6415 3772
4232 3773
4233 3774
4235 3775
4236 3776
4237 3777
4238 3778
4239 3779
4240 3780
4241 3781
4242 3782
4243 3783
4244 3784
4245 3785
4246 3786
4247 3787
4248 3788
4249 3789
4250 3790
4251 3791
4252 3792
4253 3793
4254 3794
4255 3795
4256 3796
4257 3797
4258 3798
4259 3799
4260 3800
4261 3801
4262 3802
4263 3803
4264 3804
4265 3805
4266 3806
4267 3807
4268 3808
4269 3809
4270 3810
4271 3811
4272 3812
4273 3813
4274 3813
4275 3814
4276 3815
4277 3816
4278 3817
4279 3818
4280 3819
4281 3820
4282 3821
4283 3822
4284 3823
4285 3824
4286 3825
4287 3826
4288 3827
5361 3827
4289 3828
4290 3829
4291 3830
4292 3831
4293 3832
4294 3833
4295 3834
4296 3835
7242 3835
9994 3835
4297 3836
4298 3837
7334 3837
4299 3838
4300 3839
4303 3840
4304 3841
4308 3842
4309 3843
4310 3844
4311 3845
4471 3845
4312 3846
5365 3846
4314 3847
4315 3848
4316 3849
4317 3850
4319 3851
4320 3852
4321 3853
4322 3854
4323 3855
4324 3856
4325 3857
4326 3858
4327 3859
4328 3860
4329 3861
4330 3862
4331 3863
4332 3864
4333 3865
4334 3866
4335 3867
4336 3868
4337 3868
4339 3869
4340 3870
5916 3870
4341 3871
4342 3872
4344 3873
4345 3874
4346 3875
4347 3876
4348 3877
8312 3877
4349 3878
4350 3879
4351 3880
4352 3881
4353 3882
4354 3883
4355 3884
4357 3885
4358 3886
4359 3887
4360 3888
4361 3889
4362 3890
4363 3890
4364 3891
4365 3892
4366 3893
4367 3894
4368 3894
4369 3895
4371 3896
4372 3897
4374 3898
4375 3899
4376 3900
4377 3901
4378 3902
4379 3903
4380 3904
5619 3904
4381 3905
4382 3906
4383 3907
4384 3908
4385 3909
4386 3910
5063 3910
4387 3911
4388 3912
5475 3912
5975 3912
4389 3913
4390 3914
7551 3914
4391 3915
5476 3915
4392 3916
4393 3917
4394 3917
4395 3918
4397 3919
4398 3920
4399 3921
4401 3922
5381 3922
4402 3923
5383 3923
6020 3923
7898 3923
4403 3924
4404 3925
4405 3926
4406 3927
4407 3928
4408 3929
4409 3930
4410 3931
4411 3932
4412 3933
4413 3934
4414 3935
4415 3936
4416 3937
4417 3938
4418 3939
4419 3940
4420 3941
4421 3942
4422 3943
4423 3944
4424 3945
4425 3946
4426 3947
4427 3948
4428 3949
4429 3950
4430 3951
4431 3952
4432 3953
4433 3954
4434 3955
5152 3955
4435 3956
5444 3956
4436 3957
5030 3957
4437 3958
5129 3958
4438 3959
5093 3959
4440 3960
5244 3960
5774 3960
4441 3961
5112 3961
5320 3961
4442 3962
5018 3962
7082 3962
4443 3963
5327 3963
4444 3964
5231 3964
4445 3965
6861 3965
4446 3966
5203 3966
7083 3966
4448 3967
4449 3968
4450 3969
4451 3970
7182 3970
7352 3970
4452 3971
7223 3971
4453 3972
5902 3972
4454 3973
4975 3973
4455 3974
7178 3974
4456 3975
6765 3975
4457 3976
4458 3977
5286 3977
4460 3978
6601 3978
4461 3979
9138 3979
4462 3980
5654 3980
4463 3981
4464 3982
6623 3982
4465 3983
5423 3983
6666 3983
7152 3983
4467 3984
5097 3984
4468 3985
4989 3985
5483 3985
4469 3986
4470 3987
4472 3988
4473 3989
7330 3989
4474 3990
4475 3991
4476 3992
4477 3993
4478 3994
4479 3995
4480 3996
4481 3997
4482 3998
4483 3999
7562 3999
4484 4000
4485 4001
4542 4001
4486 4002
4487 4003
4488 4003
7567 4003
9160 4003
4490 4004
4491 4005
4492 4006
4493 4007
4494 4008
4495 4009
4496 4010
4497 4011
4498 4012
4499 4013
4500 4014
4501 4015
4502 4016
8851 4016
4503 4017
8930 4017
4504 4018
7572 4018
4505 4019
4506 4020
5385 4020
6019 4020
7897 4020
4507 4021
4508 4022
4509 4023
4510 4024
4511 4025
4512 4026
4513 4027
4514 4028
4515 4029
4516 4030
4517 4031
4518 4032
4519 4033
4520 4034
4521 4035
4522 4036
4523 4037
4524 4038
4525 4039
7924 4039
4526 4040
4527 4041
4528 4042
4529 4043
4530 4044
4531 4045
4532 4046
4533 4047
4534 4048
4535 4049
4536 4050
4537 4051
4538 4052
4539 4053
4540 4054
4541 4055
4543 4056
4544 4057
4545 4058
8019 4058
4548 4059
7634 4059
4549 4060
7522 4060
4550 4061
4945 4061
4551 4062
4944 4062
4552 4063
4948 4063
4553 4064
4949 4064
4554 4065
7322 4065
4555 4066
4556 4067
8746 4067
4557 4068
4558 4069
4560 4070
4561 4071
4562 4072
9155 4072
4563 4073
7135 4073
4564 4074
4566 4075
4567 4076
4568 4077
4569 4078
4969 4078
5679 4078
4570 4079
4571 4080
6664 4080
4572 4081
4573 4082
4576 4082
4574 4083
6290 4083
4575 4084
7184 4084
4577 4085
4579 4086
5418 4086
4580 4087
4972 4087
4581 4088
4590 4088
5943 4088
6962 4088
4582 4089
4973 4089
4583 4090
4971 4090
4584 4091
4587 4092
5028 4092
6802 4092
4589 4093
4591 4094
4592 4095
4593 4096
4594 4097
4595 4098
6585 4098
4596 4099
4597 4100
4598 4101
4599 4102
4600 4103
4601 4104
4986 4104
4602 4105
4603 4106
4604 4107
4605 4108
4606 4109
4607 4110
4608 4111
4611 4112
6690 4112
4612 4113
4613 4114
4614 4115
4617 4116
4618 4117
7501 4117
4619 4118
4620 4119
6744 4119
7412 4119
4622 4120
4623 4121
4624 4122
4625 4123
4627 4124
4628 4125
4629 4126
4630 4127
4631 4128
4632 4129
4633 4129
4634 4130
4635 4131
4636 4132
4637 4133
4638 4134
4639 4135
4640 4136
4641 4137
4642 4138
4643 4139
4644 4140
5527 4140
4645 4141
8161 4141
4646 4142
4647 4143
4648 4144
4649 4145
4650 4146
4651 4147
4652 4148
4653 4149
4654 4150
4655 4151
4656 4152
4658 4152
4657 4153
4659 4154
4660 4155
4662 4156
4663 4157
4664 4158
4665 4159
4666 4160
4667 4161
4668 4162
4669 4163
4670 4164
4671 4165
4672 4166
4673 4167
4674 4168
4675 4169
4676 4170
4677 4171
4678 4172
4681 4173
4682 4174
4683 4175
4684 4176
4685 4177
4686 4178
4687 4179
4688 4180
4689 4181
4690 4182
4691 4183
4692 4184
6747 4184
8119 4184
9162 4184
4693 4185
4694 4186
4695 4187
4696 4188
4697 4189
4698 4190
4699 4191
4700 4192
6739 4192
8765 4192
4701 4193
6939 4193
4702 4194
4703 4194
4704 4195
4705 4196
4706 4197
4707 4198
4709 4199
4710 4200
4711 4201
4712 4202
4713 4203
4714 4204
4715 4205
6948 4205
4716 4206
4718 4207
4719 4208
4720 4209
4721 4209
4722 4210
7940 4210
4725 4211
8202 4211
4726 4212
4728 4213
7949 4213
4730 4214
4731 4215
4732 4216
7951 4216
4736 4217
4737 4218
4739 4219
7975 4219
4742 4220
8094 4220
9506 4220
9507 4220
9508 4220
4743 4221
7986 4221
4746 4222
7998 4222
4748 4223
8140 4223
4749 4224
4750 4225
4751 4225
4752 4226
9560 4226
4753 4227
4755 4228
4756 4229
4763 4230
8023 4230
4764 4231
4765 4232
4773 4233
4774 4234
4775 4235
5776 4235
4776 4236
5777 4236
4777 4237
4778 4238
4835 4238
5899 4238
4779 4239
4780 4240
7763 4240
4781 4241
4782 4242
4783 4243
7638 4243
4784 4244
7640 4244
4785 4245
4786 4246
7494 4246
4787 4247
4788 4248
4789 4249
4790 4250
4792 4251
4793 4252
4794 4253
4795 4254
9206 4254
4796 4255
4797 4256
4798 4257
5671 4257
4799 4258
4800 4259
4801 4260
4802 4261
4803 4262
4804 4263
4805 4264
4806 4265
4807 4266
8401 4266
4808 4267
4809 4268
4810 4269
4811 4270
4812 4271
4813 4272
4815 4273
4816 4274
4817 4275
4819 4276
4822 4277
4823 4278
7130 4278
4824 4279
4825 4280
4826 4281
6616 4281
4827 4282
4828 4283
6288 4283
7139 4283
8223 4283
8889 4283
4829 4284
4830 4285
4831 4286
6754 4286
4832 4287
5249 4287
4833 4288
4834 4289
4842 4289
4857 4289
4901 4289
4836 4290
4837 4291
6668 4291
4838 4292
6469 4292
4839 4293
4840 4294
7166 4294
4841 4295
4843 4296
4845 4297
4846 4298
7179 4298
4847 4299
6598 4299
4848 4300
4849 4301
4850 4302
4851 4303
6650 4303
4853 4304
5054 4304
4854 4305
7829 4305
4855 4306
4856 4307
4858 4308
4866 4308
5683 4308
4859 4309
6759 4309
4860 4310
6553 4310
4861 4311
4862 4312
4864 4313
5799 4313
6770 4313
4865 4314
5803 4314
6549 4314
9095 4314
4867 4315
4868 4316
6661 4316
4869 4317
7187 4317
4870 4318
8425 4318
4871 4319
4872 4320
8579 4320
4873 4321
6609 4321
7200 4321
7786 4321
4874 4322
4876 4323
4877 4324
5656 4324
6478 4324
4878 4325
4879 4326
6191 4326
4880 4327
4881 4328
6531 4328
4882 4329
4883 4330
5690 4330
4884 4331
4886 4332
5691 4332
6617 4332
7217 4332
4887 4333
6586 4333
4888 4334
4889 4335
6573 4335
7221 4335
4890 4336
4891 4337
4892 4338
4894 4339
4895 4340
4896 4341
4897 4342
4898 4343
4899 4344
4900 4345
7426 4345
4902 4346
4903 4347
6969 4347
4904 4348
4905 4349
5424 4349
5945 4349
7193 4349
4906 4350
6752 4350
4907 4351
7372 4351
4908 4352
4909 4353
4910 4354
4911 4355
4912 4356
4913 4357
4914 4358
4915 4359
4916 4360
4918 4361
4919 4362
4920 4363
4921 4364
4922 4365
4924 4366
4925 4367
8079 4367
4926 4368
7955 4368
4927 4369
4928 4370
7958 4370
4929 4371
8204 4371
4930 4372
8271 4372
4931 4373
4933 4374
8022 4374
4955 4375
5677 4375
7482 4375
4956 4376
4957 4377
7172 4377
4958 4378
4959 4379
4960 4380
4961 4381
4962 4382
4963 4383
4964 4384
4965 4385
4966 4386
4967 4387
4968 4388
4970 4389
7218 4389
4974 4390
4976 4391
4977 4392
4978 4393
4979 4394
4980 4395
6473 4395
7191 4395
4981 4396
5904 4396
6569 4396
4982 4397
4983 4398
7206 4398
4984 4399
5047 4399
4985 4400
4987 4401
4988 4402
4990 4403
4991 4404
4992 4405
9146 4405
4993 4406
4994 4407
4995 4408
4996 4409
4998 4410
4999 4411
5000 4412
5001 4413
5002 4414
5003 4415
5004 4416
5005 4417
5006 4418
5007 4419
5008 4420
5951 4420
5009 4421
5010 4422
5017 4423
7989 4423
5020 4424
5021 4425
6580 4425
5025 4426
5032 4427
5033 4428
8169 4428
5034 4429
5037 4430
5038 4431
5041 4432
5043 4433
5046 4434
5048 4435
7639 4435
5051 4436
6068 4436
6572 4436
5052 4437
5053 4438
5055 4439
6610 4439
5056 4440
5058 4441
5059 4442
8254 4442
5060 4443
5061 4444
6615 4444
5065 4445
5118 4445
5068 4446
5073 4447
6626 4447
5074 4448
5076 4449
5081 4450
6177 4450
5082 4451
7243 4451
5088 4452
5094 4453
5095 4454
5099 4455
5100 4456
5103 4457
6637 4457
5104 4458
5106 4459
7652 4459
5107 4460
5116 4461
5117 4462
5119 4463
5120 4464
6851 4464
5125 4465
7146 4465
5126 4466
5138 4467
5140 4468
6859 4468
5144 4469
5148 4470
5154 4471
5404 4471
5421 4471
5155 4472
5158 4473
5159 4474
7181 4474
5160 4475
7262 4475
5161 4476
5166 4477
5167 4478
5187 4478
5170 4479
7488 4479
5172 4480
5175 4481
6559 4481
5179 4482
5181 4483
5185 4484
5188 4485
5190 4486
5194 4487
5196 4488
5202 4489
9222 4489
5204 4490
7367 4490
5208 4491
5209 4492
5210 4493
5215 4494
5217 4495
5221 4496
5234 4497
5237 4498
5238 4499
5239 4500
5242 4501
5247 4502
5248 4503
5252 4504
5257 4505
5259 4506
5260 4507
5262 4508
5265 4509
5268 4510
5270 4511
6965 4511
5271 4512
7628 4512
5276 4513
5282 4514
5285 4515
5287 4516
5969 4516
5288 4517
5289 4518
5290 4519
5292 4520
5293 4521
5294 4522
5968 4522
5295 4523
5296 4524
5297 4525
5298 4526
5299 4527
5300 4528
5301 4529
6577 4529
8110 4529
5302 4530
5303 4531
6011 4531
9385 4531
5304 4532
6931 4532
5305 4533
6933 4533
5306 4534
5307 4535
6938 4535
5308 4536
5309 4537
5310 4538
5311 4539
7923 4539
5312 4540
5313 4541
5314 4542
8031 4542
5324 4543
7389 4543
5328 4544
5329 4545
5330 4546
5333 4547
5334 4548
6413 4548
5335 4549
5337 4550
5338 4551
5339 4552
5340 4553
5342 4554
5343 4555
5344 4556
5345 4557
5346 4558
7127 4558
5347 4559
6958 4559
7402 4559
5348 4560
6564 4560
5349 4561
5350 4562
5351 4563
8454 4563
5352 4564
7168 4564
5353 4565
5354 4566
7516 4566
5355 4567
5356 4568
6793 4568
5357 4569
6769 4569
5358 4570
5359 4571
5360 4572
5362 4573
5363 4574
5364 4575
9991 4575
5366 4576
5367 4577
5368 4578
5370 4579
5371 4580
5372 4580
5373 4580
5374 4581
5375 4582
5376 4583
5377 4584
5378 4585
5379 4586
5380 4587
5382 4588
5384 4589
5386 4590
5387 4591
5388 4592
5389 4593
5390 4594
5391 4595
5392 4596
5393 4597
6035 4597
8947 4597
5394 4598
5395 4599
5396 4600
5397 4601
5398 4602
5465 4602
5621 4602
7990 4602
7991 4602
7992 4602
5399 4603
5400 4604
5401 4605
5403 4606
5405 4607
5406 4608
5407 4609
5408 4610
5409 4611
5410 4612
5411 4613
5413 4614
7157 4614
5414 4615
5415 4616
6607 4616
5416 4617
6627 4617
5417 4618
5419 4619
6591 4619
5420 4620
5428 4620
6600 4620
6651 4620
5422 4621
5425 4622
5950 4622
6884 4622
5426 4623
5427 4624
5946 4624
5429 4625
5430 4626
5431 4627
5432 4628
7995 4628
9546 4628
5433 4629
6482 4629
5434 4630
5435 4631
5436 4631
5437 4632
5438 4633
5439 4634
5440 4635
5441 4636
5442 4637
5443 4638
5445 4639
5447 4640
5448 4641
5449 4642
6287 4642
7154 4642
7767 4642
5450 4643
5452 4644
7953 4644
5453 4645
6291 4645
7176 4645
5454 4646
5455 4647
5456 4648
5457 4649
5459 4650
5460 4651
5461 4652
7624 4652
5462 4653
5463 4654
5464 4655
5466 4656
6678 4656
7229 4656
5467 4657
6575 4657
5468 4658
5469 4659
5471 4660
5472 4661
5473 4662
6647 4662
6671 4662
9436 4662
9437 4662
5477 4663
5478 4664
5479 4665
5480 4666
5481 4667
5482 4668
6154 4668
5484 4669
5485 4670
5486 4671
5487 4672
5488 4673
5489 4674
5490 4675
5495 4676
8176 4676
5497 4677
9267 4677
5498 4678
6850 4678
5499 4679
9268 4679
5500 4680
5501 4681
9316 4681
5502 4682
8510 4682
5503 4683
5504 4684
6824 4684
5505 4685
6819 4685
5506 4686
6822 4686
5507 4687
6799 4687
5508 4688
6862 4688
5509 4689
5510 4690
5511 4691
6860 4691
5514 4692
8512 4692
5515 4693
6820 4693
5516 4694
9280 4694
5517 4695
6805 4695
5518 4696
9273 4696
5519 4697
6854 4697
5520 4698
6830 4698
5521 4699
9079 4699
5522 4700
9276 4700
5524 4701
5526 4702
5528 4703
5716 4703
5529 4704
5532 4705
5535 4706
5539 4707
5542 4708
5546 4709
5547 4710
6835 4710
5548 4711
9166 4711
5549 4712
6823 4712
5550 4713
6842 4713
5551 4714
8780 4714
5552 4715
9082 4715
5553 4716
9173 4716
5554 4717
9161 4717
5555 4718
6132 4718
6809 4718
7541 4718
5556 4719
6845 4719
5557 4720
9191 4720
5558 4721
6816 4721
5559 4722
6814 4722
5560 4723
8542 4723
5561 4724
8532 4724
5562 4725
9084 4725
5563 4726
6801 4726
5564 4727
5565 4728
9151 4728
5566 4729
5856 4729
5569 4730
6828 4730
5570 4731
9293 4731
5571 4732
6815 4732
5572 4733
6803 4733
5573 4734
6853 4734
5574 4735
5575 4736
9294 4736
5576 4737
6797 4737
5577 4738
9379 4738
5578 4739
5579 4740
6864 4740
5580 4741
6826 4741
5581 4742
5582 4743
6800 4743
5583 4744
9296 4744
5584 4745
9297 4745
5585 4746
6811 4746
5586 4747
8549 4747
5587 4748
6865 4748
5588 4749
6813 4749
5589 4750
8946 4750
5590 4751
6837 4751
5591 4752
6836 4752
5592 4753
6827 4753
5593 4754
5594 4755
6855 4755
9386 4755
5595 4756
6848 4756
5597 4757
5600 4758
5601 4759
5602 4760
5603 4761
6657 4761
5604 4762
6628 4762
7159 4762
5605 4763
6760 4763
5606 4764
5607 4765
8458 4765
5608 4766
5609 4767
5610 4768
5611 4769
5613 4770
5615 4771
5616 4772
6602 4772
5618 4773
5620 4774
5622 4775
5625 4776
5627 4777
5628 4778
7228 4778
5629 4779
5630 4780
5631 4781
5632 4782
5633 4783
5634 4784
5635 4785
5636 4786
5637 4787
5638 4788
5639 4789
5640 4790
5641 4791
5642 4792
5686 4792
7641 4792
7670 4792
5643 4793
5644 4794
5645 4795
5647 4796
5648 4796
5649 4796
5650 4797
5651 4798
5652 4799
5653 4800
5802 4800
5655 4801
6659 4801
9358 4801
5657 4802
5658 4803
5659 4804
5660 4805
5661 4806
5662 4807
5663 4808
5664 4809
5665 4810
5666 4811
6293 4811
6887 4811
5667 4812
5668 4813
5670 4814
6608 4814
5672 4815
5673 4816
5674 4817
7899 4817
5675 4818
5676 4819
5678 4820
5680 4821
7156 4821
5681 4822
6669 4822
5682 4823
5684 4824
5685 4825
6656 4825
5687 4826
5688 4827
5689 4828
6639 4828
5692 4829
5693 4830
5694 4831
5697 4832
5698 4833
5699 4834
5701 4835
9180 4835
5702 4836
9184 4836
5703 4837
9077 4837
5704 4838
9185 4838
5705 4839
9067 4839
5706 4840
9372 4840
5707 4841
5708 4842
9186 4842
5709 4843
9311 4843
5710 4844
8916 4844
5711 4845
9319 4845
5712 4846
5713 4847
8171 4847
5715 4848
5717 4849
5718 4850
5721 4851
8528 4851
5722 4852
8540 4852
5723 4853
8917 4853
5724 4854
5725 4855
8112 4855
5726 4856
6134 4856
6325 4856
6326 4856
7733 4856
7734 4856
7885 4856
9085 4856
9321 4856
5727 4857
5728 4858
5729 4859
5730 4860
9286 4860
5731 4861
5733 4862
8940 4862
5734 4863
8860 4863
5735 4864
9317 4864
5736 4865
8849 4865
5737 4866
5738 4867
9144 4867
5739 4868
8853 4868
5740 4869
8941 4869
5741 4870
5742 4871
8854 4871
5743 4872
8868 4872
5744 4873
8861 4873
5745 4874
8117 4874
5746 4875
8862 4875
5747 4876
5748 4877
5749 4878
8865 4878
5750 4879
9328 4879
5751 4880
8121 4880
5752 4881
5753 4882
9197 4882
5754 4883
8867 4883
5755 4884
5756 4885
8866 4885
5757 4886
5758 4887
8547 4887
5759 4888
5760 4889
5761 4890
9364 4890
5762 4891
8871 4891
5763 4892
5764 4893
9336 4893
5765 4894
8873 4894
5766 4895
8554 4895
5767 4896
8874 4896
5768 4897
9329 4897
5769 4898
8735 4898
5770 4899
8869 4899
5771 4900
8122 4900
5778 4901
7475 4901
5779 4902
5780 4903
5781 4904
5782 4905
5783 4906
6057 4906
5784 4907
5785 4908
5786 4909
5787 4910
5788 4911
5789 4912
5790 4913
5791 4914
5792 4915
7134 4915
5793 4916
5794 4917
7158 4917
7768 4917
5795 4918
6961 4918
5796 4919
5797 4920
5798 4921
8494 4921
5800 4922
5801 4923
6738 5126
7185 4923
5804 4924
6479 4924
5805 4925
5806 4926
5807 4927
5808 4928
5809 4929
5810 4930
5811 4931
5812 4932
5813 4933
5814 4934
5816 4935
5817 4936
5818 4937
5819 4938
5820 4939
5821 4940
5822 4941
8173 4941
5823 4942
5826 4943
9283 4943
5827 4944
6333 4944
6974 4944
5828 4945
6976 4945
5829 4946
6977 4946
5831 4947
6667 4947
6979 4947
5832 4948
6339 4948
6981 4948
5833 4949
6986 4949
5834 4950
6346 4950
6988 4950
5835 4951
6993 4951
5836 4952
6356 4952
5837 4953
5838 4954
5839 4955
8181 4955
5840 4956
8163 4956
5841 4957
5842 4958
5843 4959
5844 4960
7004 4960
5846 4961
7010 4961
5847 4962
7011 4962
5848 4963
7019 4963
7874 4963
5849 4964
5850 4965
5852 4966
6604 4966
7032 4966
5853 4967
5854 4968
5855 4969
5857 4970
6367 4970
5858 4971
7045 4971
5859 4972
7046 4972
5860 4973
6370 4973
6371 4973
7048 4973
5861 4974
6584 4974
7050 4974
7051 4974
7052 4974
7928 4974
5862 4975
6672 4975
7056 4975
5863 4976
7058 4976
5864 4977
6384 4977
7059 4977
5865 4978
6387 4978
7060 4978
5866 4979
5867 4980
5868 4981
7068 4981
5869 4982
7070 4982
5870 4983
5871 4984
5872 4985
6401 4985
7071 4985
5873 4986
7073 4986
5874 4987
6581 4987
7075 4987
5875 4988
6634 4988
7077 4988
5876 4989
5877 4990
7629 4990
5878 4991
6172 4991
7084 4991
5879 4992
5880 4993
5881 4994
5882 4995
5883 4996
5884 4997
8154 4997
5885 4998
5886 4999
5887 5000
5888 5001
5889 5002
5890 5003
8216 5003
5891 5004
5892 5005
5893 5006
5895 5007
5896 5008
5897 5009
6551 5009
7132 5009
5898 5010
7137 5010
5900 5011
5987 5011
5901 5012
5903 5013
5905 5014
7201 5014
5906 5015
6477 5015
5907 5016
5908 5017
5910 5018
5911 5019
5912 5020
5913 5021
5914 5021
5915 5022
5918 5023
5919 5023
5920 5023
5921 5023
5922 5024
5924 5025
5925 5026
5926 5027
5927 5028
5928 5029
5929 5030
5930 5031
5931 5032
5932 5033
6046 5033
5933 5034
6594 5034
7650 5034
5934 5035
6756 5035
5935 5036
5936 5037
7141 5037
5937 5038
5938 5039
5939 5040
6588 5040
5940 5041
6655 5041
7212 5041
5941 5042
6550 5042
5942 5043
5944 5044
6858 5044
5947 5045
6966 5045
7676 5045
5948 5046
5949 5047
6840 5047
5952 5048
6545 5048
5953 5049
5954 5050
5955 5051
5956 5052
5957 5053
5959 5054
5960 5055
5963 5056
5964 5057
6922 5057
5965 5058
7890 5058
5966 5059
9287 5059
5967 5060
9288 5060
5970 5061
6894 5061
7855 5061
5971 5062
7857 5062
5972 5063
7856 5063
5973 5064
6895 5064
7858 5064
5974 5065
7859 5065
5976 5066
6898 5066
5977 5067
8511 5067
9075 5067
5978 5068
6899 5068
5979 5069
8801 5069
5980 5070
8515 5070
5981 5071
7862 5071
8748 5071
5982 5072
5983 5072
9278 5072
5984 5073
7863 5073
5985 5074
6901 5074
5986 5075
6902 5075
7866 5075
5988 5076
5989 5077
9188 5077
5990 5078
7869 5078
5991 5079
5992 5080
5993 5081
5994 5082
6904 5082
7871 5082
5996 5083
7872 5083
5997 5084
6905 5084
7873 5084
5998 5085
6910 5085
5999 5086
6000 5087
6001 5088
7877 5088
6002 5089
7879 5089
6003 5090
6914 5090
6004 5091
7880 5091
6005 5092
6006 5093
6917 5093
6007 5094
6918 5094
6919 5094
8920 5094
6008 5095
6742 5095
7883 5095
6009 5096
8929 5096
6010 5097
7892 5097
6012 5098
6013 5099
6014 5100
7894 5100
6015 5101
6928 5101
6016 5102
6929 5102
6017 5103
6687 5103
9175 5103
6018 5104
6930 5104
7896 5104
6021 5105
8811 5105
6022 5106
6934 5106
7908 5106
6023 5107
7909 5107
6024 5108
7911 5108
6025 5109
6936 5109
6026 5110
6702 5110
6027 5111
6937 5111
6028 5112
6029 5113
6942 5113
6030 5114
6725 5114
7851 5114
6031 5115
6944 5115
7870 5115
6032 5116
6033 5117
7922 5117
6034 5118
6036 5119
6037 5120
8123 5120
6038 5121
7926 5121
6039 5122
7927 5122
6040 5123
6951 5123
6041 5124
7930 5124
6042 5125
7932 5125
6043 5126
6044 5127
6045 5128
8558 5128
6047 5129
6048 5130
6049 5131
6050 5132
6051 5133
6052 5134
6053 5135
6054 5136
6055 5137
6056 5138
6058 5139
6059 5140
6060 5141
6061 5142
6062 5143
6065 5144
6066 5145
6856 5145
6067 5146
6480 5146
6786 5146
6069 5147
6070 5148
6071 5149
6073 5150
6074 5151
6075 5152
6077 5153
6078 5154
6079 5155
6080 5156
6081 5157
6082 5158
6083 5159
6084 5160
6085 5161
8162 5161
6086 5162
6087 5163
7525 5163
6088 5164
7306 5164
6089 5165
7355 5165
6090 5166
6092 5167
7260 5167
6093 5168
6094 5169
8102 5169
6095 5170
6096 5171
7295 5171
6097 5172
9309 5172
6098 5173
6099 5174
7329 5174
6100 5175
9181 5175
6102 5176
6103 5177
7361 5177
6104 5178
6105 5178
7313 5178
9182 5178
6106 5179
6107 5180
9370 5180
6108 5181
6109 5182
7298 5182
6110 5183
8517 5183
6111 5184
7429 5184
6112 5185
7511 5185
6113 5186
7419 5186
6114 5187
7399 5187
6115 5188
6116 5189
7364 5189
6117 5190
9078 5190
6118 5191
7471 5191
6119 5192
7515 5192
6121 5193
8729 5193
6122 5194
7400 5194
6123 5195
9281 5195
6124 5196
6125 5197
7369 5197
6126 5198
6127 5199
6128 5200
6129 5201
6248 5201
6130 5202
6133 5203
6135 5204
7265 5204
6136 5205
7468 5205
6137 5206
7397 5206
6139 5207
7340 5207
6140 5208
6142 5209
6144 5210
7335 5210
6146 5211
8720 5211
6148 5212
6152 5213
7430 5213
6153 5214
7479 5214
6159 5215
6161 5216
7401 5216
6162 5217
7531 5217
6164 5218
9087 5218
6168 5219
7486 5219
6169 5220
7320 5220
6170 5221
9157 5221
6173 5222
6174 5223
6175 5223
6176 5224
6178 5225
6522 5225
6179 5226
6180 5227
6181 5228
6182 5229
6183 5230
6184 5230
6185 5231
7138 5231
6186 5232
7143 5232
8463 5232
6187 5233
7162 5233
6188 5234
6190 5235
7192 5235
6192 5236
6595 5236
6193 5237
6194 5238
6195 5239
7795 5239
6196 5240
6197 5241
6198 5242
6199 5243
6200 5244
6201 5245
6202 5246
6203 5247
7311 5247
6205 5248
6206 5249
6207 5250
6208 5251
6209 5252
6210 5253
6211 5254
6212 5255
6213 5256
7642 5256
7668 5256
6214 5257
6215 5258
6216 5259
7415 5259
6217 5260
6218 5261
6219 5262
7404 5262
6220 5263
7318 5263
6221 5264
6222 5265
7497 5265
6223 5266
7319 5266
6224 5267
9312 5267
6225 5268
9313 5268
6226 5269
6227 5270
7000 5270
9275 5270
6228 5271
6229 5272
9189 5272
6231 5273
6235 5274
7478 5274
6239 5275
7502 5275
6240 5276
7290 5276
6241 5277
7539 5277
6242 5278
7272 5278
6243 5279
7449 5279
6244 5280
7526 5280
6247 5281
6249 5282
6250 5283
6251 5284
6252 5285
7284 5285
6253 5286
7300 5286
6254 5287
7523 5287
6255 5288
7498 5288
6256 5289
6257 5290
7484 5290
7490 5290
6258 5291
7261 5291
6259 5292
6260 5293
6261 5294
6262 5295
6263 5296
7588 5296
6264 5297
7590 5297
6265 5298
7591 5298
6266 5299
7592 5299
6267 5300
7593 5300
6268 5301
7594 5301
6269 5302
7595 5302
6270 5303
7596 5303
6271 5304
7598 5304
6272 5305
7600 5305
6273 5306
7601 5306
6274 5307
7602 5307
6275 5308
7603 5308
6276 5309
7604 5309
6277 5310
7605 5310
6278 5311
7606 5311
6279 5312
7607 5312
6280 5313
7608 5313
6281 5314
6282 5315
7612 5315
6283 5316
7613 5316
6284 5317
7615 5317
6285 5318
7617 5318
6286 5319
7621 5319
6289 5320
7160 5320
6292 5321
6294 5322
7773 5322
6295 5323
7230 5323
6296 5324
8071 5324
6297 5325
6298 5326
6299 5327
6300 5328
6301 5329
6302 5330
7003 5330
6303 5331
7030 5331
6304 5332
7034 5332
6305 5333
7721 5333
6306 5334
7007 5334
7723 5334
6307 5335
7008 5335
7724 5335
6308 5336
7725 5336
6309 5337
6310 5338
7568 5338
6311 5339
7569 5339
6312 5340
7035 5340
7737 5340
9285 5340
6313 5341
6314 5342
7728 5342
9292 5342
6315 5343
7014 5343
7729 5343
6316 5344
6317 5344
7013 5344
7015 5344
6318 5345
7016 5345
6319 5346
7017 5346
6320 5347
7018 5347
6321 5348
6322 5349
6323 5350
7033 5350
6327 5351
7028 5351
7735 5351
6329 5352
6330 5353
6971 5353
7708 5353
6331 5354
6972 5354
7709 5354
6332 5355
7710 5355
6334 5356
6393 5356
7712 5356
7741 5356
6335 5357
6579 5357
7147 5357
6336 5358
7713 5358
6337 5359
6980 5359
6338 5360
7552 5360
6340 5361
6983 5361
6341 5362
6982 5362
6342 5363
7714 5363
6343 5364
6985 5364
6344 5365
7553 5365
6345 5366
7554 5366
6347 5367
6987 5367
6348 5368
6989 5368
6349 5369
7715 5369
6350 5370
6990 5370
6351 5371
6352 5372
6992 5372
6353 5373
7556 5373
6354 5374
7717 5374
6355 5375
7716 5375
6357 5376
7563 5376
6358 5377
7564 5377
6359 5378
7566 5378
6360 5379
6997 5379
6361 5380
7036 5380
7738 5380
6362 5381
7696 5381
6363 5382
6364 5383
6365 5384
7697 5384
6366 5385
7576 5385
6368 5386
7578 5386
6369 5387
7698 5387
8756 5387
6372 5388
7700 5388
6373 5389
7049 5389
7699 5389
6374 5390
7701 5390
6375 5391
7053 5391
6376 5392
7702 5392
9295 5392
6377 5393
7703 5393
6378 5394
6379 5394
7055 5394
7579 5394
6380 5395
7580 5395
6381 5396
7582 5396
6382 5397
7704 5397
6383 5398
7705 5398
6385 5399
7583 5399
6386 5400
7584 5400
7918 5400
6388 5401
7706 5401
6389 5402
7586 5402
6390 5403
6391 5404
6392 5405
7739 5405
6394 5406
7063 5406
6395 5407
7547 5407
6396 5408
7548 5408
6397 5409
7066 5409
6398 5410
7067 5410
7745 5410
6399 5411
7069 5411
6400 5412
7746 5412
6402 5413
7747 5413
6403 5414
7614 5414
6404 5415
7618 5415
6405 5416
7620 5416
6406 5417
6407 5418
6408 5419
6409 5420
6410 5421
8164 5421
6411 5422
6412 5423
6414 5424
6416 5425
6417 5426
6418 5427
6419 5428
6420 5429
6421 5430
6422 5431
6423 5432
6424 5433
6425 5434
6427 5435
6430 5436
7489 5436
6431 5437
6432 5438
6433 5439
6434 5440
6435 5441
6436 5442
6437 5443
6438 5444
6439 5445
6440 5446
6441 5447
6442 5448
6443 5449
8298 5449
6444 5450
6445 5451
6446 5452
6447 5453
6449 5454
6451 5455
8139 5455
6452 5456
6456 5457
6457 5458
6458 5459
6459 5460
6460 5461
6461 5462
6462 5463
6463 5464
6464 5465
6465 5466
6466 5467
6467 5468
6468 5469
7131 5469
6470 5470
6471 5471
6472 5472
6474 5473
7196 5473
6475 5474
7790 5474
6476 5475
7209 5475
6481 5476
6483 5477
6484 5478
6485 5479
6486 5480
6487 5481
6488 5482
6489 5483
6490 5484
6491 5485
6492 5486
6493 5487
6494 5488
6495 5489
6496 5490
6654 5490
6688 5490
6497 5491
6996 5491
7718 5491
6498 5492
6499 5493
7006 5493
7722 5493
6500 5494
7012 5494
7727 5494
6501 5495
6502 5496
7021 5496
7731 5496
6503 5497
7031 5497
6504 5498
6505 5499
7062 5499
7740 5499
6506 5500
7065 5500
7742 5500
6509 5501
8035 5501
6510 5502
7754 5502
6511 5503
7140 5503
6512 5504
6513 5505
6514 5506
6515 5507
6516 5508
6517 5509
6519 5510
6520 5511
6521 5512
6523 5513
6524 5514
6526 5515
6527 5516
6528 5517
6529 5518
8066 5518
6530 5519
7656 5519
6532 5520
7222 5520
6533 5521
6534 5522
6535 5523
6536 5524
6537 5525
6538 5526
6539 5527
6540 5528
6541 5529
6542 5530
6543 5531
6544 5532
6546 5533
6547 5534
6548 5535
6994 5535
6552 5536
6554 5537
6555 5538
6556 5539
6557 5540
6558 5541
6560 5542
6562 5543
6563 5544
6565 5545
6566 5546
8840 5546
6567 5547
8839 5547
6568 5548
6570 5549
6732 5549
8430 5549
6571 5550
7169 5550
6574 5551
6576 5552
6578 5553
7054 5553
8758 5553
6582 5554
8572 5554
9599 5554
6583 5555
9064 5555
6587 5556
6589 5557
6590 5558
6592 5559
6593 5560
7171 5560
6596 5561
6597 5562
6599 5563
6603 5564
6605 5565
8858 5565
6606 5566
6611 5567
6612 5568
6613 5569
6614 5570
6618 5571
6620 5572
6621 5573
7188 5573
6622 5574
6624 5575
6625 5576
8074 5576
6630 5577
7769 5577
6631 5578
7303 5578
6632 5579
7651 5579
6633 5580
6635 5581
6636 5582
6638 5583
6640 5584
7142 5584
6641 5585
7072 5585
6642 5586
7129 5586
6643 5587
7149 5587
6644 5588
6645 5589
6646 5590
8078 5590
6648 5591
7165 5591
6649 5592
6652 5593
6653 5594
6658 5595
6660 5596
6663 5597
6665 5598
6670 5599
6673 5600
6674 5601
6675 5602
6677 5603
6679 5604
9236 5604
6680 5605
6681 5606
7225 5606
6682 5607
6684 5608
6685 5609
6896 5609
6686 5610
8838 5610
6689 5611
6691 5612
6692 5613
6693 5614
8581 5614
6694 5615
6695 5616
8689 5616
6696 5617
8691 5617
6697 5618
6698 5619
6699 5620
9122 5620
6700 5621
6701 5622
9374 5622
6703 5623
6704 5624
8544 5624
6705 5625
6706 5626
8845 5626
6707 5627
6708 5628
6709 5629
6710 5630
6711 5631
6713 5632
6714 5633
9086 5633
6715 5634
8710 5634
6716 5635
6717 5636
8535 5636
6718 5637
8716 5637
6719 5638
9135 5638
6720 5639
6721 5640
8852 5640
6722 5641
6723 5642
6724 5643
6726 5644
7438 5644
6727 5645
6728 5646
6729 5647
8836 5647
6730 5648
6731 5649
8520 5649
6733 5650
6734 5651
6735 5652
6736 5653
8844 5653
6737 5654
6740 5655
6741 5656
8855 5656
6743 5657
8891 5657
6746 5658
8529 5658
6749 5659
8546 5659
6750 5660
6751 5661
6753 5662
6755 5663
8787 5663
6757 5664
6758 5665
8775 5665
6761 5666
6762 5667
8534 5667
6763 5668
6764 5669
6766 5670
7492 5670
6767 5671
6768 5672
8559 5672
6771 5673
8527 5673
6772 5674
8792 5674
6773 5675
6774 5676
6776 5677
9081 5677
6777 5678
6778 5679
6779 5680
6780 5681
6781 5682
6782 5683
6783 5684
6784 5685
6785 5686
6787 5687
8810 5687
6788 5688
6789 5689
6790 5690
8818 5690
6791 5691
6792 5692
8541 5692
6794 5693
9325 5693
6795 5694
6796 5695
6798 5696
6804 5697
7686 5697
6806 5698
6807 5699
8172 5699
6808 5700
7390 5700
6810 5701
8841 5701
6812 5702
6817 5703
6818 5704
6821 5705
9327 5705
6825 5706
6829 5707
8842 5707
6831 5708
7366 5708
6832 5709
6833 5710
6834 5711
7784 5711
6838 5712
6927 5712
6839 5713
6841 5714
6843 5715
9330 5715
6844 5716
6846 5717
9318 5717
6847 5718
9335 5718
6849 5719
6852 5720
9324 5720
6857 5721
6863 5722
8835 5722
6866 5723
6867 5724
6868 5725
6869 5726
6870 5727
6871 5728
7654 5728
6872 5729
7336 5729
6873 5730
7776 5730
6874 5731
6875 5732
6876 5733
6877 5734
7679 5734
6879 5735
6880 5736
6881 5737
6882 5738
6885 5739
7496 5739
6886 5740
6888 5741
6889 5742
6890 5743
6891 5744
6892 5745
6926 5745
6893 5746
6897 5747
6900 5748
6903 5749
6906 5750
6907 5751
6908 5752
6909 5753
6911 5754
8187 5754
6912 5755
6913 5756
8847 5756
6915 5757
6916 5758
6920 5759
6921 5760
8850 5760
6923 5761
6924 5762
6925 5763
6932 5764
8943 5764
6935 5765
8864 5765
6940 5766
8872 5766
6941 5767
6943 5768
6945 5769
7891 5769
6946 5770
7743 5770
6947 5771
6949 5772
6950 5773
6952 5774
7931 5774
6953 5775
8166 5775
6954 5776
7440 5776
6955 5777
6956 5778
7759 5778
6957 5779
7215 5779
6959 5780
6960 5781
8283 5781
6963 5782
6964 5783
6967 5784
6968 5785
6970 5786
8334 5786
6973 5787
9368 5787
6975 5788
6978 5789
6984 5790
6991 5791
6995 5792
6998 5793
6999 5793
9170 5793
7001 5794
7002 5795
7005 5796
7009 5797
7020 5798
7730 5798
7022 5799
8184 5799
7023 5800
7024 5800
7025 5800
7026 5801
7027 5802
7029 5803
7037 5804
7038 5805
7530 5805
7039 5806
7040 5807
7041 5808
7042 5809
7043 5810
7044 5811
7047 5812
7057 5813
7061 5814
7064 5815
8721 5815
7074 5816
8168 5816
7076 5817
7748 5817
7078 5818
8177 5818
7079 5819
7085 5820
7755 5820
7086 5821
7088 5822
7089 5823
7090 5824
7091 5825
7092 5826
7093 5827
7423 5827
7094 5828
7095 5829
7096 5830
7097 5831
7098 5832
7099 5833
7145 5833
7100 5834
7101 5835
7102 5836
7103 5837
8155 5837
7104 5838
7105 5839
7106 5840
7107 5841
7108 5842
7109 5843
7110 5844
7111 5845
9513 5845
7112 5846
7114 5847
7115 5848
7116 5849
7117 5850
7118 5850
7119 5851
7120 5852
7121 5853
7122 5854
7123 5855
7124 5856
7125 5856
7126 5857
7128 5858
7133 5859
7136 5860
7144 5861
7148 5862
7150 5863
8493 5863
7151 5864
7153 5865
7155 5866
7161 5867
7163 5868
7164 5869
7167 5870
8077 5870
7170 5871
7778 5871
7173 5872
7174 5873
7175 5874
7177 5875
7180 5876
7183 5877
7186 5878
7189 5879
7190 5880
7194 5881
7195 5882
7197 5883
7198 5884
8175 5884
7199 5885
7785 5885
7202 5886
7203 5887
7766 5887
7204 5888
7205 5889
7208 5890
7536 5890
7211 5891
7792 5891
7213 5892
7214 5893
7216 5894
7219 5895
7447 5895
7220 5896
7224 5897
7226 5898
7227 5899
7231 5900
7687 5900
7232 5901
7233 5902
7234 5903
7235 5904
7236 5905
7237 5906
7238 5907
7239 5908
7240 5909
7241 5910
7244 5911
7245 5912
7246 5913
7247 5914
7248 5915
7249 5916
7250 5917
7251 5918
7252 5919
7253 5920
7836 5920
7254 5921
7255 5922
8907 5922
7256 5923
7258 5924
7673 5924
7259 5925
7263 5926
7264 5927
7266 5928
7267 5929
7268 5930
7269 5931
7273 5932
7274 5933
7317 5933
7333 5933
7437 5933
7793 5933
7276 5934
9635 5934
7277 5935
7279 5936
7280 5937
7281 5938
7282 5939
7283 5940
7285 5941
7286 5942
7287 5943
7765 5943
7288 5944
7289 5945
7819 5945
7291 5946
7292 5947
7293 5948
7294 5949
7469 5949
8427 5949
7296 5950
7297 5951
7299 5952
7302 5953
7304 5954
7305 5955
8182 5955
7307 5956
7309 5957
7310 5958
7314 5959
7321 5960
7413 5960
7323 5961
7324 5962
7325 5963
7326 5964
7327 5965
8180 5965
7328 5966
8503 5966
8702 5966
8733 5966
8813 5966
8819 5966
7331 5967
7573 5967
7337 5968
7338 5969
7339 5970
7341 5971
7344 5972
7345 5973
7346 5974
7771 5974
7347 5975
7349 5976
7353 5977
7354 5978
7356 5979
7357 5980
7359 5981
7360 5982
7362 5983
7363 5984
7365 5985
7368 5986
7370 5987
7371 5988
7373 5989
7374 5990
7375 5991
7376 5992
7377 5993
7379 5994
7380 5995
7381 5996
7382 5997
7383 5998
7385 5999
7387 6000
7388 6001
7391 6002
7772 6002
7392 6003
7393 6004
7394 6005
7395 6006
7396 6007
7398 6008
8321 6008
7405 6009
7406 6010
7407 6011
7408 6012
7410 6013
7411 6014
7414 6015
7420 6016
7422 6017
7424 6018
7425 6019
7427 6020
7428 6021
7431 6022
7462 6022
7432 6023
9266 6023
9543 6023
7433 6024
7434 6025
7435 6026
7436 6027
7439 6028
7441 6029
7442 6030
7443 6031
7444 6032
7446 6033
7448 6034
7450 6034
7451 6035
7452 6036
7453 6037
7455 6038
7456 6039
7457 6040
7458 6041
7459 6042
7460 6043
7461 6044
7463 6045
7464 6046
7466 6047
7467 6048
7470 6049
7472 6050
7473 6051
7474 6052
7477 6053
7480 6054
7481 6055
7483 6056
7485 6057
7487 6058
7491 6059
7493 6060
7685 6060
9542 6060
7495 6061
7499 6062
7500 6063
7503 6064
7504 6065
7505 6066
7506 6067
7508 6068
7509 6069
7510 6070
7512 6071
7513 6072
7514 6073
7517 6074
7520 6075
7521 6076
7524 6077
7799 6077
7809 6077
7810 6077
7527 6078
7528 6079
7529 6080
7533 6081
7534 6082
7535 6083
7540 6084
7542 6085
7544 6086
7545 6087
7546 6088
7549 6089
7555 6090
7557 6091
7558 6092
7559 6093
7560 6094
7561 6094
7565 6095
7570 6096
7571 6097
7574 6098
7893 6098
7575 6099
7577 6100
7581 6101
7585 6102
7587 6103
7589 6104
7597 6105
7599 6106
7609 6107
7610 6108
7611 6109
7616 6110
7619 6111
7622 6112
7623 6113
8224 6113
7630 6114
7631 6115
7632 6116
7643 6117
7646 6118
7647 6119
7648 6120
7649 6121
7653 6122
7655 6123
7657 6124
7658 6125
7659 6126
7660 6127
7661 6128
7662 6129
7663 6130
7664 6131
7665 6132
7666 6133
7797 6133
7667 6134
7669 6135
7671 6136
7677 6136
7674 6137
7675 6138
7678 6139
7680 6140
7681 6141
7682 6142
7683 6143
7684 6144
7688 6145
7689 6146
7690 6147
7691 6148
7692 6149
7693 6150
7694 6151
7695 6152
7707 6153
7711 6154
7719 6155
7720 6156
7726 6157
7732 6158
7736 6159
7744 6160
7749 6161
8170 6161
7750 6162
7751 6163
7752 6164
7753 6165
7760 6166
7761 6167
7762 6168
7764 6169
7770 6170
7774 6171
7775 6172
7777 6173
7779 6174
7780 6175
7781 6176
7782 6177
7783 6178
7787 6179
7788 6180
7789 6181
7791 6182
7794 6183
7796 6184
7798 6185
7800 6186
7801 6186
7802 6187
7803 6188
7804 6189
7805 6190
7806 6191
7807 6192
7808 6193
7811 6194
7812 6195
7813 6196
7814 6197
7815 6198
7816 6199
7817 6200
7818 6201
7820 6202
7821 6203
7822 6204
7823 6205
7824 6206
7825 6207
7826 6208
7827 6209
7828 6210
9956 6210
7830 6211
7831 6212
8796 6212
7832 6213
7833 6214
7834 6215
7835 6216
7837 6217
7838 6218
7839 6219
7840 6220
7841 6221
8773 6221
8790 6221
7842 6222
7843 6223
7844 6223
7845 6224
7846 6225
7847 6226
7848 6227
7849 6228
7850 6229
7852 6230
7853 6231
7854 6232
7860 6233
7861 6234
7864 6235
7865 6236
7867 6237
7868 6238
7875 6239
7876 6240
8179 6240
7878 6241
7881 6242
7882 6243
7884 6244
7886 6245
7887 6246
7888 6247
7889 6248
7895 6249
7900 6250
7901 6251
7902 6252
7903 6253
7904 6254
7905 6255
7906 6256
7907 6257
7910 6258
7912 6259
7913 6260
7914 6261
7915 6262
8167 6262
7916 6263
7917 6264
7919 6265
7920 6266
7921 6267
7925 6268
8178 6268
7929 6269
7933 6270
8174 6270
7938 6271
7939 6272
7944 6273
7945 6274
8129 6274
7948 6275
7950 6276
8133 6276
7952 6277
7959 6278
7960 6279
7961 6280
7962 6281
7968 6282
7973 6283
7974 6283
7976 6284
7977 6285
8089 6285
7978 6286
7979 6287
7981 6288
7983 6289
7985 6290
7987 6291
8000 6292
8001 6293
8003 6294
8004 6294
8006 6295
8007 6296
8008 6297
8142 6297
8009 6298
8010 6299
8012 6300
8013 6300
8015 6301
8024 6302
8026 6303
8027 6304
8028 6304
8032 6305
8034 6305
8033 6306
8036 6307
8037 6308
8251 6308
8038 6309
8039 6310
8040 6311
8041 6312
8047 6313
8048 6314
8049 6315
8050 6316
8052 6317
8053 6318
8054 6319
8055 6320
8056 6321
8057 6322
8058 6323
8059 6324
9226 6324
8060 6325
8061 6325
8062 6325
8063 6326
8064 6327
8065 6328
8067 6329
8068 6330
8069 6331
8070 6332
8072 6333
8073 6334
8075 6335
8076 6336
8080 6337
8085 6338
8086 6339
8087 6340
8088 6341
8091 6342
8093 6343
8096 6344
8097 6345
8098 6346
9271 6346
8099 6347
8100 6348
8101 6349
8103 6350
8104 6351
8105 6352
8106 6353
8107 6354
8108 6355
9190 6355
8109 6356
8111 6357
8113 6358
8114 6359
8115 6360
8116 6360
8118 6361
8769 6361
8120 6362
8124 6363
9165 6363
8125 6364
8127 6365
8130 6366
8131 6367
8134 6368
8136 6369
8137 6370
8141 6371
8143 6372
8144 6373
8147 6374
8149 6375
8950 6375
8153 6376
8156 6377
8157 6378
8159 6379
8160 6380
8165 6381
8183 6382
8185 6383
8189 6384
8190 6385
8191 6386
8192 6387
8193 6388
8194 6389
8195 6390
8196 6391
8197 6392
8198 6393
8199 6394
8203 6395
8206 6396
8207 6397
8211 6398
8213 6399
8214 6400
8220 6401
8221 6402
8222 6403
8225 6404
8227 6405
8228 6406
8229 6407
8230 6408
8231 6409
8346 6409
8232 6410
8233 6411
8235 6411
8234 6412
8236 6413
8237 6414
8238 6415
8239 6416
8240 6417
8241 6418
8242 6419
8243 6420
8244 6421
8245 6421
8246 6421
8247 6421
8248 6421
8249 6421
8250 6421
8252 6422
8253 6423
8255 6424
8256 6425
8257 6426
8258 6427
8350 6427
8259 6428
8353 6428
8260 6429
8261 6430
8265 6431
9518 6431
8266 6432
8267 6433
8268 6434
8269 6434
8270 6434
8273 6435
8275 6436
8276 6437
8277 6438
8278 6439
8279 6440
8280 6441
8281 6442
8282 6443
8284 6444
8285 6445
8286 6446
8287 6447
8288 6448
8289 6449
8330 6449
8290 6450
8291 6451
8292 6452
8293 6453
8294 6454
8295 6455
8296 6456
8297 6457
8299 6458
8300 6459
8301 6460
8302 6461
8303 6462
8304 6463
8305 6464
8306 6465
8307 6466
8308 6466
8309 6467
8310 6468
8311 6469
8313 6470
8314 6471
8315 6472
8316 6473
8317 6474
8318 6475
8972 6475
9019 6475
8319 6476
8320 6477
8322 6478
8323 6479
8324 6480
8325 6481
8326 6482
8327 6483
8328 6484
8438 6484
8329 6485
8331 6486
8332 6487
8333 6488
9262 6488
8335 6489
8336 6490
8337 6491
9097 6491
8339 6492
8340 6493
8341 6494
8342 6495
8343 6496
8344 6497
8345 6498
8347 6499
8348 6500
8349 6501
8351 6502
8352 6503
8354 6504
8355 6505
8356 6506
8358 6506
8357 6507
8359 6508
8360 6509
8361 6510
8363 6511
8365 6512
8367 6513
8369 6514
8371 6515
8372 6516
8373 6517
8374 6518
8375 6519
8376 6520
8377 6521
8378 6522
8379 6523
8380 6524
8381 6525
8382 6526
8383 6527
8384 6528
8385 6529
8386 6530
8387 6531
8388 6532
8390 6533
8391 6534
8569 6534
8392 6535
8393 6536
8394 6537
8395 6538
8396 6539
8397 6540
8398 6541
8399 6542
8402 6543
8403 6544
8405 6545
8406 6546
8407 6547
8409 6548
8410 6549
9521 6549
8411 6550
8412 6551
8413 6552
8414 6553
8415 6554
8416 6555
8417 6556
8418 6557
8419 6558
8420 6559
8421 6560
8422 6560
8423 6561
8424 6562
8495 6562
8426 6563
8428 6564
8429 6565
8431 6566
8432 6567
8436 6567
8433 6568
8434 6569
8435 6570
8437 6571
8439 6572
8448 6572
8440 6573
8441 6574
9247 6574
8442 6575
8443 6576
8444 6577
8445 6578
8446 6579
8447 6580
8449 6581
8450 6582
8451 6583
8452 6584
8453 6585
8455 6586
8456 6587
8457 6588
8459 6589
8460 6590
8461 6591
8462 6592
8464 6593
8465 6594
8466 6595
8468 6596
8469 6597
8470 6598
8471 6599
8472 6600
8473 6601
8474 6602
8476 6603
8477 6604
8478 6605
8480 6606
9088 6606
8481 6607
8482 6608
8483 6609
8484 6610
8485 6611
8486 6612
8487 6613
8488 6614
8489 6615
8490 6616
8491 6617
8492 6618
8496 6619
8497 6620
8498 6621
8499 6622
8673 6622
8500 6623
8501 6624
8502 6625
8504 6626
8505 6627
8506 6628
8507 6629
8508 6630
8509 6631
8513 6632
8514 6633
8516 6634
8518 6635
8519 6636
8521 6637
8786 6637
8522 6638
8523 6639
8524 6640
8803 6640
8525 6641
8530 6642
8531 6643
8738 6643
8536 6644
8537 6645
8538 6646
8543 6647
8545 6648
8550 6649
8551 6650
8552 6651
8553 6652
8555 6653
8556 6654
8557 6655
8560 6656
8561 6657
8562 6658
8563 6659
8564 6660
8565 6661
8566 6662
8567 6663
8568 6664
8699 6664
8570 6665
9244 6665
8571 6666
8573 6667
8574 6668
8575 6669
9114 6669
9123 6669
8576 6670
8577 6671
8578 6672
8580 6673
8582 6674
9068 6674
8583 6675
8585 6676
8586 6677
8587 6678
8588 6679
8589 6680
8590 6681
8591 6682
8627 6682
8592 6683
8593 6684
8594 6685
8595 6686
8596 6687
8597 6688
8598 6689
8599 6690
8600 6691
8601 6692
8602 6693
8603 6694
8604 6695
8605 6696
8606 6697
8607 6698
8608 6699
8609 6700
8610 6701
8611 6702
8612 6703
8613 6704
8614 6705
8615 6706
8616 6707
8617 6708
8618 6709
8619 6710
8620 6711
8621 6712
8622 6713
9413 6713
8623 6714
8624 6715
8625 6716
8626 6717
8628 6718
8629 6719
8630 6720
8631 6721
8632 6722
8633 6723
8634 6724
8635 6725
8636 6726
8637 6727
8638 6728
8639 6729
8640 6730
8641 6731
8642 6732
8643 6733
8644 6733
8645 6733
8646 6734
8647 6735
8648 6736
8649 6737
8650 6738
8651 6739
8666 6739
8652 6740
8653 6741
8654 6742
8655 6743
8656 6744
8657 6745
8658 6746
8659 6747
8660 6748
8661 6749
8662 6750
8663 6751
8664 6752
8665 6752
8667 6753
8668 6754
8669 6754
8670 6754
8671 6754
8672 6754
8674 6755
8675 6756
8676 6757
8677 6758
8678 6759
8679 6760
8680 6761
8681 6762
8682 6763
8683 6764
8684 6765
8685 6766
8686 6767
8687 6768
8688 6769
8690 6770
8692 6771
8693 6772
8694 6773
8695 6774
8696 6775
8697 6776
8698 6777
8700 6778
8707 6778
8715 6778
8804 6778
8701 6779
8703 6780
8704 6781
8705 6782
8706 6783
8708 6784
8711 6785
8712 6786
8713 6787
8714 6788
8717 6789
8718 6790
8719 6791
8722 6792
8723 6793
8724 6794
8725 6795
8727 6796
8728 6797
8730 6798
8731 6799
8732 6800
8734 6801
8806 6801
8736 6802
8737 6803
8739 6804
8741 6805
8744 6805
8742 6806
8743 6807
8788 6807
8745 6808
8747 6809
8750 6810
8752 6811
8753 6812
8754 6813
8755 6814
8757 6815
8759 6816
8761 6817
8762 6818
8763 6819
8764 6820
8766 6821
8767 6822
8768 6823
8770 6824
8771 6825
8772 6826
8774 6827
8776 6828
8778 6829
8779 6830
8781 6831
8782 6832
8783 6833
8784 6834
8785 6835
8789 6836
8791 6837
8793 6838
8794 6839
8795 6840
8797 6841
8798 6842
8799 6843
8800 6844
8802 6845
9176 6845
8805 6846
8807 6847
8808 6848
8809 6849
8812 6850
8814 6851
8815 6852
8816 6853
8817 6854
8820 6855
8821 6856
8822 6857
8824 6858
8825 6859
8826 6860
8827 6861
8828 6862
8829 6863
8830 6864
8831 6865
8832 6866
8833 6867
8834 6868
8837 6869
9270 6869
8843 6870
8846 6871
8856 6872
8857 6873
8859 6874
8863 6875
8870 6876
8875 6877
8876 6878
8877 6879
8878 6880
8881 6881
8882 6882
8883 6883
8884 6884
8885 6885
8886 6886
8887 6886
8957 6886
8888 6887
8890 6888
8892 6889
8893 6890
8894 6891
8895 6892
8896 6893
8897 6894
8898 6895
8899 6896
8900 6897
8901 6898
8902 6899
8903 6900
8904 6901
8905 6902
8906 6903
8908 6904
9051 6904
9052 6904
8909 6905
8910 6906
8911 6907
8912 6908
8913 6909
8914 6910
8915 6911
8918 6912
8919 6913
8921 6914
8922 6915
8923 6916
8924 6917
8925 6918
8926 6919
8927 6920
8928 6921
8931 6922
8932 6923
8933 6924
8934 6925
8935 6926
8936 6927
8939 6928
8942 6929
8944 6930
8945 6931
8948 6932
8949 6933
8951 6934
8952 6935
8953 6936
8954 6937
8955 6938
8956 6939
8958 6940
8959 6941
8960 6942
8961 6943
8962 6944
8963 6945
8964 6946
8965 6947
8966 6948
8967 6949
8968 6950
8969 6951
8970 6952
8971 6953
8973 6954
8974 6955
9031 6955
8975 6956
8976 6957
8977 6958
8978 6959
8979 6960
8980 6961
8981 6962
8982 6963
8983 6964
8984 6965
8985 6966
9229 6966
8986 6967
8987 6968
8988 6969
8989 6970
8990 6971
8991 6972
8992 6973
8993 6974
8994 6975
8995 6976
8996 6977
8997 6978
8998 6979
8999 6980
9000 6981
9001 6982
9002 6983
9003 6984
9004 6985
9005 6986
9006 6987
9007 6988
9008 6989
9009 6990
9010 6991
9011 6992
9012 6993
9013 6994
9014 6995
9015 6995
9016 6996
9017 6997
9018 6998
9020 6999
9021 7000
9022 7001
9023 7002
9024 7003
9025 7004
9026 7005
9027 7006
9028 7007
9029 7008
9030 7009
9032 7010
9033 7011
9034 7011
9035 7012
9036 7013
9037 7014
9038 7015
9039 7016
9040 7017
9041 7018
9042 7019
9043 7020
9044 7021
9045 7022
9046 7023
9047 7024
9048 7025
9049 7026
9050 7027
9053 7028
9054 7029
9055 7030
9056 7031
9057 7032
9058 7033
9059 7034
9060 7035
9061 7036
9062 7037
9063 7038
9065 7039
9066 7040
9069 7041
9070 7042
9071 7043
9072 7044
9073 7045
9074 7046
9076 7047
9080 7048
9083 7049
9089 7050
9090 7051
9092 7052
9093 7053
9094 7054
9096 7055
9098 7056
9099 7057
9100 7058
9101 7059
9102 7060
9103 7061
9104 7062
9105 7063
9106 7064
9107 7065
9108 7066
9109 7067
9110 7068
9111 7069
9112 7070
9113 7071
9115 7072
9116 7073
9148 7073
9117 7074
9118 7075
9119 7076
9120 7077
9121 7078
9124 7079
9125 7080
9127 7081
9158 7081
9128 7082
9129 7083
9130 7084
9131 7085
9132 7086
9134 7087
9136 7088
9139 7089
9154 7089
9140 7090
9141 7091
9142 7092
9145 7093
9147 7094
9149 7095
9227 7095
9150 7096
9152 7097
9332 7097
9153 7098
9156 7099
9159 7100
9163 7101
9164 7102
9251 7102
9167 7103
9168 7104
9178 7104
9169 7105
9171 7106
9172 7107
9174 7108
9177 7109
9179 7110
9183 7111
9187 7112
9192 7113
9193 7114
9255 7114
9194 7115
9195 7116
9196 7117
9198 7118
9199 7119
9200 7120
9201 7121
9202 7122
9203 7123
9204 7124
9205 7125
9207 7126
9208 7127
9210 7128
9211 7129
9212 7130
9213 7131
9215 7132
9216 7133
9217 7134
9218 7135
9219 7136
9220 7137
9221 7138
9223 7139
9224 7140
9225 7141
9228 7142
9230 7143
9231 7144
9232 7145
9233 7146
9234 7147
9235 7148
9237 7149
9238 7150
9240 7151
9241 7152
9242 7153
9243 7154
9245 7155
9246 7156
9248 7157
9249 7158
9250 7159
9253 7160
9254 7161
9256 7162
9257 7163
9258 7164
9259 7165
9260 7166
9261 7167
9263 7168
9264 7169
9265 7170
9272 7171
9274 7172
9277 7173
9279 7174
9282 7175
9284 7176
9289 7177
9290 7178
9291 7179
9298 7180
9299 7181
9300 7182
9301 7183
9302 7184
9303 7185
9304 7186
9305 7187
9306 7188
9307 7189
9308 7190
9310 7191
9314 7192
9320 7193
9322 7194
9326 7195
9331 7196
9333 7197
9334 7198
9337 7199
9339 7200
9340 7201
9341 7202
9342 7203
9343 7204
9344 7205
9345 7206
9346 7207
9348 7208
9349 7209
9351 7210
9352 7211
9353 7212
9354 7213
9355 7214
9356 7215
9357 7216
9359 7217
9360 7218
9361 7219
9362 7220
9363 7221
9365 7222
9366 7223
9367 7224
9369 7225
9371 7226
9373 7227
9375 7228
9376 7229
9377 7230
9378 7231
9381 7232
9382 7232
9389 7232
9383 7233
9384 7234
9387 7235
9388 7236
9390 7237
9391 7238
9394 7239
9395 7240
9396 7241
9397 7242
9398 7243
9399 7244
9400 7245
9401 7246
9402 7247
9403 7248
9404 7249
9405 7250
9406 7251
9407 7252
9408 7253
9409 7254
9410 7255
9411 7256
9412 7257
9414 7258
9415 7259
9416 7260
9417 7261
9418 7262
9419 7263
9420 7264
9421 7265
9422 7266
9423 7267
9424 7268
9425 7269
9426 7270
9427 7271
9428 7272
9429 7273
9430 7274
9431 7275
9432 7276
9433 7277
9434 7278
9435 7279
9438 7280
9439 7281
9440 7282
9441 7283
9442 7284
9443 7285
9445 7286
9446 7287
9447 7288
9448 7289
9449 7290
9450 7291
9451 7292
9452 7293
9453 7294
9454 7294
9455 7294
9456 7294
9457 7295
9458 7296
9459 7297
9460 7298
9461 7299
9462 7300
9463 7301
9464 7302
9465 7303
9466 7304
9467 7305
9468 7306
9469 7307
9470 7308
9471 7309
9472 7310
9473 7311
9474 7312
9478 7312
9475 7313
9476 7314
9477 7315
9479 7316
9480 7317
9482 7318
9483 7319
9484 7320
9485 7321
9489 7321
9490 7321
9486 7322
9487 7323
9495 7323
9497 7323
9498 7323
9488 7324
9491 7325
9492 7326
9493 7327
9494 7328
9496 7329
9500 7330
9501 7331
9502 7332
9504 7333
9624 7333
9505 7334
9509 7335
9510 7336
9511 7337
9512 7338
9515 7339
9516 7340
9517 7341
9522 7342
9523 7343
9524 7344
9525 7345
9527 7346
9528 7347
9529 7348
9530 7349
9531 7350
9532 7350
9534 7350
9535 7350
9536 7350
9537 7350
9539 7351
9544 7352
9545 7353
9547 7354
9548 7355
9549 7356
9570 7356
9550 7357
9551 7358
9552 7359
9554 7360
9555 7361
9556 7362
9558 7363
9561 7364
9562 7365
9563 7366
9564 7367
9565 7368
9566 7369
9567 7370
9568 7371
9575 7371
9579 7371
9611 7371
9631 7371
9643 7371
9668 7371
9676 7371
9569 7372
9571 7373
9572 7374
9573 7375
9574 7376
9576 7377
9577 7378
9578 7379
9581 7380
9582 7381
9743 7381
9583 7382
9584 7383
9585 7384
9586 7385
9587 7386
9588 7387
9589 7388
9590 7389
9591 7390
9592 7391
9593 7392
9594 7393
9595 7394
9596 7395
9597 7396
9598 7397
9600 7398
9601 7399
9602 7400
9603 7400
9604 7401
9605 7402
9606 7403
9607 7403
9608 7404
9609 7405
9610 7406
9612 7407
9613 7408
9614 7409
9615 7410
9616 7411
9617 7412
9618 7413
9619 7414
9620 7415
9621 7416
9622 7417
9623 7418
9625 7419
9626 7420
9627 7421
9628 7422
9629 7423
9630 7424
9634 7425
9636 7426
9637 7427
9639 7428
9640 7429
9641 7430
9642 7431
9644 7432
9645 7433
9646 7433
9647 7434
9648 7434
9649 7435
9650 7436
9651 7437
9652 7438
9653 7439
9654 7440
9655 7441
9656 7442
9657 7443
9658 7444
9659 7445
9660 7446
9661 7447
9662 7448
9663 7449
9664 7450
9665 7451
9666 7452
9667 7453
9669 7454
9670 7455
9671 7456
9673 7456
9672 7457
9674 7458
9675 7459
9677 7460
9678 7461
9679 7462
9680 7463
9681 7464
9682 7465
9683 7466
9684 7467
9685 7468
9686 7469
9687 7470
9688 7471
9689 7472
9690 7473
9691 7474
9692 7475
9693 7476
9694 7477
9706 7477
9695 7478
9696 7479
9697 7480
9698 7481
9699 7482
9700 7483
9701 7484
9702 7485
9703 7486
9704 7487
9705 7488
9707 7489
9708 7490
9709 7491
9710 7492
9711 7493
9712 7494
9713 7495
9750 7495
9762 7495
9851 7495
9877 7495
9714 7496
9715 7497
9716 7498
9717 7499
9718 7500
9719 7501
9720 7502
9721 7503
9722 7504
9723 7505
9724 7506
9725 7507
9726 7508
9727 7509
9728 7510
9729 7511
9730 7512
9731 7513
9732 7514
9733 7515
9734 7516
9735 7517
9736 7518
9737 7519
9738 7520
9739 7521
9740 7522
9741 7523
9742 7524
9744 7525
9745 7526
9746 7527
9748 7528
9749 7529
9751 7530
9752 7531
9753 7532
9754 7533
9755 7534
9756 7535
9757 7536
9758 7537
9759 7538
9760 7539
9761 7540
9763 7541
9764 7542
9765 7543
9766 7544
9767 7545
9768 7546
9769 7547
9770 7548
9771 7549
9772 7550
9773 7551
9774 7552
9775 7553
9776 7554
9777 7555
9778 7556
9779 7557
9780 7558
9859 7558
9781 7559
9782 7560
9783 7561
9784 7562
9785 7563
9786 7564
9787 7565
9788 7566
9789 7567
9790 7568
9791 7569
9792 7570
9793 7571
9794 7572
9795 7573
9796 7574
9797 7575
9798 7576
9799 7577
9800 7578
9801 7579
9802 7580
9803 7581
9804 7582
9805 7583
9806 7584
9807 7585
9808 7586
9809 7587
9810 7588
9811 7589
9812 7590
9813 7591
9814 7592
9815 7593
9816 7594
9817 7595
9818 7596
9819 7597
9820 7598
9821 7599
9822 7600
9823 7601
9824 7602
9825 7603
9826 7604
9827 7605
9828 7606
9829 7607
9830 7608
9831 7609
9832 7610
9833 7611
9834 7612
9835 7613
9836 7614
9837 7615
9838 7616
9840 7617
9841 7618
9843 7619
9844 7620
9845 7621
9846 7622
9847 7623
9848 7624
9849 7625
9850 7626
9852 7627
9853 7628
9854 7629
9855 7630
9857 7631
9858 7632
9860 7633
9861 7634
9862 7635
9863 7636
9864 7637
9865 7638
9866 7639
9867 7640
9868 7641
9869 7642
9870 7643
9871 7644
9872 7645
9873 7646
9874 7647
9875 7648
9876 7649
9878 7650
9879 7651
9880 7652
9881 7653
9882 7654
9883 7655
9884 7656
9885 7657
9886 7658
9887 7659
9888 7660
9889 7661
9890 7662
9891 7663
9892 7664
9893 7665
9894 7666
9895 7667
9896 7668
9897 7669
9898 7670
9899 7671
9900 7672
9901 7673
9902 7674
9903 7675
9904 7676
9905 7677
9906 7678
9907 7679
9908 7680
9909 7681
9910 7682
9911 7683
9912 7684
9913 7685
9914 7686
9915 7687
9916 7688
9917 7689
9918 7690
9919 7691
9920 7692
9921 7693
9922 7694
9923 7695
9924 7696
9925 7697
9926 7698
9927 7699
9928 7700
9929 7701
9930 7702
9931 7703
9932 7704
9933 7705
9934 7706
9935 7707
9936 7708
9937 7709
9938 7710
9939 7711
9940 7712
9941 7713
9942 7714
9943 7715
9944 7716
9945 7717
9946 7718
9947 7719
9948 7720
9949 7721
9950 7722
9951 7723
9952 7724
9953 7725
9954 7726
9955 7727
9957 7728
9958 7729
9959 7730
9960 7731
9961 7732
9962 7733
9963 7734
9964 7735
9965 7736
9966 7737
9967 7738
9968 7739
9969 7740
9970 7741
9971 7742
9972 7743
9973 7744
9974 7745
9975 7746
9976 7747
9977 7748
9978 7749
9979 7750
9980 7751
9981 7752
9982 7753
9983 7754
9984 7755
9985 7756
9986 7757
9988 7758
9990 7759
9992 7760
9993 7761
9995 7762
9996 7763
