0 0
1 1
2 1
5 1
8 1
460 1
3 2
4 2
6 2
7 2
9 3
10 4
11 5
12 6
13 6
14 6
15 6
16 7
17 8
18 9
19 10
20 11
21 12
22 13
23 14
24 15
25 15
26 15
27 16
430 16
28 17
495 17
29 18
30 19
742 19
31 20
32 21
33 22
3500 22
34 23
35 24
36 25
37 26
38 27
39 28
752 28
5164 28
7275 28
40 29
904 29
41 30
288 30
42 31
936 31
43 32
44 33
45 34
46 35
422 35
47 36
48 37
782 37
49 38
815 38
50 39
924 39
51 40
52 41
681 41
53 42
54 43
55 44
657 44
56 45
4106 45
57 46
188 46
58 47
59 48
60 49
61 50
62 51
647 51
63 52
916 52
64 53
1185 53
65 54
66 55
67 56
68 57
69 58
70 59
71 60
1613 60
72 61
73 62
655 62
801 62
74 63
802 63
75 64
3837 64
76 65
77 66
78 67
1528 67
4447 67
4951 67
79 68
80 69
81 70
82 71
83 72
3858 72
84 73
85 74
86 75
87 76
798 76
88 77
89 78
90 79
91 80
92 81
93 82
94 83
95 84
339 84
4459 84
6745 84
96 85
97 86
764 86
98 87
5491 87
7672 87
99 88
100 89
675 89
772 89
1855 89
4821 89
101 90
102 91
103 92
104 93
105 94
106 95
107 96
108 97
109 98
110 99
111 100
7538 100
112 101
113 102
114 103
115 104
116 105
117 106
127 106
118 107
119 108
120 109
121 110
122 111
123 112
124 113
3789 113
4733 113
125 114
126 115
128 116
129 117
4818 117
130 118
692 118
131 119
132 120
133 121
134 122
135 123
136 124
137 125
138 126
139 127
3610 127
5148 127
6428 127
140 128
141 129
142 130
9839 130
143 131
144 132
145 133
146 134
147 135
148 136
149 137
1215 137
150 138
151 139
152 140
153 141
154 142
155 143
156 144
157 145
158 146
159 147
160 148
161 149
162 150
163 151
164 152
165 153
166 154
167 155
168 156
169 157
1379 157
170 158
171 159
172 160
173 161
174 162
175 163
176 164
177 165
178 166
179 167
180 168
181 169
182 170
925 170
183 171
4307 171
184 172
185 173
4621 173
186 174
187 175
189 176
190 177
191 178
192 179
294 179
193 180
194 181
195 182
196 183
4466 183
4875 183
7537 183
9444 183
197 184
198 185
7257 185
199 186
200 187
4769 187
201 188
202 189
203 190
271 190
863 190
204 191
205 192
206 193
207 194
208 195
209 196
325 196
210 197
211 198
212 199
213 200
214 201
215 202
216 203
217 204
9091 204
218 205
219 206
220 207
221 208
222 209
223 210
446 210
224 211
225 212
226 213
227 214
4768 214
228 215
229 216
4565 216
8226 216
230 217
231 218
232 219
233 220
234 221
235 222
236 223
237 224
789 224
238 225
239 226
240 227
241 228
242 229
243 230
244 231
245 232
4338 232
246 233
448 233
247 234
3348 234
248 235
249 236
250 237
251 238
252 239
253 240
254 241
4356 241
255 242
256 243
269 243
257 244
258 245
259 246
915 246
260 247
4370 247
261 248
262 249
263 250
264 251
265 252
3805 252
266 253
267 254
330 254
670 254
268 255
270 256
272 257
273 258
336 258
805 258
274 259
3826 259
5146 259
275 260
3430 260
276 261
277 262
278 263
279 264
280 265
281 266
282 267
283 268
284 269
285 270
286 271
651 271
287 272
2933 272
289 273
290 274
291 275
292 276
293 277
416 277
7315 277
7934 277
295 278
296 279
297 280
298 281
715 281
299 282
300 283
6204 283
301 284
302 285
303 286
821 286
2844 286
304 287
305 288
306 289
307 290
308 291
309 292
310 293
311 294
312 295
313 296
4754 296
8011 296
314 297
315 298
316 299
317 300
592 300
4609 300
4610 300
318 301
319 302
320 303
321 304
322 305
323 306
7207 306
324 307
3869 307
5156 307
326 308
327 309
328 310
329 311
331 312
332 313
333 314
334 315
5241 315
7993 315
335 316
850 316
867 316
337 317
338 318
340 319
341 320
342 321
343 322
6683 322
344 323
589 323
345 324
346 325
705 325
347 326
348 327
349 328
350 329
351 330
3110 330
352 331
353 332
354 333
355 334
356 335
357 336
358 337
359 338
360 339
361 340
362 341
363 342
364 343
365 344
366 345
367 346
368 347
369 348
370 349
371 350
372 351
373 352
550 352
374 353
375 354
376 355
377 356
378 357
458 357
379 358
380 359
381 360
382 361
383 362
384 363
7270 363
385 364
386 365
387 366
388 367
389 368
390 369
391 370
459 370
462 370
540 370
548 370
842 370
392 371
393 372
3155 372
394 373
395 374
396 375
397 376
398 377
399 378
400 379
535 379
3419 379
3420 379
5923 379
401 380
402 381
4301 381
403 382
404 383
5090 383
405 384
406 385
407 386
408 387
409 388
410 389
411 390
412 391
413 392
414 393
415 394
417 395
418 396
419 397
420 398
421 399
423 400
4306 400
424 401
425 402
426 403
427 404
428 405
429 406
431 407
432 408
2166 408
433 409
434 410
750 410
435 411
436 412
437 413
438 414
9392 414
439 415
587 415
440 416
441 417
4305 417
442 418
443 419
444 420
445 421
447 422
449 423
450 424
451 425
452 426
453 427
454 428
3946 428
455 429
456 430
457 431
461 432
785 432
463 433
464 434
465 435
466 436
467 437
468 438
469 439
470 440
471 441
472 442
473 443
824 443
474 444
475 445
590 445
476 446
477 447
756 447
478 448
3865 448
479 449
480 450
481 451
482 452
483 453
484 454
485 455
486 456
3170 456
487 457
488 458
2935 458
489 459
490 460
491 461
492 462
493 463
494 464
496 465
497 466
498 467
499 468
500 469
2725 469
501 470
502 471
503 472
504 473
505 474
506 475
507 476
508 477
1623 477
509 478
510 479
511 480
512 481
513 482
514 483
515 484
516 485
517 486
518 487
519 488
520 489
521 490
522 491
523 492
524 493
525 494
526 495
527 496
528 497
529 498
530 499
531 500
532 501
533 502
534 503
536 504
537 505
538 506
539 507
541 508
542 509
543 510
3445 510
5612 510
544 511
545 512
546 513
547 514
549 515
4616 515
551 516
552 517
2163 517
3899 517
553 518
3339 518
554 519
3857 519
555 520
4318 520
556 521
557 522
558 523
559 524
2939 524
560 525
5150 525
561 526
562 527
563 528
564 529
565 530
566 531
567 532
568 533
569 534
570 535
571 536
572 537
573 538
574 539
575 540
576 541
5250 541
7087 541
8823 541
577 542
578 543
579 544
580 545
581 546
582 547
9137 547
583 548
584 549
585 550
586 551
588 552
591 553
4893 553
593 554
594 555
595 556
596 557
716 557
758 557
873 557
597 558
598 559
599 560
826 560
600 561
3303 561
601 562
3807 562
602 563
603 564
604 565
605 566
606 567
4766 567
607 568
608 569
841 569
609 570
610 571
754 571
611 572
612 573
613 574
614 575
615 576
616 577
617 578
618 579
619 580
620 581
621 582
622 583
623 584
624 585
625 586
626 587
627 588
628 589
629 590
2895 590
630 591
631 592
632 593
633 594
634 595
635 596
636 597
637 598
4844 598
638 599
639 600
640 601
641 602
642 603
643 604
644 605
645 606
646 607
648 608
3112 608
649 609
650 610
761 610
652 611
653 612
654 613
4740 613
656 614
658 615
659 616
660 617
661 618
662 619
663 620
664 621
665 622
666 623
3780 623
667 624
668 625
669 626
671 627
672 628
673 629
674 630
676 631
677 632
678 633
679 634
680 635
682 636
683 637
684 638
685 639
686 640
687 641
688 642
852 642
689 643
5617 643
8584 643
690 644
691 645
693 646
694 647
9252 647
695 648
6448 648
696 649
697 650
698 651
699 652
700 653
701 654
702 655
3388 655
703 656
704 657
706 658
707 659
708 660
709 661
710 662
711 663
712 664
713 665
714 666
3852 666
717 667
718 668
2934 668
719 669
720 670
721 671
722 672
723 673
724 674
3357 674
725 675
726 676
727 677
728 678
729 679
730 680
3835 680
731 681
732 682
733 683
734 684
735 685
3823 685
736 686
737 687
738 688
739 689
740 690
741 691
743 692
744 693
745 694
746 695
747 696
748 697
749 698
751 699
4586 699
753 700
755 701
757 702
759 703
760 704
762 705
763 706
765 707
3169 707
4767 707
766 708
767 709
768 710
769 711
2431 711
770 712
771 713
773 714
774 715
775 716
776 717
777 718
778 719
779 720
780 721
781 722
783 723
784 724
786 725
787 726
788 727
790 728
791 729
792 730
3874 730
793 731
794 732
795 733
846 733
796 734
797 735
799 736
800 737
6189 737
803 738
804 739
806 740
807 741
808 742
809 743
810 744
7308 744
811 745
812 746
813 747
814 748
816 749
822 749
817 750
818 751
819 752
820 753
823 754
825 755
827 756
828 757
829 758
830 759
831 760
832 761
833 762
834 763
835 764
836 765
837 766
838 767
839 768
840 769
843 770
5962 770
844 771
5815 771
845 772
847 773
848 774
849 775
851 776
853 777
854 778
855 779
856 780
857 781
858 782
888 782
859 783
860 784
861 785
5035 785
5228 785
862 786
864 787
865 788
866 789
868 790
869 791
4760 791
870 792
871 793
872 794
874 795
875 796
876 797
877 798
878 799
879 800
880 801
901 801
881 802
882 803
883 804
884 805
885 806
886 807
887 808
1244 808
889 809
890 810
891 811
892 812
893 813
894 814
895 815
896 816
897 817
898 818
899 819
900 820
902 821
4313 821
903 822
905 823
906 824
907 825
908 826
909 827
910 828
911 829
6748 829
912 830
913 831
914 832
3167 832
917 833
918 834
919 835
920 836
921 837
922 838
923 839
926 840
927 841
5623 841
7210 841
928 842
929 843
930 844
931 845
932 846
933 847
934 848
935 849
937 850
938 851
939 852
940 853
1492 853
941 854
942 855
943 856
944 857
5512 857
945 858
946 859
947 860
948 861
949 862
950 863
951 864
952 865
953 866
7963 866
7964 866
8081 866
8082 866
954 867
5700 867
955 868
1386 868
1562 868
2842 868
956 869
957 870
958 871
959 872
960 873
2507 873
961 874
962 875
2059 875
963 876
964 877
965 878
966 879
967 880
968 881
1813 881
969 882
970 883
971 884
972 885
973 886
974 887
975 888
976 889
5531 889
977 890
978 891
979 892
980 893
3760 893
981 894
982 895
983 896
984 897
6507 897
8152 897
985 898
986 899
8777 899
987 900
988 901
989 902
990 903
991 904
1709 904
2112 904
2817 904
992 905
4759 905
993 906
994 907
995 908
996 909
997 910
998 911
999 912
1000 913
1001 914
1002 915
1003 916
1311 916
1004 917
1005 918
1006 919
1007 920
1008 921
1009 922
1010 923
1011 924
1012 925
1013 926
1014 927
1929 927
1015 928
1016 929
3934 929
1017 930
1018 931
1019 932
1020 933
5567 933
6561 933
1021 934
1022 935
1023 936
1024 937
1025 938
1026 939
1027 940
1028 941
1029 942
1030 943
1031 944
1032 945
3779 945
1033 946
1034 947
1035 948
1036 949
1037 950
2365 950
1038 951
1039 952
1040 953
1041 954
1042 955
1043 956
1044 957
8709 957
1045 958
7386 958
1046 959
1047 960
1048 961
1049 962
1050 963
1051 964
1052 965
1053 966
2325 966
1054 967
5492 967
1055 968
2720 968
1056 969
1057 970
1058 971
1059 972
1060 973
1061 974
1352 974
1062 975
2763 975
1063 976
1064 977
1065 978
2424 978
2435 978
1066 979
7465 979
1067 980
1068 981
1069 982
1070 983
1071 984
1072 985
4820 985
1073 986
3042 986
1074 987
1883 987
1075 988
1223 988
1631 988
4679 988
1076 989
1729 989
1077 990
1078 991
1079 992
1080 993
2097 993
1081 994
1082 995
1083 996
1084 997
1085 998
1086 999
1087 1000
1088 1001
2359 1001
1089 1002
1090 1003
1091 1004
1092 1005
1093 1006
1094 1007
1095 1008
2773 1008
1096 1009
1097 1010
1098 1011
1099 1012
1100 1013
1101 1014
1828 1014
1102 1015
1103 1016
1104 1017
1105 1018
1106 1019
1107 1020
1108 1021
2693 1021
1109 1022
1110 1023
1111 1024
1112 1025
1113 1026
1114 1027
1115 1028
1116 1029
1117 1030
1118 1031
1609 1031
1119 1032
1120 1033
2973 1033
1121 1034
1122 1035
1529 1035
1123 1036
2041 1036
1124 1037
1125 1038
2470 1038
1126 1039
1127 1040
1128 1041
1129 1042
5961 1042
1130 1043
1131 1044
1132 1045
1320 1045
1133 1046
1134 1047
1135 1048
8848 1048
1136 1049
2976 1049
1137 1050
1138 1051
2658 1051
1139 1052
1140 1053
2080 1053
1141 1054
1142 1055
1143 1056
1144 1057
1145 1058
1472 1058
2459 1058
1146 1059
1147 1060
1148 1061
1587 1061
2529 1061
5773 1061
1149 1062
1150 1063
1151 1064
1152 1065
1153 1066
1154 1067
1155 1068
1156 1069
1913 1069
2208 1069
2755 1069
1157 1070
1158 1071
1159 1072
1160 1073
1903 1073
2386 1073
2648 1073
1161 1074
1162 1075
1841 1075
1163 1076
2502 1076
1164 1077
1165 1078
1166 1079
1167 1080
1168 1081
1435 1081
5537 1081
1169 1082
1170 1083
1171 1084
1172 1085
1173 1086
1174 1087
1914 1087
1175 1088
2347 1088
1176 1089
1415 1089
1177 1090
1950 1090
1178 1091
1179 1092
1180 1093
2709 1093
1181 1094
1182 1095
2086 1095
1183 1096
1184 1097
1186 1098
1187 1099
1188 1100
1189 1101
1190 1102
1191 1103
8533 1103
1192 1104
1193 1105
1194 1106
2073 1106
1195 1107
1196 1108
1197 1109
1198 1110
1199 1111
1200 1112
1201 1113
1454 1113
1202 1114
1203 1115
1204 1116
1205 1117
1206 1118
1207 1119
1208 1120
1209 1121
1210 1122
1211 1123
1212 1124
1213 1125
1214 1126
1216 1127
1217 1128
1218 1129
1219 1130
1220 1131
2433 1131
1221 1132
1222 1133
1224 1134
1225 1135
1226 1136
1227 1137
2060 1137
2374 1137
1228 1138
1229 1139
1230 1140
1231 1141
2114 1141
1232 1142
1233 1143
1420 1143
1234 1144
1235 1145
2087 1145
1236 1146
1237 1147
1238 1148
1239 1149
5543 1149
1240 1150
1241 1151
1242 1152
1243 1153
1245 1154
1246 1155
1712 1155
1247 1156
1248 1157
1249 1158
1250 1159
2381 1159
1251 1160
1252 1161
2782 1161
1253 1162
1254 1163
4757 1163
5615 1163
9499 1163
1255 1164
5536 1164
1256 1165
1257 1166
1258 1167
1259 1168
1260 1169
1261 1170
1262 1171
1373 1171
1263 1172
1966 1172
1264 1173
1265 1174
1266 1175
1267 1176
1424 1176
1268 1177
1269 1178
1270 1179
2591 1179
1271 1180
1272 1181
1273 1182
1274 1183
1275 1184
2025 1184
2557 1184
1276 1185
5493 1185
1277 1186
1278 1187
1279 1188
2203 1188
1280 1189
1281 1190
1282 1191
1283 1192
1284 1193
1285 1194
2202 1194
1286 1195
5530 1195
1287 1196
1288 1197
1289 1198
1290 1199
1291 1200
1292 1201
1293 1202
1294 1203
1295 1204
1790 1204
1296 1205
1297 1206
1298 1207
1299 1208
1300 1209
3441 1209
1301 1210
1302 1211
1303 1212
1304 1213
1305 1214
1321 1214
1306 1215
1307 1216
1308 1217
1309 1218
1310 1219
1312 1220
1313 1221
1314 1222
1315 1223
1316 1224
1317 1225
1318 1226
1319 1227
1322 1228
1323 1229
1324 1230
1325 1231
1326 1232
1327 1233
1328 1234
1329 1235
1330 1236
1331 1237
1332 1238
1333 1239
1334 1240
1335 1241
1336 1242
6076 1242
1337 1243
1338 1244
5830 1244
1339 1245
1340 1246
1341 1247
2478 1247
3044 1247
1342 1248
1343 1249
5254 1249
9503 1249
1344 1250
1345 1251
1346 1252
1347 1253
2214 1253
1348 1254
1667 1254
5824 1254
1349 1255
1350 1256
1351 1257
1353 1258
1354 1259
1355 1260
1715 1260
1356 1261
1661 1261
1357 1262
1358 1263
1359 1264
2142 1264
2647 1264
1360 1265
3777 1265
1361 1266
1362 1267
2750 1267
1363 1268
1364 1269
1365 1270
1366 1271
1367 1272
1368 1273
1369 1274
1370 1275
2181 1275
1371 1276
2189 1276
2818 1276
1372 1277
1374 1278
1540 1278
1375 1279
1376 1280
1377 1281
1378 1282
1380 1283
1381 1284
1382 1285
1383 1286
1695 1286
1384 1287
1385 1288
1387 1289
1388 1290
2493 1290
2575 1290
1389 1291
1390 1292
2678 1292
1391 1293
1392 1294
6775 1294
1393 1295
1394 1296
1395 1297
1396 1298
1397 1299
1398 1300
1399 1301
2542 1301
1400 1302
2032 1302
1401 1303
1402 1304
5538 1304
1403 1305
1404 1306
1405 1307
1943 1307
1406 1308
1407 1309
1408 1310
2199 1310
2612 1310
1409 1311
1410 1312
1411 1313
1412 1314
1413 1315
1414 1316
1416 1317
1417 1318
1882 1318
2437 1318
1418 1319
4762 1319
1419 1320
1421 1321
1422 1322
1423 1323
1425 1324
1426 1325
1427 1326
1464 1326
1500 1326
2343 1326
5544 1326
5545 1326
5720 1326
5851 1326
1428 1327
1429 1328
1430 1329
1431 1330
3801 1330
7966 1330
1432 1331
1433 1332
1434 1333
1436 1334
1437 1335
2292 1335
1438 1336
1439 1337
1440 1338
1441 1339
4302 1339
8200 1339
1442 1340
1443 1341
1444 1342
1445 1343
4343 1343
1446 1344
1447 1345
1448 1346
2289 1346
1449 1347
1450 1348
1451 1349
1452 1350
1453 1351
5995 1351
1455 1352
7633 1352
1456 1353
1523 1353
2445 1353
5719 1353
1457 1354
1458 1355
1459 1356
1460 1357
1461 1358
1462 1359
4852 1359
1463 1360
1465 1361
1466 1362
1467 1363
1468 1364
1469 1365
1470 1366
1471 1367
7756 1367
1473 1368
1474 1369
1475 1370
1476 1371
1477 1372
1478 1373
1479 1374
1480 1375
1481 1376
1482 1377
1483 1378
1484 1379
1485 1380
4942 1380
5958 1380
1486 1381
1487 1382
1488 1383
1489 1384
1490 1385
1491 1386
1493 1387
1494 1388
1495 1389
6238 1389
7351 1389
1496 1390
1689 1390
1497 1391
1498 1392
6236 1392
7507 1392
1499 1393
1501 1394
1502 1395
1783 1395
3887 1395
9580 1395
9632 1395
9633 1395
9638 1395
1503 1396
1766 1396
3626 1396
1504 1397
1505 1398
1506 1399
1507 1400
1508 1401
1509 1402
1510 1403
1511 1404
1512 1405
4997 1405
1513 1406
1514 1407
1515 1408
1516 1409
1517 1410
4758 1410
1518 1411
3699 1411
1519 1412
1520 1413
1521 1414
1522 1415
2724 1415
1524 1416
1525 1417
1526 1418
1527 1419
1910 1419
1530 1420
1531 1421
1532 1422
1533 1423
1534 1424
1535 1425
1536 1426
1537 1427
1538 1428
1539 1429
1541 1430
1542 1431
2992 1431
3685 1431
1543 1432
3875 1432
5145 1432
9338 1432
1544 1433
2409 1433
1545 1434
4940 1434
1546 1435
1547 1436
1548 1437
1549 1438
1550 1439
1551 1440
1552 1441
1553 1442
1554 1443
1555 1444
1556 1445
1557 1446
1558 1447
1559 1448
6233 1448
7416 1448
1560 1449
1561 1450
1563 1451
1564 1452
1565 1453
1566 1454
2061 1454
1567 1455
1568 1456
1569 1457
1570 1458
1571 1459
1572 1460
1573 1461
1574 1462
1575 1463
1576 1464
3954 1464
1577 1465
1578 1466
1579 1467
1580 1468
1581 1469
1582 1470
5084 1470
1583 1471
1584 1472
1585 1473
1586 1474
1635 1474
2043 1474
3819 1474
3820 1474
1588 1475
1589 1476
1590 1477
1591 1478
8338 1478
1592 1479
1593 1480
1594 1481
1595 1482
1596 1483
1597 1484
1598 1485
1599 1486
1600 1487
1601 1488
1602 1489
3676 1489
6234 1489
7417 1489
1603 1490
1604 1491
1605 1492
1606 1493
3692 1493
1607 1494
1608 1495
1610 1496
1611 1497
4863 1497
1612 1498
1614 1499
1615 1500
1616 1501
1617 1502
1618 1503
1619 1504
1620 1505
1621 1506
1622 1507
1624 1508
1625 1509
1626 1510
1627 1511
1628 1512
1629 1513
1646 1513
1687 1513
2303 1513
2699 1513
1630 1514
1632 1515
4396 1515
1633 1516
1634 1517
1636 1518
1637 1519
1638 1520
4772 1520
1639 1521
1640 1522
2314 1522
1641 1523
2315 1523
2779 1523
1642 1524
1643 1525
1644 1526
1645 1527
1647 1528
1648 1529
1931 1529
1649 1530
1650 1531
1651 1532
1652 1533
1653 1534
1654 1535
1655 1536
2748 1536
1656 1537
1657 1538
2017 1538
1658 1539
1659 1540
1660 1541
1662 1542
1663 1543
1664 1544
1665 1545
1666 1546
1668 1547
1880 1547
2515 1547
2747 1547
1669 1548
1670 1549
1671 1550
1672 1551
4771 1551
1673 1552
1674 1553
1675 1554
1676 1555
1677 1556
1678 1557
1679 1558
1680 1559
1681 1560
1682 1561
5525 1561
1683 1562
1684 1563
1685 1564
1686 1565
5599 1565
1688 1566
1690 1567
1691 1568
1692 1569
1693 1570
1694 1571
1696 1572
1697 1573
1698 1574
1699 1575
1700 1576
1701 1577
1702 1578
1703 1579
1704 1580
1705 1581
1706 1582
3463 1582
1707 1583
1708 1584
1710 1585
2802 1585
1711 1586
5278 1586
1713 1587
1714 1588
1716 1589
1717 1590
1718 1591
1975 1591
1719 1592
2799 1592
1720 1593
1721 1594
4727 1594
9559 1594
1722 1595
1723 1596
1724 1597
1725 1598
1726 1599
1727 1600
1728 1601
1730 1602
1731 1603
1732 1604
1733 1605
3031 1605
1734 1606
1735 1607
1736 1608
3871 1608
1737 1609
1738 1610
1739 1611
1740 1612
1741 1613
1742 1614
2569 1614
1743 1615
1744 1616
1745 1617
1746 1618
1747 1619
1748 1620
1749 1621
1750 1622
1751 1623
3876 1623
5113 1623
1752 1624
1753 1625
1754 1626
1755 1627
1756 1628
1757 1629
1758 1630
1759 1631
1760 1632
1761 1633
1762 1634
1763 1635
1830 1635
5540 1635
1764 1636
1765 1637
1767 1638
1768 1639
1769 1640
1770 1641
1771 1642
1772 1643
1773 1644
1774 1645
1775 1646
1776 1647
2397 1647
1777 1648
1778 1649
1779 1650
1780 1651
1781 1652
1782 1653
1784 1654
1911 1654
2037 1654
1785 1655
1786 1656
1787 1657
1788 1658
1789 1659
1791 1660
1792 1661
2197 1661
1793 1662
1794 1663
1795 1664
1796 1665
1797 1666
1798 1667
1799 1668
1981 1668
1800 1669
1801 1670
1802 1671
1803 1672
1804 1673
1805 1674
1806 1675
1807 1676
1808 1677
1809 1678
9842 1678
1810 1679
1811 1680
1812 1681
1814 1682
1815 1683
4224 1683
1816 1684
1817 1685
1818 1686
5534 1686
1819 1687
1820 1688
1821 1689
1822 1690
1823 1691
1824 1692
1825 1693
1826 1694
1827 1695
2453 1695
1829 1696
5291 1696
1831 1697
1832 1698
1833 1699
1834 1700
1835 1701
1836 1702
1837 1703
1838 1704
1839 1705
1840 1706
1842 1707
1843 1708
3958 1708
1844 1709
2392 1709
6245 1709
6246 1709
7421 1709
7445 1709
1845 1710
1846 1711
1847 1712
1848 1713
1849 1714
1850 1715
1851 1716
5732 1716
1852 1717
1853 1718
1854 1719
1856 1720
1857 1721
1858 1722
1859 1723
1860 1724
1861 1725
2744 1725
1862 1726
2985 1726
1863 1727
1864 1728
1865 1729
1866 1730
1867 1731
1868 1732
1869 1733
1870 1734
6328 1734
9856 1734
1871 1735
1872 1736
1873 1737
1874 1738
1932 1738
2102 1738
6324 1738
1875 1739
1876 1740
1877 1741
1878 1742
1879 1743
1881 1744
1884 1745
4934 1745
1885 1746
1886 1747
1887 1748
1888 1749
1889 1750
1890 1751
1891 1752
1892 1753
1893 1754
1894 1755
1895 1756
1896 1757
1897 1758
1898 1759
1899 1760
1900 1761
1901 1762
1902 1763
1904 1764
3873 1764
5070 1764
1905 1765
8092 1765
1906 1766
1976 1766
1907 1767
1908 1768
1909 1769
1912 1770
1915 1771
1916 1772
1917 1773
1918 1774
1919 1775
1920 1776
1921 1777
1922 1778
1923 1779
1924 1780
1925 1781
1926 1782
1927 1783
1928 1784
1930 1785
1933 1786
1934 1787
1935 1788
1936 1789
1937 1790
2291 1790
3147 1790
1938 1791
1939 1792
1940 1793
1941 1794
5523 1794
1942 1795
1944 1796
1945 1797
1946 1798
1947 1799
1948 1800
1949 1801
1951 1802
9747 1802
1952 1803
1953 1804
1954 1805
2764 1805
1955 1806
1956 1807
1957 1808
1958 1809
1959 1810
1960 1811
9133 1811
1961 1812
1962 1813
1963 1814
1964 1815
1965 1816
1967 1817
1968 1818
1969 1819
1970 1820
1971 1821
1972 1822
1973 1823
1974 1824
1977 1825
1978 1826
1979 1827
1980 1828
4717 1828
1982 1829
1983 1830
1984 1831
1985 1832
1986 1833
4439 1833
5317 1833
5624 1833
7081 1833
1987 1834
9315 1834
1988 1835
1989 1836
1990 1837
1991 1838
1992 1839
1993 1840
1994 1841
1995 1842
1996 1843
2336 1843
1997 1844
1998 1845
1999 1846
2000 1847
2001 1848
2002 1849
2003 1850
2004 1851
2005 1852
2006 1853
2616 1853
2695 1853
2007 1854
4938 1854
2008 1855
2009 1856
2010 1857
2011 1858
2012 1859
2013 1860
2014 1861
2015 1862
8914 1862
2016 1863
3956 1863
2018 1864
2019 1865
2020 1866
2070 1866
2021 1867
2022 1868
2171 1868
2023 1869
2024 1870
2974 1870
4234 1870
2026 1871
2027 1872
2028 1873
5446 1873
2029 1874
2030 1875
2031 1876
2033 1877
2034 1878
2035 1879
2036 1880
2038 1881
2039 1882
2040 1883
2042 1884
2044 1885
2045 1886
2046 1887
2047 1888
2048 1889
2049 1890
2050 1891
2051 1892
2052 1893
2053 1894
4400 1894
2054 1895
2055 1896
2056 1897
5494 1897
2057 1898
2058 1899
2062 1900
2063 1901
2064 1902
2065 1903
2066 1904
2067 1905
2068 1906
2069 1907
2071 1908
2072 1909
2215 1909
2074 1910
7348 1910
7519 1910
2075 1911
2076 1912
2077 1913
2078 1914
2079 1915
2081 1916
2082 1917
2083 1918
2084 1919
2085 1920
2088 1921
2089 1922
2090 1923
8467 1923
2091 1924
2092 1925
2093 1926
2094 1927
4547 1927
2095 1928
2096 1929
2098 1930
3106 1930
3817 1930
7984 1930
2099 1931
2100 1932
2290 1932
2101 1933
2103 1934
2104 1935
2105 1936
2106 1937
2107 1938
2317 1938
2108 1939
2109 1940
2110 1941
2111 1942
2113 1943
2115 1944
2116 1945
2117 1946
2118 1947
2119 1948
2120 1949
2121 1950
2122 1951
2123 1952
2124 1953
2125 1954
2126 1955
2127 1956
2128 1957
2129 1958
3802 1958
8084 1958
2130 1959
2131 1960
2132 1961
2358 1961
2133 1962
2134 1963
2135 1964
2136 1965
2137 1966
2138 1967
2139 1968
2140 1969
2141 1970
2143 1971
2144 1972
2145 1973
2146 1974
2737 1974
2147 1975
2148 1976
2149 1977
2150 1978
2151 1979
2152 1980
2489 1980
2153 1981
2154 1982
2155 1983
2156 1984
2157 1985
2158 1986
2159 1987
2160 1988
2161 1989
2162 1990
2164 1991
2165 1992
2167 1993
2168 1994
2169 1995
2170 1996
2172 1997
2173 1998
2174 1999
2175 2000
2176 2001
2177 2002
2178 2003
2179 2004
2180 2005
2182 2006
2183 2007
2184 2008
2185 2009
2219 2009
2186 2010
2187 2011
5772 2011
2188 2012
2338 2012
2190 2013
2191 2014
2192 2015
2193 2016
2194 2017
2195 2018
2196 2019
2198 2020
2337 2020
2200 2021
2201 2022
5226 2022
2204 2023
5171 2023
2205 2024
2206 2025
2207 2026
2209 2027
2210 2028
2211 2029
2212 2030
2213 2031
2216 2032
2217 2033
2218 2034
2220 2035
2221 2036
2222 2037
5533 2037
2223 2038
2224 2039
2225 2040
2480 2040
2226 2041
2227 2042
3961 2042
5332 2042
2228 2043
2229 2044
2230 2045
2231 2046
2232 2047
2233 2048
2234 2049
5496 2049
2235 2050
2236 2051
2237 2052
2238 2053
2239 2054
2240 2055
2241 2056
2242 2057
2243 2058
2244 2059
2245 2060
2246 2061
2247 2062
2248 2063
2249 2064
2250 2065
2251 2066
2252 2067
2253 2068
2254 2069
2255 2070
2321 2070
2256 2071
2605 2071
2257 2072
3847 2072
2258 2073
2259 2074
2260 2075
2261 2076
2262 2077
2263 2078
2264 2079
2265 2080
2266 2081
4680 2081
2267 2082
2268 2083
3878 2083
5213 2083
5269 2083
7625 2083
2269 2084
2270 2085
2271 2086
2272 2087
2273 2088
2274 2089
2361 2089
2275 2090
2276 2091
2277 2092
2278 2093
2279 2094
2280 2095
2281 2096
2282 2097
2563 2097
2283 2098
3756 2098
2284 2099
2285 2100
2286 2101
2287 2102
2288 2103
2293 2104
2294 2105
2295 2106
2296 2107
3468 2107
2297 2108
2298 2109
2299 2110
2300 2111
8475 2111
2301 2112
2302 2113
2304 2114
8368 2114
2305 2115
2306 2116
2307 2117
2308 2118
2309 2119
2310 2120
2311 2121
2312 2122
2313 2123
2316 2124
2318 2125
2319 2126
2320 2127
2322 2128
2323 2129
2324 2130
2326 2131
2327 2132
2328 2133
2761 2133
2329 2134
2330 2135
8186 2135
2331 2136
2332 2137
2333 2138
2334 2139
2335 2140
2339 2141
2340 2142
2341 2143
2342 2144
2344 2145
2345 2146
2346 2147
2348 2148
2349 2149
2350 2150
2351 2151
2547 2151
2352 2152
2353 2153
3829 2153
2354 2154
2355 2155
2356 2156
2357 2157
4735 2157
2360 2158
2362 2159
2363 2160
2364 2161
2366 2162
2367 2163
2368 2164
2369 2165
2370 2166
2371 2167
2372 2168
2373 2169
2375 2170
3957 2170
4941 2170
2376 2171
2377 2172
2378 2173
2379 2174
2380 2175
2382 2176
2383 2177
2384 2178
2385 2179
2387 2180
2388 2181
2389 2182
2390 2183
2391 2184
2393 2185
2394 2186
2395 2187
2396 2188
2398 2189
2399 2190
2400 2191
2401 2192
2402 2193
2403 2194
2404 2195
2405 2196
7532 2196
2406 2197
2407 2198
2408 2199
5598 2199
2410 2200
2411 2201
2412 2202
2413 2203
2414 2204
2415 2205
2416 2206
2417 2207
2418 2208
2966 2208
2419 2209
2420 2210
2421 2211
2422 2212
2423 2213
2425 2214
2426 2215
2427 2216
2428 2217
2429 2218
2430 2219
2432 2220
2434 2221
2436 2222
2438 2223
2439 2224
2440 2225
2441 2226
2442 2227
2443 2228
2444 2229
9126 2229
2446 2230
2447 2231
2448 2232
2449 2233
2450 2234
2451 2235
3955 2235
4939 2235
2452 2236
5845 2236
2454 2237
2455 2238
2456 2239
2457 2240
2458 2241
2460 2242
2461 2243
2462 2244
2463 2245
2464 2246
2465 2247
2466 2248
2467 2249
2886 2249
5614 2249
2468 2250
2469 2251
2471 2252
2472 2253
5696 2253
2473 2254
2474 2255
2475 2256
2476 2257
2477 2258
2479 2259
2481 2260
2482 2261
2483 2262
2500 2262
2484 2263
2485 2264
2486 2265
2487 2266
2488 2267
2490 2268
2491 2269
2492 2270
2494 2271
2495 2272
2496 2273
2497 2274
6237 2274
2498 2275
2499 2276
2501 2277
2503 2278
2504 2279
2505 2280
2506 2281
2508 2282
2509 2283
2510 2284
2511 2285
2512 2286
2513 2287
2514 2288
2516 2289
2517 2290
6232 2290
7278 2290
2518 2291
2519 2292
2520 2293
2521 2294
2522 2295
2523 2296
9143 2296
2524 2297
2525 2298
2526 2299
2527 2300
2528 2301
2530 2302
3825 2302
2531 2303
2532 2304
2533 2305
2534 2306
2535 2307
2536 2308
2537 2309
2538 2310
2539 2311
8526 2311
2540 2312
2541 2313
2543 2314
2544 2315
2545 2316
2546 2317
2548 2318
2549 2319
2550 2320
2551 2321
2552 2322
2553 2323
2554 2324
2555 2325
2556 2326
2558 2327
2559 2328
2560 2329
3959 2329
2561 2330
2562 2331
2564 2332
2565 2333
2566 2334
2567 2335
2568 2336
2570 2337
2571 2338
2572 2339
2573 2340
2574 2341
2576 2342
2577 2343
2578 2344
2579 2345
9239 2345
2580 2346
2581 2347
2582 2348
2583 2349
2584 2350
8017 2350
2585 2351
2586 2352
3016 2352
5825 2352
2587 2353
2588 2354
2589 2355
2590 2356
2592 2357
2593 2358
4708 2358
5695 2358
8188 2358
2594 2359
2595 2360
2596 2361
5105 2361
5229 2361
2597 2362
2598 2363
2599 2364
2600 2365
2601 2366
2602 2367
2603 2368
2604 2369
2606 2370
2607 2371
2608 2372
2609 2373
2610 2374
2611 2375
2613 2376
3960 2376
2614 2377
2615 2378
2617 2379
2618 2380
2619 2381
2620 2382
2621 2383
2622 2384
2623 2385
7080 2385
2624 2386
2727 2386
2625 2387
2626 2388
2627 2389
2628 2390
2629 2391
6230 2391
2630 2392
2631 2393
2632 2394
2633 2395
2634 2396
2635 2397
2636 2398
2637 2399
2638 2400
3678 2400
2639 2401
2640 2402
2641 2403
3185 2403
4227 2403
2642 2404
2643 2405
2644 2406
2645 2407
2646 2408
2649 2409
2650 2410
2651 2411
2652 2412
2653 2413
2654 2414
2655 2415
2656 2416
2657 2417
9269 2417
2659 2418
2660 2419
2661 2420
2662 2421
2806 2421
2663 2422
2664 2423
2665 2424
2666 2425
2667 2426
2668 2427
2669 2428
2670 2429
2858 2429
2671 2430
2672 2431
2673 2432
2674 2433
2675 2434
2676 2435
2677 2436
2679 2437
2680 2438
2681 2439
2682 2440
2683 2441
2684 2442
2685 2443
2686 2444
2687 2445
2688 2446
2689 2447
2690 2448
2691 2449
2692 2450
2694 2451
4770 2451
2696 2452
2697 2453
2698 2454
2700 2455
2701 2456
2702 2457
2703 2458
2704 2459
2705 2460
2833 2460
2706 2461
2707 2462
2708 2463
2710 2464
2711 2465
2712 2466
2713 2467
2714 2468
2715 2469
2716 2470
2717 2471
2718 2472
2719 2473
2721 2474
2722 2475
5022 2475
2723 2476
2726 2477
2728 2478
2729 2479
2730 2480
2731 2481
2732 2482
2733 2483
2734 2484
2735 2485
2736 2486
2738 2487
2739 2488
2740 2489
2741 2490
2742 2491
2830 2491
2743 2492
2745 2493
2746 2494
2749 2495
2751 2496
2752 2497
2753 2498
2754 2499
2756 2500
2757 2501
2758 2502
5513 2502
2759 2503
3877 2503
2760 2504
8760 2504
2762 2505
2765 2506
2766 2507
2767 2508
2957 2508
2768 2509
2769 2510
2770 2511
2771 2512
2772 2513
2774 2514
2775 2515
2776 2516
2777 2517
2778 2518
2780 2519
2781 2520
2783 2521
2784 2522
2785 2523
3309 2523
2786 2524
2787 2525
2788 2526
2789 2527
2790 2528
2791 2529
2792 2530
2793 2531
2794 2532
2795 2533
2796 2534
2797 2535
2798 2536
2800 2537
2801 2538
2803 2539
2804 2540
5596 2540
2805 2541
5714 2541
2807 2542
2808 2543
2809 2544
3183 2544
2810 2545
2811 2546
2812 2547
2813 2548
2814 2549
2815 2550
2816 2551
2819 2552
2820 2553
2821 2554
2822 2555
2823 2556
2824 2557
2825 2558
2826 2559
2827 2560
2828 2561
2829 2562
2831 2563
2832 2564
2834 2565
2835 2566
2836 2567
5541 2567
2837 2568
2838 2569
2839 2570
2840 2571
2841 2572
2843 2573
2845 2574
2846 2575
2847 2576
2848 2577
2849 2578
2850 2579
2851 2580
2852 2581
2853 2582
2854 2583
2855 2584
2856 2585
2857 2586
2859 2587
2860 2588
2861 2589
2862 2590
2863 2591
7996 2591
2864 2592
3693 2592
2865 2593
4734 2593
2866 2594
2867 2595
3118 2595
4745 2595
2868 2596
2869 2597
4724 2597
2870 2598
2871 2599
2872 2600
2873 2601
2972 2601
3017 2601
2874 2602
2875 2603
4626 2603
7550 2603
2876 2604
5263 2604
8264 2604
2877 2605
2878 2606
2879 2607
2880 2608
4747 2608
8364 2608
2881 2609
2882 2610
2883 2611
2884 2612
4923 2612
2885 2613
8005 2613
2887 2614
2888 2615
2889 2616
2994 2616
3040 2616
2890 2617
2891 2618
2892 2619
2893 2620
2894 2621
8126 2621
9557 2621
2896 2622
2897 2623
8208 2623
2898 2624
2899 2625
5078 2625
2900 2626
2901 2627
2902 2628
2903 2629
4155 2629
5191 2629
2904 2630
2905 2631
2906 2632
2907 2633
2908 2634
2909 2635
2910 2636
2911 2637
3133 2637
2912 2638
3048 2638
2913 2639
2914 2640
2915 2641
2916 2642
2917 2643
2918 2644
2919 2645
2920 2646
2921 2647
3859 2647
2922 2648
2923 2649
2924 2650
2925 2651
2926 2652
2927 2653
2928 2654
2929 2654
3654 2654
2930 2655
7937 2655
2931 2656
4729 2656
2932 2657
2936 2658
4935 2658
2937 2659
4936 2659
2938 2660
4937 2660
2940 2661
5331 2661
7476 2661
2941 2662
2942 2663
2943 2664
3456 2664
2944 2665
2945 2666
2946 2667
2947 2668
4943 2668
7757 2668
2948 2669
2949 2670
2952 2670
3053 2670
2950 2671
2951 2672
2953 2673
2954 2674
2955 2675
2956 2676
2958 2677
2959 2678
3055 2678
2960 2679
3479 2679
4588 2679
2961 2680
2962 2681
2963 2682
2964 2683
2965 2684
2967 2685
2968 2686
2969 2687
2970 2687
7967 2687
2971 2688
5182 2688
2975 2689
2977 2690
8479 2690
2978 2691
2979 2692
7970 2692
2980 2693
2981 2694
2982 2695
4723 2695
2983 2696
7941 2696
2984 2697
7943 2697
2986 2698
7942 2698
2987 2699
2988 2700
2989 2701
5133 2701
8205 2701
2990 2702
2991 2703
2993 2704
2995 2705
7982 2705
2996 2706
2997 2707
2998 2708
2999 2709
3000 2710
3001 2711
3002 2712
3003 2713
3004 2714
3005 2715
3006 2716
3007 2717
3008 2718
3009 2719
5091 2719
3010 2720
3011 2721
3012 2722
8132 2722
3013 2723
3014 2724
3015 2725
3018 2726
5163 2726
3019 2727
3020 2728
3021 2729
3022 2730
3023 2731
3024 2732
3025 2733
3026 2734
3027 2735
3028 2736
3029 2737
3030 2738
3032 2739
3033 2740
3067 2740
3034 2741
3035 2742
3036 2743
3037 2744
3038 2745
3039 2746
3041 2747
3043 2748
3045 2749
3046 2750
3047 2751
3049 2752
3050 2752
3051 2753
3052 2754
3054 2755
3056 2756
3057 2756
3058 2757
3059 2758
3060 2759
3061 2760
3062 2761
3063 2762
3064 2763
3065 2764
3066 2765
3068 2766
3069 2767
3070 2768
5224 2768
3071 2769
3072 2770
3073 2771
3074 2772
3075 2773
3076 2774
3077 2775
7946 2775
7947 2775
3078 2776
3079 2777
3080 2778
9541 2778
3081 2779
3082 2780
3083 2780
3084 2780
3085 2781
5142 2781
3086 2782
7954 2782
3087 2783
3088 2784
3089 2785
3090 2786
3091 2787
3092 2788
9526 2788
3093 2789
3094 2790
5165 2790
3095 2791
7965 2791
3096 2792
3097 2793
3098 2794
3099 2795
5141 2795
3100 2796
5232 2796
3101 2797
4738 2797
3102 2798
3103 2799
3104 2800
7980 2800
3105 2801
4741 2801
3107 2802
4113 2802
8274 2802
3108 2803
3109 2804
3111 2805
3611 2805
3113 2806
3114 2807
7988 2807
3115 2808
8095 2808
3116 2809
3117 2810
4744 2810
3119 2811
5255 2811
3120 2812
3121 2813
3122 2814
3123 2815
3124 2815
3125 2815
3126 2816
3127 2817
3128 2818
3129 2819
3850 2819
3130 2820
3131 2821
3132 2822
8018 2822
3134 2823
8209 2823
3135 2824
3136 2825
8145 2825
3137 2826
3138 2827
3139 2828
3140 2829
3141 2829
3142 2829
3853 2829
6712 2829
8021 2829
8148 2829
3143 2830
4761 2830
3144 2831
9553 2831
3145 2832
3146 2833
3148 2834
3149 2835
3150 2836
3151 2837
3152 2838
3153 2839
3154 2840
3156 2841
3157 2842
3158 2843
3159 2844
3160 2845
3161 2846
3162 2847
3163 2848
3164 2849
3165 2850
3166 2851
3168 2852
3171 2853
3172 2854
3173 2854
3174 2855
7342 2855
3175 2856
5124 2856
3176 2857
4946 2857
3177 2858
3178 2859
3179 2860
4947 2860
3180 2861
5336 2861
3181 2862
5341 2862
3182 2863
4566 2863
3184 2864
4229 2864
6429 2864
3186 2865
3187 2866
3188 2867
3189 2868
3190 2868
3191 2869
3192 2870
5646 2870
3193 2871
3194 2871
3195 2872
3196 2872
3197 2872
3200 2872
3198 2873
3199 2873
3202 2873
3203 2873
3201 2874
3204 2875
3205 2876
3206 2877
5669 2877
3207 2878
5057 2878
3208 2879
3209 2880
3210 2881
3211 2881
3212 2882
3213 2883
3214 2884
3215 2885
3216 2886
3217 2887
3218 2888
3219 2889
3220 2890
3221 2891
3222 2892
3223 2893
3224 2894
3225 2895
3226 2896
3227 2897
3228 2898
3229 2899
3230 2900
3231 2901
3232 2902
3233 2903
3234 2904
3235 2905
3236 2906
3237 2907
3238 2908
3239 2909
3240 2910
3241 2911
3242 2912
3243 2913
3244 2914
3245 2915
3246 2916
3247 2917
3248 2918
3249 2919
3250 2920
3251 2921
3252 2922
3253 2923
3254 2924
3255 2925
3256 2926
3257 2927
3258 2928
3259 2929
3260 2930
3261 2931
3262 2932
3263 2933
3264 2934
3265 2935
3266 2936
3267 2937
3268 2938
6072 2938
3269 2939
3270 2940
3271 2941
3272 2942
3273 2943
3274 2944
3275 2944
3276 2945
3277 2946
3278 2947
3279 2948
3280 2949
3281 2950
3282 2951
3283 2952
3284 2953
3285 2954
3286 2955
3287 2956
3288 2957
3289 2958
3290 2959
3291 2960
3292 2961
3293 2962
3294 2963
3295 2964
3296 2965
3297 2966
3298 2967
3299 2968
3300 2969
3301 2970
3302 2971
3304 2972
3305 2973
3306 2974
3307 2975
4615 2975
3308 2976
3310 2977
3311 2978
7378 2978
3312 2979
5909 2979
3313 2980
3314 2981
3315 2982
3316 2983
3317 2984
3318 2985
3319 2986
3320 2987
3321 2988
3322 2989
3323 2990
7454 2990
3324 2991
3325 2992
3326 2993
3327 2994
3328 2995
3329 2996
3330 2997
3331 2998
3332 2999
3333 3000
3334 3001
3335 3002
3336 3003
3337 3004
3338 3005
3340 3006
3341 3007
5149 3007
3342 3008
3343 3009
3344 3010
3345 3011
3346 3012
5236 3012
3347 3013
7409 3013
3349 3014
3350 3015
3351 3016
9989 3016
3352 3017
3353 3018
3354 3019
3355 3020
3356 3021
3358 3022
3359 3023
3360 3024
3361 3025
3362 3026
5458 3026
3363 3027
3364 3028
3365 3029
3366 3030
3367 3031
4885 3031
3368 3032
3369 3033
3370 3034
3371 3035
3372 3036
3373 3037
3374 3038
3375 3039
3376 3040
9987 3040
3377 3041
7384 3041
3378 3042
7350 3042
3379 3043
3380 3044
3381 3045
3382 3046
3383 3047
3384 3048
3385 3049
3386 3050
3387 3051
3389 3052
3390 3053
3391 3054
3392 3055
3393 3056
3395 3056
3399 3056
3400 3056
3401 3056
3394 3057
3396 3058
3397 3059
5369 3059
3398 3060
3402 3061
3403 3062
3404 3063
3405 3064
5917 3064
3406 3065
3407 3066
3408 3067
3409 3068
3410 3069
3411 3070
3412 3071
3413 3072
3414 3073
3415 3074
3416 3075
3417 3076
3418 3077
3421 3078
3422 3079
3423 3080
3424 3081
3425 3081
3426 3081
3428 3081
3427 3082
3429 3083
3431 3084
3432 3085
3433 3085
3434 3086
3435 3086
3436 3087
3437 3088
3438 3089
3439 3090
3440 3091
3442 3092
3443 3093
3444 3094
3446 3095
3447 3096
3448 3097
3449 3098
3450 3099
3451 3100
3452 3101
3453 3102
3454 3103
5243 3103
3455 3104
3457 3105
5283 3105
3458 3106
5280 3106
3459 3107
5044 3107
6091 3107
3460 3108
5200 3108
3461 3109
5176 3109
3462 3110
3464 3111
3465 3112
3466 3113
5108 3113
6131 3113
3467 3114
5214 3114
3469 3115
3470 3116
5080 3116
6629 3116
3471 3117
5177 3117
3472 3118
3473 3119
4152 3119
3474 3120
7956 3120
3475 3121
3476 3122
8150 3122
3477 3123
3478 3124
3480 3125
4578 3125
6453 3125
3481 3126
4954 3126
3482 3127
3483 3128
3484 3129
3485 3130
3486 3131
3487 3132
3488 3133
8212 3133
3489 3134
3490 3135
3491 3136
3492 3137
4791 3137
3493 3138
3494 3139
3495 3140
3496 3141
3497 3142
3498 3143
3499 3144
3501 3145
3502 3146
3503 3147
3504 3148
3505 3149
3506 3149
3507 3150
3508 3151
3509 3152
3510 3153
3511 3154
3512 3155
3513 3156
3514 3157
3515 3158
3516 3159
3517 3160
5402 3160
3518 3161
3519 3162
3520 3163
3521 3164
3522 3165
3523 3166
3524 3167
3525 3168
3526 3169
3527 3170
3528 3171
3529 3172
3530 3173
6619 3173
3531 3174
3532 3175
3533 3176
3534 3177
3535 3178
3536 3179
3537 3180
3538 3181
3539 3182
3540 3183
3541 3184
3542 3185
3543 3186
3544 3187
3545 3188
3546 3189
3547 3190
3548 3191
3549 3192
3550 3193
3551 3194
3552 3195
3553 3196
3554 3197
5894 3197
3555 3198
3556 3199
3557 3200
4917 3200
3558 3201
3559 3202
3560 3203
3561 3204
3562 3205
3563 3206
3564 3207
3565 3208
3566 3209
3567 3210
8400 3210
3568 3211
3569 3212
3570 3213
3571 3214
3572 3215
3573 3216
3574 3217
3575 3218
3576 3219
3577 3220
3578 3221
3579 3222
3580 3223
3581 3224
3582 3225
3583 3226
3584 3227
3585 3228
3586 3229
8726 3229
3587 3230
3588 3231
3589 3232
3590 3233
3591 3234
3592 3235
3593 3236
3594 3237
3595 3238
3596 3239
6426 3239
3597 3240
3598 3241
3599 3242
3600 3243
3601 3244
8217 3244
8218 3244
8219 3244
3602 3245
3603 3246
7518 3246
3604 3247
8158 3247
3605 3248
3606 3249
3607 3250
3608 3251
3609 3252
3612 3253
4373 3253
3613 3254
3614 3255
3616 3255
3615 3256
3617 3257
3618 3258
3619 3259
5474 3259
3620 3260
3621 3261
3622 3262
3623 3263
3624 3264
5139 3264
3625 3265
5014 3265
3627 3266
5069 3266
3628 3267
5026 3267
3629 3268
5087 3268
3630 3269
6101 3269
7332 3269
3631 3270
5131 3270
3632 3271
5110 3271
3633 3272
5253 3272
3634 3273
5050 3273
3635 3274
3636 3274
5011 3274
5123 3274
3637 3275
3638 3276
5072 3276
3639 3277
5227 3277
3640 3278
3641 3279
5197 3279
3642 3280
5128 3280
3643 3281
3644 3282
5079 3282
3645 3283
5130 3283
3646 3284
5067 3284
3647 3285
5062 3285
3648 3286
3649 3287
5013 3287
3650 3288
6120 3288
7301 3288
7418 3288
7543 3288
3651 3289
5092 3289
3652 3290
5045 3290
3653 3291
5220 3291
3655 3292
3656 3293
5198 3293
3657 3294
5266 3294
3658 3295
5089 3295
3659 3296
3660 3297
5168 3297
3661 3298
5031 3298
3662 3299
3663 3300
3664 3301
3665 3302
5207 3302
3666 3303
3667 3304
3668 3305
3669 3306
3670 3307
3671 3308
3672 3309
3673 3310
3674 3311
3701 3311
3675 3312
3677 3313
3679 3314
3680 3315
3681 3316
3682 3317
3683 3318
3684 3319
3686 3320
3687 3321
3688 3322
3689 3323
3690 3324
5275 3324
3691 3325
5042 3325
3694 3326
3695 3327
3696 3328
4661 3328
5219 3328
3697 3329
3698 3330
3700 3331
3702 3332
3703 3333
3704 3334
3705 3335
3706 3336
3707 3337
8539 3337
3708 3338
3709 3338
5568 3338
8937 3338
9323 3338
3710 3339
3711 3340
3712 3341
8938 3341
3713 3342
3714 3343
3715 3344
3716 3345
3717 3346
3718 3347
5256 3347
6138 3347
3719 3348
5174 3348
3720 3349
5039 3349
6141 3349
3721 3350
5192 3350
3722 3351
5157 3351
3723 3352
5085 3352
6143 3352
3724 3353
3725 3354
5451 3354
3726 3355
5147 3355
6145 3355
9380 3355
3727 3356
5029 3356
3728 3357
5066 3357
6147 3357
8749 3357
3729 3358
3730 3359
3731 3360
5083 3360
6151 3360
8751 3360
3732 3361
5016 3361
3733 3362
5284 3362
6149 3362
3734 3363
5162 3363
6150 3363
3735 3364
5109 3364
3736 3365
5218 3365
6155 3365
3737 3366
5134 3366
6156 3366
3738 3367
3739 3368
5189 3368
6157 3368
3740 3369
5245 3369
6158 3369
3741 3370
5216 3370
6160 3370
8740 3370
3742 3371
5098 3371
6163 3371
8548 3371
3743 3372
3744 3373
3745 3374
5199 3374
3746 3375
5135 3375
6165 3375
3747 3376
5281 3376
6166 3376
3748 3377
5121 3377
6167 3377
3749 3378
5101 3378
3750 3379
5251 3379
6171 3379
3751 3380
3752 3381
5023 3381
3753 3382
5036 3382
6596 3382
3754 3383
3755 3384
3757 3385
3758 3386
3759 3387
3761 3388
3762 3389
3763 3390
3764 3391
3765 3392
3766 3392
3767 3393
3768 3394
3769 3395
3770 3396
3771 3397
7935 3397
3772 3398
3773 3399
7936 3399
3774 3400
8128 3400
3775 3401
8201 3401
3776 3402
5261 3402
3778 3403
3781 3404
3782 3405
3783 3406
3784 3407
3785 3408
8262 3408
3786 3409
9540 3409
3787 3410
8135 3410
3788 3411
3790 3412
8263 3412
3791 3413
5024 3413
5040 3413
5127 3413
5258 3413
5267 3413
3792 3414
3793 3415
3794 3416
3795 3417
3796 3418
3797 3419
3798 3420
7957 3420
3799 3421
3800 3422
8083 3422
3803 3423
7969 3423
3804 3424
8272 3424
3806 3425
3808 3426
7971 3426
3809 3427
3810 3428
7972 3428
9533 3428
3811 3429
8090 3429
3812 3430
3813 3431
3814 3432
3815 3433
3816 3434
3818 3435
3821 3436
3822 3437
6883 3437
3824 3438
3827 3439
7994 3439
3828 3440
3830 3441
7997 3441
3831 3442
9520 3442
3832 3443
7999 3443
9519 3443
3833 3444
8138 3444
9538 3444
3834 3445
3836 3446
3838 3447
8002 3447
3839 3448
9481 3448
3840 3449
3841 3450
3842 3451
3843 3451
4932 3451
5240 3451
5264 3451
3844 3452
3845 3453
3846 3454
3903 3454
5019 3454
3848 3455
8016 3455
3849 3456
8146 3456
3851 3457
5180 3457
8020 3457
3854 3458
3855 3459
3856 3460
8025 3460
3860 3461
8029 3461
3861 3462
8210 3462
3862 3463
8030 3463
3863 3464
5274 3464
3864 3465
8151 3465
3866 3466
5136 3466
3867 3467
4489 3467
5326 3467
3868 3468
5315 3468
3870 3469
5206 3469
3872 3470
5316 3470
3879 3471
5186 3471
3880 3472
3881 3473
3882 3474
5277 3474
3883 3475
5212 3475
3884 3476
6508 3476
3885 3477
5015 3477
3886 3478
4546 3478
5137 3478
3888 3479
5233 3479
3889 3480
5319 3480
3890 3481
5012 3481
3891 3482
5102 3482
3892 3483
5132 3483
3893 3484
3894 3485
5318 3485
3895 3486
5143 3486
3896 3487
5071 3487
3897 3488
5183 3488
3898 3489
5626 3489
5775 3489
3900 3490
5064 3490
3901 3491
5222 3491
3902 3492
5211 3492
3904 3493
5086 3493
3905 3494
5096 3494
3906 3495
5225 3495
3907 3496
5173 3496
3908 3497
5115 3497
3909 3498
6676 3498
3910 3499
8366 3499
3911 3500
5279 3500
3912 3501
5246 3501
3913 3502
6450 3502
3914 3503
5193 3503
3915 3504
5151 3504
3916 3505
5184 3505
8370 3505
3917 3506
5321 3506
3918 3507
5223 3507
3919 3508
5470 3508
3920 3509
3921 3509
5027 3509
5322 3509
3922 3510
5272 3510
3923 3511
5323 3511
3924 3512
5205 3512
3925 3513
5195 3513
3926 3514
5077 3514
3927 3515
5122 3515
3928 3516
5325 3516
3929 3517
5153 3517
3930 3518
5111 3518
3931 3519
5201 3519
3932 3520
5273 3520
3933 3521
3935 3522
5049 3522
3936 3523
5075 3523
3937 3524
5230 3524
7626 3524
3938 3525
5169 3525
3939 3526
5235 3526
3940 3527
5178 3527
3941 3528
5114 3528
7627 3528
3942 3529
3943 3530
3944 3531
3945 3532
3947 3533
3948 3534
3949 3535
3950 3536
3951 3537
3952 3538
3953 3539
3962 3540
7635 3540
3963 3541
7636 3541
3964 3542
3965 3543
4585 3543
3966 3544
4950 3544
7403 3544
3967 3545
7758 3545
3968 3546
7637 3546
3969 3547
3970 3548
3971 3549
3972 3550
7316 3550
3973 3551
4952 3551
7271 3551
3974 3552
4953 3552
3975 3553
3976 3554
3977 3555
3978 3556
3979 3557
3980 3558
3981 3559
3982 3560
3983 3561
3984 3562
3985 3563
3986 3564
3987 3565
3988 3566
3989 3567
3990 3568
3991 3569
3992 3570
3993 3571
3994 3571
3995 3572
3996 3573
3997 3574
3998 3575
3999 3576
6454 3576
4000 3577
4001 3577
4002 3578
4003 3579
4004 3580
4005 3581
4006 3582
4007 3583
4008 3584
4009 3585
4010 3586
4011 3587
4012 3588
4013 3589
4014 3590
4015 3591
4016 3592
4017 3593
4018 3594
4019 3595
4020 3596
4021 3597
4022 3598
4023 3599
7644 3599
4024 3600
4025 3601
4026 3602
6878 3602
4027 3603
4028 3604
4029 3605
9393 3605
4030 3606
4031 3607
8042 3607
4032 3608
4033 3609
4034 3610
4035 3611
4036 3612
4037 3613
4038 3614
4039 3615
4040 3616
4041 3617
4042 3618
4043 3619
8043 3619
4044 3620
6455 3620
7645 3620
4045 3621
8044 3621
4046 3622
4047 3623
4048 3624
4049 3625
8045 3625
4050 3626
4051 3627
6518 3627
4052 3628
4053 3629
4054 3630
4055 3631
4056 3632
8046 3632
4057 3633
4058 3634
4059 3635
9347 3635
4060 3636
8389 3636
4061 3637
4062 3638
4063 3639
4064 3640
4065 3640
4066 3641
4067 3642
8879 3642
4068 3643
4069 3644
4070 3645
4559 3645
4071 3646
4072 3647
4073 3648
8215 3648
4074 3649
4075 3650
9350 3650
4076 3651
8880 3651
4077 3652
4078 3653
4079 3654
4080 3655
4081 3656
4082 3657
4083 3658
4084 3659
4085 3660
4086 3661
4087 3662
4088 3663
4089 3664
4090 3665
4091 3666
4092 3667
4093 3668
4094 3669
4095 3670
4096 3671
4097 3672
4098 3673
4099 3674
4100 3675
4101 3676
4102 3677
4103 3678
4104 3679
4105 3680
4107 3681
4108 3682
4109 3683
4110 3684
4111 3685
4112 3686
4114 3687
4115 3688
4116 3689
7106 3689
4117 3690
4118 3691
4119 3692
9209 3692
4120 3693
4121 3694
4122 3695
4123 3696
4124 3697
4125 3698
4126 3699
4127 3700
4128 3701
8051 3701
4129 3702
4130 3703
4131 3704
4132 3705
4133 3706
4134 3707
4135 3708
4136 3709
4137 3710
4138 3711
4139 3712
4140 3713
4141 3714
4142 3715
4143 3716
4144 3717
4145 3718
7312 3718
4146 3719
4147 3720
4148 3721
4149 3722
4150 3723
4151 3724
4153 3725
5412 3725
4154 3726
4156 3727
4157 3728
4158 3728
4159 3728
4160 3728
4161 3729
6525 3729
4162 3730
4163 3731
4164 3731
4165 3731
4166 3732
4167 3733
4168 3734
4169 3735
4170 3736
4810 3736
4171 3737
4172 3738
4173 3739
4174 3740
6064 3740
4175 3741
4176 3742
4177 3743
4178 3744
8404 3744
4179 3745
4180 3746
4181 3747
4182 3748
4183 3749
4184 3750
4185 3751
4186 3752
4187 3753
4188 3754
4189 3755
4190 3756
7113 3756
4191 3757
6063 3757
4192 3758
4193 3759
4194 3760
7343 3760
8408 3760
4195 3761
4196 3762
4197 3763
4198 3764
7358 3764
4199 3765
4200 3766
4201 3767
4202 3768
4814 3768
4203 3769
8014 3769
4204 3770
4205 3771
4206 3772
4207 3773
4208 3774
4209 3774
4210 3774
4212 3774
4211 3775
9214 3775
4213 3776
4214 3777
4215 3778
6662 3778
4216 3779
4217 3780
4218 3781
4219 3781
4220 3782
4221 3783
4222 3784
4223 3785
4225 3786
4226 3786
4228 3787
4230 3788
4231 3789
6415 3789
4232 3790
4233 3791
4235 3792
4236 3793
4237 3794
4238 3795
4239 3796
4240 3797
4241 3798
4242 3799
4243 3800
4244 3801
4245 3802
4246 3803
4247 3804
4248 3805
4249 3806
4250 3807
4251 3808
4252 3809
4253 3810
4254 3811
4255 3812
4256 3813
4257 3814
4258 3815
4259 3816
4260 3817
4261 3818
4262 3819
4263 3820
4264 3821
4265 3822
4266 3823
4267 3824
4268 3825
4269 3826
4270 3827
4271 3828
4272 3829
4273 3830
4274 3830
4275 3831
4276 3832
4277 3833
4278 3834
4279 3835
4280 3836
4281 3837
4282 3838
4283 3839
4284 3840
4285 3841
4286 3842
4287 3843
4288 3844
5361 3844
4289 3845
4290 3846
4291 3847
4292 3848
4293 3849
4294 3850
4295 3851
4296 3852
7242 3852
9994 3852
4297 3853
4298 3854
7334 3854
4299 3855
4300 3856
4303 3857
4304 3858
4308 3859
4309 3860
4310 3861
4311 3862
4471 3862
4312 3863
5365 3863
4314 3864
4315 3865
4316 3866
4317 3867
4319 3868
4320 3869
4321 3870
4322 3871
4323 3872
4324 3873
4325 3874
4326 3875
4327 3876
4328 3877
4329 3878
4330 3879
4331 3880
4332 3881
4333 3882
4334 3883
4335 3884
4336 3885
4337 3886
4339 3887
4340 3888
5916 3888
4341 3889
4342 3890
4344 3891
4345 3892
4346 3893
4347 3894
4348 3895
8312 3895
4349 3896
4350 3897
4351 3898
4352 3899
4353 3900
4354 3901
4355 3902
4357 3903
4358 3904
4359 3905
4360 3906
4361 3907
4362 3908
4363 3908
4364 3909
4365 3910
4366 3911
4367 3912
4368 3912
4369 3913
4371 3914
4372 3915
4374 3916
4375 3917
4376 3918
4377 3919
4378 3920
4379 3921
4380 3922
5619 3922
4381 3923
4382 3924
4383 3925
4384 3926
4385 3927
4386 3928
5063 3928
4387 3929
4388 3930
5475 3930
5975 3930
4389 3931
4390 3932
7551 3932
4391 3933
5476 3933
4392 3934
4393 3935
4394 3935
4395 3936
4397 3937
4398 3938
4399 3939
4401 3940
5381 3940
4402 3941
5383 3941
6020 3941
7898 3941
4403 3942
4404 3943
4405 3944
4406 3945
4407 3946
4408 3947
4409 3948
4410 3949
4411 3950
6378 3950
6379 3950
7055 3950
7579 3950
4412 3951
4413 3952
4414 3953
4415 3954
4416 3955
4417 3956
4418 3957
4419 3958
4420 3959
4421 3960
4422 3961
4423 3962
4424 3963
4425 3964
4426 3965
4427 3966
4428 3967
4429 3968
4430 3969
4431 3970
4432 3971
4433 3972
4434 3973
5152 3973
4435 3974
5444 3974
4436 3975
5030 3975
4437 3976
5129 3976
4438 3977
5093 3977
4440 3978
5244 3978
5774 3978
4441 3979
5112 3979
5320 3979
4442 3980
5018 3980
7082 3980
4443 3981
5327 3981
4444 3982
5231 3982
4445 3983
6861 3983
4446 3984
5203 3984
7083 3984
4448 3985
4449 3986
4450 3987
4451 3988
7182 3988
7352 3988
4452 3989
7223 3989
4453 3990
5902 3990
4454 3991
4975 3991
4455 3992
7178 3992
4456 3993
6765 3993
4457 3994
4458 3995
5286 3995
4460 3996
6601 3996
4461 3997
9138 3997
4462 3998
5654 3998
4463 3999
4464 4000
6623 4000
4465 4001
5423 4001
6666 4001
7152 4001
4467 4002
5097 4002
4468 4003
4989 4003
5483 4003
4469 4004
4470 4005
4472 4006
4473 4007
7330 4007
4474 4008
4475 4009
4476 4010
4477 4011
4478 4012
4479 4013
4480 4014
4481 4015
4482 4016
4483 4017
7562 4017
4484 4018
4485 4019
4542 4019
4486 4020
4487 4021
4488 4021
7567 4021
9160 4021
4490 4022
4491 4023
4492 4024
4493 4025
4494 4026
4495 4027
4496 4028
4497 4029
4498 4030
4499 4031
4500 4032
4501 4033
4502 4034
8851 4034
4503 4035
8930 4035
4504 4036
7572 4036
4505 4037
4506 4038
5385 4038
6019 4038
7897 4038
4507 4039
4508 4040
4509 4041
4510 4042
4511 4043
4512 4044
4513 4045
4514 4046
4515 4047
4516 4048
4517 4049
4518 4050
4519 4051
4520 4052
4521 4053
4522 4054
4523 4055
4524 4056
4525 4057
7924 4057
4526 4058
4527 4059
4528 4060
4529 4061
4530 4062
4531 4063
4532 4064
4533 4065
4534 4066
4535 4067
4536 4068
4537 4069
4538 4070
4539 4071
4540 4072
4541 4073
4543 4074
4544 4075
4545 4076
8019 4076
4548 4077
7634 4077
4549 4078
7522 4078
4550 4079
4945 4079
4551 4080
4944 4080
4552 4081
4948 4081
4553 4082
4949 4082
4554 4083
7322 4083
4555 4084
4556 4085
8746 4085
4557 4086
4558 4087
4560 4088
4561 4089
4562 4090
9155 4090
4563 4091
7135 4091
4564 4092
4567 4093
4568 4094
4569 4095
4969 4095
5679 4095
4570 4096
4571 4097
6664 4097
4572 4098
4573 4099
4576 4099
4574 4100
6290 4100
4575 4101
7184 4101
4577 4102
4579 4103
5418 4103
4580 4104
4972 4104
4581 4105
4590 4105
5943 4105
6962 4105
4582 4106
4973 4106
4583 4107
4971 4107
4584 4108
4587 4109
5028 4109
6802 4109
4589 4110
4591 4111
4592 4112
4593 4113
4594 4114
4595 4115
6585 4115
4596 4116
4597 4117
4598 4118
4599 4119
4600 4120
4601 4121
4986 4121
4602 4122
4603 4123
4604 4124
4605 4125
4606 4126
4607 4127
4608 4128
4611 4129
6690 4129
4612 4130
4613 4131
4614 4132
4617 4133
4618 4134
7501 4134
4619 4135
4620 4136
6744 4136
7412 4136
4622 4137
4623 4138
4624 4139
4625 4140
4627 4141
4628 4142
4629 4143
4630 4144
4631 4145
4632 4146
4633 4146
4634 4147
4635 4148
4636 4149
4637 4150
4638 4151
4639 4152
4640 4153
4641 4154
4642 4155
4643 4156
4644 4157
5527 4157
4645 4158
8161 4158
4646 4159
4647 4160
4648 4161
4649 4162
4650 4163
4651 4164
4652 4165
4653 4166
4654 4167
4655 4168
4656 4169
4658 4169
4657 4170
4659 4171
4660 4172
4662 4173
4663 4174
4664 4175
4665 4176
4666 4177
4667 4178
4668 4179
4669 4180
4670 4181
4671 4182
4672 4183
4673 4184
4674 4185
4675 4186
4676 4187
4677 4188
4678 4189
4681 4190
4682 4191
4683 4192
4684 4193
4685 4194
4686 4195
4687 4196
4688 4197
4689 4198
4690 4199
4691 4200
4692 4201
6747 4201
8119 4201
9162 4201
4693 4202
4694 4203
4695 4204
4696 4205
4697 4206
4698 4207
4699 4208
4700 4209
6739 4209
8765 4209
4701 4210
6939 4210
4702 4211
4703 4211
4704 4212
4705 4213
4706 4214
4707 4215
4709 4216
4710 4217
4711 4218
4712 4219
4713 4220
4714 4221
4715 4222
6948 4222
4716 4223
4718 4224
4719 4225
4720 4226
4721 4226
4722 4227
7940 4227
4725 4228
8202 4228
4726 4229
4728 4230
7949 4230
4730 4231
4731 4232
4732 4233
7951 4233
4736 4234
4737 4235
4739 4236
7975 4236
4742 4237
8094 4237
9506 4237
9507 4237
9508 4237
4743 4238
7986 4238
4746 4239
7998 4239
4748 4240
8140 4240
4749 4241
5260 4241
4750 4242
4751 4242
4752 4243
9560 4243
4753 4244
4755 4245
4756 4246
4763 4247
8023 4247
4764 4248
4765 4249
4773 4250
4774 4251
4775 4252
5776 4252
4776 4253
5777 4253
4777 4254
4778 4255
4835 4255
5899 4255
4779 4256
4780 4257
7763 4257
4781 4258
4782 4259
4783 4260
7638 4260
4784 4261
7640 4261
4785 4262
4786 4263
7494 4263
4787 4264
4788 4265
4789 4266
4790 4267
4792 4268
4793 4269
4794 4270
4795 4271
9206 4271
4796 4272
4797 4273
4798 4274
5671 4274
4799 4275
4800 4276
4801 4277
4802 4278
4803 4279
4804 4280
4805 4281
4806 4282
4807 4283
8401 4283
4808 4284
4809 4285
4811 4286
4812 4287
4813 4288
4815 4289
4816 4290
4817 4291
4819 4292
4822 4293
4823 4294
7130 4294
4824 4295
4825 4296
4826 4297
6616 4297
4827 4298
4828 4299
6288 4299
7139 4299
8223 4299
8889 4299
4829 4300
4830 4301
4831 4302
6754 4302
4832 4303
5249 4303
4833 4304
4834 4305
4842 4305
4857 4305
4901 4305
4836 4306
4837 4307
6668 4307
4838 4308
6469 4308
4839 4309
4840 4310
7166 4310
4841 4311
4843 4312
4845 4313
4846 4314
7179 4314
4847 4315
6598 4315
4848 4316
4849 4317
4850 4318
4851 4319
6650 4319
4853 4320
5054 4320
4854 4321
7829 4321
4855 4322
4856 4323
4858 4324
4866 4324
5683 4324
4859 4325
6759 4325
4860 4326
6553 4326
4861 4327
4862 4328
4864 4329
5799 4329
6770 4329
4865 4330
5803 4330
6549 4330
9095 4330
4867 4331
4868 4332
6661 4332
4869 4333
7187 4333
4870 4334
8425 4334
4871 4335
4872 4336
8579 4336
4873 4337
6609 4337
7200 4337
7786 4337
4874 4338
4876 4339
4877 4340
5656 4340
6478 4340
4878 4341
4879 4342
6191 4342
4880 4343
4881 4344
6531 4344
4882 4345
4883 4346
5690 4346
4884 4347
4886 4348
5691 4348
6617 4348
7217 4348
4887 4349
6586 4349
4888 4350
4889 4351
6573 4351
7221 4351
4890 4352
4891 4353
4892 4354
4894 4355
4895 4356
4896 4357
4897 4358
4898 4359
4899 4360
4900 4361
7426 4361
4902 4362
4903 4363
6969 4363
4904 4364
4905 4365
5424 4365
5945 4365
7193 4365
4906 4366
6752 4366
4907 4367
7372 4367
4908 4368
4909 4369
4910 4370
4911 4371
4912 4372
4913 4373
4914 4374
4915 4375
4916 4376
4918 4377
4919 4378
4920 4379
4921 4380
4922 4381
4924 4382
4925 4383
8079 4383
4926 4384
7955 4384
4927 4385
4928 4386
7958 4386
4929 4387
8204 4387
4930 4388
8271 4388
4931 4389
4933 4390
8022 4390
4955 4391
5677 4391
7482 4391
4956 4392
4957 4393
7172 4393
4958 4394
4959 4395
4960 4396
4961 4397
4962 4398
4963 4399
4964 4400
4965 4401
4966 4402
4967 4403
4968 4404
4970 4405
7218 4405
4974 4406
4976 4407
4977 4408
4978 4409
4979 4410
4980 4411
6473 4411
7191 4411
4981 4412
5904 4412
6569 4412
4982 4413
4983 4414
7206 4414
4984 4415
5047 4415
4985 4416
4987 4417
4988 4418
4990 4419
4991 4420
4992 4421
9146 4421
4993 4422
4994 4423
4995 4424
4996 4425
4998 4426
4999 4427
5000 4428
5001 4429
5002 4430
5003 4431
5004 4432
5005 4433
5006 4434
5007 4435
5008 4436
5951 4436
5009 4437
5010 4438
5017 4439
7989 4439
5020 4440
5021 4441
6580 4441
5025 4442
5032 4443
5033 4444
8169 4444
5034 4445
5037 4446
5038 4447
5041 4448
5043 4449
5046 4450
5048 4451
7639 4451
5051 4452
6068 4452
6572 4452
5052 4453
5053 4454
5055 4455
6610 4455
5056 4456
5058 4457
5059 4458
8254 4458
5060 4459
5061 4460
6615 4460
5065 4461
5118 4461
5068 4462
5073 4463
6626 4463
5074 4464
5076 4465
5081 4466
6177 4466
5082 4467
7243 4467
5088 4468
5094 4469
5095 4470
5099 4471
5100 4472
5103 4473
6637 4473
5104 4474
5106 4475
7652 4475
5107 4476
5116 4477
5117 4478
5119 4479
5120 4480
6851 4480
5125 4481
7146 4481
5126 4482
5138 4483
5140 4484
6859 4484
5144 4485
5154 4486
5404 4486
5421 4486
5155 4487
5158 4488
5159 4489
7181 4489
5160 4490
7262 4490
5161 4491
5166 4492
5167 4493
5187 4493
5170 4494
7488 4494
5172 4495
5175 4496
6559 4496
5179 4497
5181 4498
5185 4499
5188 4500
5190 4501
5194 4502
5196 4503
5202 4504
9222 4504
5204 4505
7367 4505
5208 4506
5209 4507
5210 4508
5215 4509
5217 4510
5221 4511
5234 4512
5237 4513
5238 4514
5239 4515
5242 4516
5247 4517
5248 4518
5252 4519
5257 4520
5259 4521
5262 4522
5265 4523
5268 4524
5270 4525
6965 4525
5271 4526
7628 4526
5276 4527
5282 4528
5285 4529
5287 4530
5969 4530
5288 4531
5289 4532
5290 4533
5292 4534
5293 4535
5294 4536
5968 4536
5295 4537
5296 4538
5297 4539
5298 4540
5299 4541
5300 4542
5301 4543
6577 4543
8110 4543
5302 4544
5303 4545
6011 4545
9385 4545
5304 4546
6931 4546
5305 4547
6933 4547
5306 4548
5307 4549
6938 4549
5308 4550
5309 4551
5310 4552
5311 4553
7923 4553
5312 4554
5313 4555
5314 4556
8031 4556
5324 4557
7389 4557
5328 4558
5329 4559
5330 4560
5333 4561
5334 4562
6413 4562
5335 4563
5337 4564
5338 4565
5339 4566
5340 4567
5342 4568
5343 4569
5344 4570
5345 4571
5346 4572
7127 4572
5347 4573
6958 4573
7402 4573
5348 4574
6564 4574
5349 4575
5350 4576
5351 4577
8454 4577
5352 4578
7168 4578
5353 4579
5354 4580
7516 4580
5355 4581
5356 4582
6793 4582
5357 4583
6769 4583
5358 4584
5359 4585
5360 4586
5362 4587
5363 4588
5364 4589
9991 4589
5366 4590
5367 4591
5368 4592
5370 4593
5371 4594
5372 4594
5373 4594
5374 4595
5375 4596
5376 4597
5377 4598
5378 4599
5379 4600
5380 4601
5382 4602
5384 4603
5386 4604
5387 4605
5388 4606
5389 4607
5390 4608
5391 4609
5392 4610
5393 4611
6035 4611
8947 4611
5394 4612
5395 4613
5396 4614
5397 4615
5398 4616
5465 4616
5621 4616
7990 4616
7991 4616
7992 4616
5399 4617
5400 4618
5401 4619
5403 4620
5405 4621
5406 4622
5407 4623
5408 4624
5409 4625
5410 4626
5411 4627
5413 4628
7157 4628
5414 4629
5415 4630
6607 4630
5416 4631
6627 4631
5417 4632
5419 4633
6591 4633
5420 4634
5428 4634
6600 4634
6651 4634
5422 4635
5425 4636
5950 4636
6884 4636
5426 4637
5427 4638
5946 4638
5429 4639
5430 4640
5431 4641
5432 4642
7995 4642
9546 4642
5433 4643
6482 4643
5434 4644
5435 4645
5436 4645
5437 4646
5438 4647
5439 4648
5440 4649
5441 4650
5442 4651
5443 4652
5445 4653
5447 4654
5448 4655
5449 4656
6287 4656
7154 4656
7767 4656
5450 4657
5452 4658
7953 4658
5453 4659
6291 4659
7176 4659
5454 4660
5455 4661
5456 4662
5457 4663
5459 4664
5460 4665
5461 4666
7624 4666
5462 4667
5463 4668
5464 4669
5466 4670
6678 4670
7229 4670
5467 4671
6575 4671
5468 4672
5469 4673
5471 4674
5472 4675
5473 4676
6647 4676
6671 4676
9436 4676
9437 4676
5477 4677
5478 4678
5479 4679
5480 4680
5481 4681
5482 4682
6154 4682
5484 4683
5485 4684
5486 4685
5487 4686
5488 4687
5489 4688
5490 4689
5495 4690
8176 4690
5497 4691
9267 4691
5498 4692
6850 4692
5499 4693
9268 4693
5500 4694
5501 4695
9316 4695
5502 4696
8510 4696
5503 4697
5504 4698
6824 4698
5505 4699
6819 4699
5506 4700
6822 4700
5507 4701
6799 4701
5508 4702
6862 4702
5509 4703
5510 4704
5511 4705
6860 4705
5514 4706
8512 4706
5515 4707
6820 4707
5516 4708
9280 4708
5517 4709
6805 4709
5518 4710
9273 4710
5519 4711
6854 4711
5520 4712
6830 4712
5521 4713
9079 4713
5522 4714
9276 4714
5524 4715
5526 4716
5528 4717
5716 4717
5529 4718
5532 4719
5535 4720
5539 4721
5542 4722
5546 4723
5547 4724
6835 4724
5548 4725
9166 4725
5549 4726
6823 4726
5550 4727
6842 4727
5551 4728
8780 4728
5552 4729
9082 4729
5553 4730
9173 4730
5554 4731
9161 4731
5555 4732
6132 4732
6809 4732
7541 4732
5556 4733
6845 4733
5557 4734
9191 4734
5558 4735
6816 4735
5559 4736
6814 4736
5560 4737
8542 4737
5561 4738
8532 4738
5562 4739
9084 4739
5563 4740
6801 4740
5564 4741
5565 4742
9151 4742
5566 4743
5856 4743
5569 4744
6828 4744
5570 4745
9293 4745
5571 4746
6815 4746
5572 4747
6803 4747
5573 4748
6853 4748
5574 4749
5575 4750
9294 4750
5576 4751
6797 4751
5577 4752
9379 4752
5578 4753
5579 4754
6864 4754
5580 4755
6826 4755
5581 4756
5582 4757
6800 4757
5583 4758
9296 4758
5584 4759
9297 4759
5585 4760
6811 4760
5586 4761
8549 4761
5587 4762
6865 4762
5588 4763
6813 4763
5589 4764
8946 4764
5590 4765
6837 4765
5591 4766
6836 4766
5592 4767
6827 4767
5593 4768
5594 4769
6855 4769
9386 4769
5595 4770
6848 4770
5597 4771
5600 4772
5601 4772
5602 4773
5603 4774
6657 4774
5604 4775
6628 4775
7159 4775
5605 4776
6760 4776
5606 4777
5607 4778
8458 4778
5608 4779
5609 4780
5610 4781
5611 4782
5613 4783
5616 4784
6602 4784
5618 4785
5620 4786
5622 4787
5625 4788
5627 4789
5628 4790
7228 4790
5629 4791
5630 4792
5631 4793
5632 4794
5633 4795
5634 4796
5635 4797
5636 4798
5637 4799
5638 4800
5639 4801
5640 4802
5641 4803
5642 4804
5686 4804
7641 4804
7670 4804
5643 4805
5644 4806
5645 4807
5647 4808
5648 4808
5649 4808
5650 4809
5651 4810
5652 4811
5653 4812
5802 4812
5655 4813
6659 4813
9358 4813
5657 4814
5658 4815
5659 4816
5660 4817
5661 4818
5662 4819
5663 4820
5664 4821
5665 4822
5666 4823
6293 4823
6887 4823
5667 4824
5668 4825
5670 4826
6608 4826
5672 4827
5673 4828
5674 4829
7899 4829
5675 4830
5676 4831
5678 4832
5680 4833
7156 4833
5681 4834
6669 4834
5682 4835
5684 4836
5685 4837
6656 4837
5687 4838
5688 4839
5689 4840
6639 4840
5692 4841
5693 4842
5694 4843
5697 4844
5698 4845
5699 4846
5701 4847
9180 4847
5702 4848
9184 4848
5703 4849
9077 4849
5704 4850
9185 4850
5705 4851
9067 4851
5706 4852
9372 4852
5707 4853
5708 4854
9186 4854
5709 4855
9311 4855
5710 4856
8916 4856
5711 4857
9319 4857
5712 4858
5713 4859
8171 4859
5715 4860
5717 4861
5718 4862
5721 4863
8528 4863
5722 4864
8540 4864
5723 4865
8917 4865
5724 4866
5725 4867
8112 4867
5726 4868
6134 4868
6325 4868
6326 4868
7733 4868
7734 4868
9085 4868
9321 4868
5727 4869
5728 4870
5729 4871
5730 4872
9286 4872
5731 4873
5733 4874
8940 4874
5734 4875
8860 4875
5735 4876
9317 4876
5736 4877
8849 4877
5737 4878
5738 4879
9144 4879
5739 4880
8853 4880
5740 4881
8941 4881
5741 4882
5742 4883
8854 4883
5743 4884
8868 4884
5744 4885
8861 4885
5745 4886
8117 4886
5746 4887
8862 4887
5747 4888
5748 4889
5749 4890
8865 4890
5750 4891
9328 4891
5751 4892
8121 4892
5752 4893
5753 4894
9197 4894
5754 4895
8867 4895
5755 4896
5756 4897
8866 4897
5757 4898
5758 4899
8547 4899
5759 4900
5760 4901
5761 4902
9364 4902
5762 4903
8871 4903
5763 4904
5764 4905
9336 4905
5765 4906
8873 4906
5766 4907
8554 4907
5767 4908
8874 4908
5768 4909
9329 4909
5769 4910
8735 4910
5770 4911
8869 4911
5771 4912
8122 4912
5778 4913
7475 4913
5779 4914
5780 4915
5781 4916
5782 4917
5783 4918
6057 4918
5784 4919
5785 4920
5786 4921
5787 4922
5788 4923
5789 4924
5790 4925
5791 4926
5792 4927
7134 4927
5793 4928
5794 4929
7158 4929
7768 4929
5795 4930
6961 4930
5796 4931
5797 4932
5798 4933
8494 4933
5800 4934
5801 4935
6738 5139
7185 4935
5804 4936
6479 4936
5805 4937
5806 4938
5807 4939
5808 4940
5809 4941
5810 4942
5811 4943
5812 4944
5813 4945
5814 4946
5816 4947
5817 4948
5818 4949
5819 4950
5820 4951
5821 4952
5822 4953
8173 4953
5823 4954
5826 4955
9283 4955
5827 4956
6333 4956
6974 4956
5828 4957
6976 4957
5829 4958
6977 4958
5831 4959
6667 4959
6979 4959
5832 4960
6339 4960
6981 4960
5833 4961
6986 4961
5834 4962
6346 4962
6988 4962
5835 4963
6993 4963
5836 4964
6356 4964
5837 4965
5838 4966
5839 4967
8181 4967
5840 4968
8163 4968
5841 4969
5842 4970
5843 4971
5844 4972
7004 4972
5846 4973
7010 4973
5847 4974
7011 4974
5848 4975
7019 4975
7874 4975
5849 4976
5850 4977
5852 4978
6604 4978
7032 4978
5853 4979
5854 4980
5855 4981
5857 4982
6367 4982
5858 4983
7045 4983
5859 4984
7046 4984
5860 4985
6370 4985
6371 4985
7048 4985
5861 4986
6584 4986
7050 4986
7051 4986
7052 4986
7928 4986
5862 4987
6672 4987
7056 4987
5863 4988
7058 4988
5864 4989
6384 4989
7059 4989
5865 4990
6387 4990
7060 4990
5866 4991
5867 4992
5868 4993
7068 4993
5869 4994
7070 4994
5870 4995
5871 4996
5872 4997
6401 4997
7071 4997
5873 4998
7073 4998
5874 4999
6581 4999
7075 4999
5875 5000
6634 5000
7077 5000
5876 5001
5877 5002
7629 5002
5878 5003
6172 5003
7084 5003
5879 5004
5880 5005
5881 5006
5882 5007
5883 5008
5884 5009
8154 5009
5885 5010
5886 5011
5887 5012
5888 5013
5889 5014
5890 5015
8216 5015
5891 5016
5892 5017
5893 5018
5895 5019
5896 5020
5897 5021
6551 5021
7132 5021
5898 5022
7137 5022
5900 5023
5987 5023
5901 5024
5903 5025
5905 5026
7201 5026
5906 5027
6477 5027
5907 5028
5908 5029
5910 5030
5911 5031
5912 5032
5913 5033
5914 5034
5915 5035
5918 5036
5919 5036
5920 5036
5921 5036
5922 5037
5924 5038
5925 5039
5926 5040
5927 5041
5928 5042
5929 5043
5930 5044
5931 5045
5932 5046
6046 5046
5933 5047
6594 5047
7650 5047
5934 5048
6756 5048
5935 5049
5936 5050
7141 5050
5937 5051
5938 5052
5939 5053
6588 5053
5940 5054
6655 5054
7212 5054
5941 5055
6550 5055
5942 5056
5944 5057
6858 5057
5947 5058
6966 5058
7676 5058
5948 5059
5949 5060
6840 5060
5952 5061
6545 5061
5953 5062
5954 5063
5955 5064
5956 5065
5957 5066
5959 5067
5960 5068
5963 5069
5964 5070
6922 5070
5965 5071
7890 5071
5966 5072
9287 5072
5967 5073
9288 5073
5970 5074
6894 5074
7855 5074
5971 5075
7857 5075
5972 5076
7856 5076
5973 5077
6895 5077
7858 5077
5974 5078
7859 5078
5976 5079
6898 5079
5977 5080
8511 5080
9075 5080
5978 5081
6899 5081
5979 5082
8801 5082
5980 5083
8515 5083
5981 5084
7862 5084
8748 5084
5982 5085
5983 5085
9278 5085
5984 5086
7863 5086
5985 5087
6901 5087
5986 5088
6902 5088
7866 5088
5988 5089
5989 5090
9188 5090
5990 5091
7869 5091
5991 5092
5992 5093
5993 5094
5994 5095
6904 5095
7871 5095
5996 5096
7872 5096
5997 5097
6905 5097
7873 5097
5998 5098
6910 5098
5999 5099
6000 5100
6001 5101
7877 5101
6002 5102
7879 5102
6003 5103
6914 5103
6004 5104
7880 5104
6005 5105
6006 5106
6917 5106
6007 5107
6918 5107
6919 5107
8920 5107
6008 5108
6742 5108
7883 5108
6009 5109
8929 5109
6010 5110
7892 5110
6012 5111
6013 5112
6014 5113
7894 5113
6015 5114
6928 5114
6016 5115
6929 5115
6017 5116
6687 5116
9175 5116
6018 5117
6930 5117
7896 5117
6021 5118
8811 5118
6022 5119
6934 5119
7908 5119
6023 5120
7909 5120
6024 5121
7911 5121
6025 5122
6936 5122
6026 5123
6702 5123
6027 5124
6937 5124
6028 5125
6029 5126
6942 5126
6030 5127
6725 5127
7851 5127
6031 5128
6944 5128
7870 5128
6032 5129
6033 5130
7922 5130
6034 5131
6036 5132
6037 5133
8123 5133
6038 5134
7926 5134
6039 5135
7927 5135
6040 5136
6951 5136
6041 5137
7930 5137
6042 5138
7932 5138
6043 5139
6044 5140
6045 5141
8558 5141
6047 5142
6048 5143
6049 5144
6050 5145
6051 5146
6052 5147
6053 5148
6054 5149
6055 5150
6056 5151
6058 5152
6059 5153
6060 5154
6061 5155
6062 5156
6065 5157
6066 5158
6856 5158
6067 5159
6480 5159
6786 5159
6069 5160
6070 5161
6071 5162
6073 5163
6074 5164
6075 5165
6077 5166
6078 5167
6079 5168
6080 5169
6081 5170
6082 5171
6083 5172
6084 5173
6085 5174
8162 5174
6086 5175
6087 5176
7525 5176
6088 5177
7306 5177
6089 5178
7355 5178
6090 5179
6092 5180
7260 5180
6093 5181
6094 5182
8102 5182
6095 5183
6096 5184
7295 5184
6097 5185
9309 5185
6098 5186
6099 5187
7329 5187
6100 5188
9181 5188
6102 5189
6103 5190
7361 5190
6104 5191
6105 5191
7313 5191
9182 5191
6106 5192
6107 5193
9370 5193
6108 5194
6109 5195
7298 5195
6110 5196
8517 5196
6111 5197
7429 5197
6112 5198
7511 5198
6113 5199
7419 5199
6114 5200
7399 5200
6115 5201
6116 5202
7364 5202
6117 5203
9078 5203
6118 5204
7471 5204
6119 5205
7515 5205
6121 5206
8729 5206
6122 5207
7400 5207
6123 5208
9281 5208
6124 5209
6125 5210
7369 5210
6126 5211
6127 5212
6128 5213
6129 5214
6248 5214
6130 5215
6133 5216
6135 5217
7265 5217
6136 5218
7468 5218
6137 5219
7397 5219
6139 5220
7340 5220
6140 5221
6142 5222
6144 5223
7335 5223
6146 5224
8720 5224
6148 5225
6152 5226
7430 5226
6153 5227
7479 5227
6159 5228
6161 5229
7401 5229
6162 5230
7531 5230
6164 5231
9087 5231
6168 5232
7486 5232
6169 5233
7320 5233
6170 5234
9157 5234
6173 5235
6174 5236
6175 5236
6176 5237
6178 5238
6522 5238
6179 5239
6180 5240
6181 5241
6182 5242
6183 5243
6184 5243
6185 5244
7138 5244
6186 5245
7143 5245
8463 5245
6187 5246
7162 5246
6188 5247
6190 5248
7192 5248
6192 5249
6595 5249
6193 5250
6194 5251
6195 5252
7795 5252
6196 5253
6197 5254
6198 5255
6199 5256
6200 5257
6201 5258
6202 5259
6203 5260
7311 5260
6205 5261
6206 5262
6207 5263
6208 5264
6209 5265
6210 5266
6211 5267
6212 5268
6213 5269
7642 5269
7668 5269
6214 5270
6215 5271
6216 5272
7415 5272
6217 5273
6218 5274
6219 5275
7404 5275
6220 5276
7318 5276
6221 5277
6222 5278
7497 5278
6223 5279
7319 5279
6224 5280
9312 5280
6225 5281
9313 5281
6226 5282
6227 5283
7000 5283
9275 5283
6228 5284
6229 5285
9189 5285
6231 5286
6235 5287
7478 5287
6239 5288
7502 5288
6240 5289
7290 5289
6241 5290
7539 5290
6242 5291
7272 5291
6243 5292
7449 5292
6244 5293
7526 5293
6247 5294
6249 5295
6250 5296
6251 5297
6252 5298
7284 5298
6253 5299
7300 5299
6254 5300
7523 5300
6255 5301
7498 5301
6256 5302
6257 5303
7484 5303
7490 5303
6258 5304
7261 5304
6259 5305
6260 5306
6261 5307
6262 5308
6263 5309
7588 5309
6264 5310
7590 5310
6265 5311
7591 5311
6266 5312
7592 5312
6267 5313
7593 5313
6268 5314
7594 5314
6269 5315
7595 5315
6270 5316
7596 5316
6271 5317
7598 5317
6272 5318
7600 5318
6273 5319
7601 5319
6274 5320
7602 5320
6275 5321
7603 5321
6276 5322
7604 5322
6277 5323
7605 5323
6278 5324
7606 5324
6279 5325
7607 5325
6280 5326
7608 5326
6281 5327
6282 5328
7612 5328
6283 5329
7613 5329
6284 5330
7615 5330
6285 5331
7617 5331
6286 5332
7621 5332
6289 5333
7160 5333
6292 5334
6294 5335
7773 5335
6295 5336
7230 5336
6296 5337
8071 5337
6297 5338
6298 5339
6299 5340
6300 5341
6301 5342
6302 5343
7003 5343
6303 5344
7030 5344
6304 5345
7034 5345
6305 5346
7721 5346
6306 5347
7007 5347
7723 5347
6307 5348
7008 5348
7724 5348
6308 5349
7725 5349
6309 5350
6310 5351
7568 5351
6311 5352
7569 5352
6312 5353
7035 5353
7737 5353
9285 5353
6313 5354
6314 5355
7728 5355
9292 5355
6315 5356
7014 5356
7729 5356
6316 5357
6317 5357
7013 5357
7015 5357
6318 5358
7016 5358
6319 5359
7017 5359
6320 5360
7018 5360
6321 5361
6322 5362
6323 5363
7033 5363
6327 5364
7028 5364
7735 5364
6329 5365
6330 5366
6971 5366
7708 5366
6331 5367
6972 5367
7709 5367
6332 5368
7710 5368
6334 5369
6393 5369
7712 5369
7741 5369
6335 5370
6579 5370
7147 5370
6336 5371
7713 5371
6337 5372
6980 5372
6338 5373
7552 5373
6340 5374
6983 5374
6341 5375
6982 5375
6342 5376
7714 5376
6343 5377
6985 5377
6344 5378
7553 5378
6345 5379
7554 5379
6347 5380
6987 5380
6348 5381
6989 5381
6349 5382
7715 5382
6350 5383
6990 5383
6351 5384
6352 5385
6992 5385
6353 5386
7556 5386
6354 5387
7717 5387
6355 5388
7716 5388
6357 5389
7563 5389
6358 5390
7564 5390
6359 5391
7566 5391
6360 5392
6997 5392
6361 5393
7036 5393
7738 5393
6362 5394
7696 5394
6363 5395
6364 5396
6365 5397
7697 5397
6366 5398
7576 5398
6368 5399
7578 5399
6369 5400
7698 5400
8756 5400
6372 5401
7700 5401
6373 5402
7049 5402
7699 5402
6374 5403
7701 5403
6375 5404
7053 5404
6376 5405
7702 5405
9295 5405
6377 5406
7703 5406
6380 5407
7580 5407
6381 5408
7582 5408
6382 5409
7704 5409
6383 5410
7705 5410
6385 5411
7583 5411
6386 5412
7584 5412
7918 5412
6388 5413
7706 5413
6389 5414
7586 5414
6390 5415
6391 5416
6392 5417
7739 5417
6394 5418
7063 5418
6395 5419
7547 5419
6396 5420
7548 5420
6397 5421
7066 5421
6398 5422
7067 5422
7745 5422
6399 5423
7069 5423
6400 5424
7746 5424
6402 5425
7747 5425
6403 5426
7614 5426
6404 5427
7618 5427
6405 5428
7620 5428
6406 5429
6407 5430
6408 5431
6409 5432
6410 5433
8164 5433
6411 5434
6412 5435
6414 5436
6416 5437
6417 5438
6418 5439
6419 5440
6420 5441
6421 5442
6422 5443
6423 5444
6424 5445
6425 5446
6427 5447
6430 5448
7489 5448
6431 5449
6432 5450
6433 5451
6434 5452
6435 5453
6436 5454
6437 5455
6438 5456
6439 5457
6440 5458
6441 5459
6442 5460
6443 5461
8298 5461
6444 5462
6445 5463
6446 5464
6447 5465
6449 5466
6451 5467
8139 5467
6452 5468
6456 5469
6457 5470
6458 5471
6459 5472
6460 5473
6461 5474
6462 5475
6463 5476
6464 5477
6465 5478
6466 5479
6467 5480
6468 5481
7131 5481
6470 5482
6471 5483
6472 5484
6474 5485
7196 5485
6475 5486
7790 5486
6476 5487
7209 5487
6481 5488
6483 5489
6484 5490
6485 5491
6486 5492
6487 5493
6488 5494
6489 5495
6490 5496
6491 5497
6492 5498
6493 5499
6494 5500
6495 5501
6496 5502
6654 5502
6688 5502
6497 5503
6996 5503
7718 5503
6498 5504
6499 5505
7006 5505
7722 5505
6500 5506
7012 5506
7727 5506
6501 5507
6502 5508
7021 5508
7731 5508
6503 5509
7031 5509
6504 5510
6505 5511
7062 5511
7740 5511
6506 5512
7065 5512
7742 5512
6509 5513
8035 5513
6510 5514
7754 5514
6511 5515
7140 5515
6512 5516
6513 5517
6514 5518
6515 5519
6516 5520
6517 5521
6519 5522
6520 5523
6521 5524
6523 5525
6524 5526
6526 5527
6527 5528
6528 5529
6529 5530
8066 5530
6530 5531
7656 5531
6532 5532
7222 5532
6533 5533
6534 5534
6535 5535
6536 5536
6537 5537
6538 5538
6539 5539
6540 5540
6541 5541
6542 5542
6543 5543
6544 5544
6546 5545
6547 5546
6548 5547
6994 5547
6552 5548
6554 5549
6555 5550
6556 5551
6557 5552
6558 5553
6560 5554
6562 5555
6563 5556
6565 5557
6566 5558
8840 5558
6567 5559
8839 5559
6568 5560
6570 5561
6732 5561
8430 5561
6571 5562
7169 5562
6574 5563
6576 5564
6578 5565
7054 5565
8758 5565
6582 5566
8572 5566
9599 5566
6583 5567
9064 5567
6587 5568
6589 5569
6590 5570
6592 5571
6593 5572
7171 5572
6597 5573
6599 5574
6603 5575
6605 5576
8858 5576
6606 5577
6611 5578
6612 5579
6613 5580
6614 5581
6618 5582
6620 5583
6621 5584
7188 5584
6622 5585
6624 5586
6625 5587
8074 5587
6630 5588
7769 5588
6631 5589
7303 5589
6632 5590
7651 5590
6633 5591
6635 5592
6636 5593
6638 5594
6640 5595
7142 5595
6641 5596
7072 5596
6642 5597
7129 5597
6643 5598
7149 5598
6644 5599
6645 5600
6646 5601
8078 5601
6648 5602
7165 5602
6649 5603
6652 5604
6653 5605
6658 5606
6660 5607
6663 5608
6665 5609
6670 5610
6673 5611
6674 5612
6675 5613
6677 5614
6679 5615
9236 5615
6680 5616
6681 5617
7225 5617
6682 5618
6684 5619
6685 5620
6896 5620
6686 5621
8838 5621
6689 5622
6691 5623
6692 5624
6693 5625
8581 5625
6694 5626
6695 5627
8689 5627
6696 5628
8691 5628
6697 5629
6698 5630
6699 5631
9122 5631
6700 5632
6701 5633
9374 5633
6703 5634
6704 5635
8544 5635
6705 5636
6706 5637
8845 5637
6707 5638
6708 5639
6709 5640
6710 5641
6711 5642
6713 5643
6714 5644
9086 5644
6715 5645
8710 5645
6716 5646
6717 5647
8535 5647
6718 5648
8716 5648
6719 5649
9135 5649
6720 5650
6721 5651
8852 5651
6722 5652
6723 5653
6724 5654
6726 5655
7438 5655
6727 5656
6728 5657
6729 5658
8836 5658
6730 5659
6731 5660
8520 5660
6733 5661
6734 5662
6735 5663
6736 5664
8844 5664
6737 5665
6740 5666
6741 5667
8855 5667
6743 5668
8891 5668
6746 5669
8529 5669
6749 5670
8546 5670
6750 5671
6751 5672
6753 5673
6755 5674
8787 5674
6757 5675
6758 5676
8775 5676
6761 5677
6762 5678
8534 5678
6763 5679
6764 5680
6766 5681
7492 5681
6767 5682
6768 5683
8559 5683
6771 5684
8527 5684
6772 5685
8792 5685
6773 5686
6774 5687
6776 5688
9081 5688
6777 5689
6778 5690
6779 5691
6780 5692
6781 5693
6782 5694
6783 5695
6784 5696
6785 5697
6787 5698
8810 5698
6788 5699
6789 5700
6790 5701
8818 5701
6791 5702
6792 5703
8541 5703
6794 5704
9325 5704
6795 5705
6796 5706
6798 5707
6804 5708
7686 5708
6806 5709
6807 5710
8172 5710
6808 5711
7390 5711
6810 5712
8841 5712
6812 5713
6817 5714
6818 5715
6821 5716
9327 5716
6825 5717
6829 5718
8842 5718
6831 5719
7366 5719
6832 5720
6833 5721
6834 5722
7441 5722
7784 5722
6838 5723
6927 5723
6839 5724
6841 5725
6843 5726
9330 5726
6844 5727
6846 5728
9318 5728
6847 5729
9335 5729
6849 5730
6852 5731
9324 5731
6857 5732
6863 5733
8835 5733
6866 5734
6867 5735
6868 5736
6869 5737
6870 5738
6871 5739
7654 5739
6872 5740
7336 5740
6873 5741
7776 5741
6874 5742
6875 5743
6876 5744
6877 5745
7679 5745
6879 5746
6880 5747
6881 5748
6882 5749
6885 5750
7496 5750
6886 5751
6888 5752
6889 5753
6890 5754
6891 5755
6892 5756
6926 5756
6893 5757
6897 5758
6900 5759
6903 5760
6906 5761
6907 5762
6908 5763
6909 5764
6911 5765
8187 5765
6912 5766
6913 5767
8847 5767
6915 5768
6916 5769
6920 5770
6921 5771
8850 5771
6923 5772
6924 5773
6925 5774
6932 5775
8943 5775
6935 5776
8864 5776
6940 5777
8872 5777
6941 5778
6943 5779
6945 5780
7891 5780
6946 5781
7743 5781
6947 5782
6949 5783
6950 5784
6952 5785
7931 5785
6953 5786
8166 5786
6954 5787
7440 5787
6955 5788
6956 5789
7759 5789
6957 5790
7215 5790
6959 5791
6960 5792
8283 5792
6963 5793
6964 5794
6967 5795
6968 5796
6970 5797
8334 5797
6973 5798
9368 5798
6975 5799
6978 5800
6984 5801
6991 5802
6995 5803
6998 5804
6999 5804
9170 5804
7001 5805
7002 5806
7005 5807
7009 5808
7020 5809
7730 5809
7022 5810
8184 5810
7023 5811
7024 5811
7025 5811
7026 5812
7027 5813
7029 5814
7037 5815
7038 5816
7530 5816
7039 5817
7040 5818
7041 5819
7042 5820
7043 5821
7044 5822
7047 5823
7057 5824
7061 5825
7064 5826
8721 5826
7074 5827
8168 5827
7076 5828
7748 5828
7078 5829
8177 5829
7079 5830
7085 5831
7755 5831
7086 5832
7088 5833
7089 5834
7090 5835
7091 5836
7092 5837
7093 5838
7423 5838
7094 5839
7095 5840
7096 5841
7097 5842
7098 5843
7099 5844
7145 5844
7100 5845
7101 5846
7102 5847
7103 5848
8155 5848
7104 5849
7105 5850
7107 5851
7108 5852
7109 5853
7110 5854
7111 5855
9513 5855
7112 5856
7114 5857
7115 5858
7116 5859
7117 5860
7118 5860
7119 5861
7120 5862
7121 5863
7122 5864
7123 5865
7124 5866
7125 5866
7126 5867
7128 5868
7133 5869
7136 5870
7144 5871
7148 5872
7150 5873
8493 5873
7151 5874
8012 5874
8013 5874
7153 5875
7155 5876
7161 5877
7163 5878
7164 5879
7167 5880
8077 5880
7170 5881
7778 5881
7173 5882
7174 5883
7175 5884
7177 5885
7180 5886
7183 5887
7186 5888
7189 5889
7190 5890
7194 5891
7195 5892
7197 5893
7198 5894
8175 5894
7199 5895
7785 5895
7202 5896
7203 5897
7766 5897
7204 5898
7205 5899
7208 5900
7536 5900
7211 5901
7792 5901
7213 5902
7214 5903
7216 5904
7219 5905
7447 5905
7220 5906
7224 5907
7226 5908
7227 5909
7231 5910
7687 5910
7232 5911
7233 5912
7234 5913
7235 5914
7236 5915
7237 5916
7238 5917
7239 5918
7240 5919
7241 5920
7244 5921
7245 5922
7246 5923
7247 5924
7248 5925
7249 5926
7250 5927
7251 5928
7252 5929
7253 5930
7836 5930
7254 5931
7255 5932
8907 5932
7256 5933
7258 5934
7673 5934
7259 5935
7263 5936
7264 5937
7266 5938
7267 5939
7268 5940
7269 5941
7273 5942
7274 5943
7317 5943
7333 5943
7437 5943
7793 5943
7276 5944
9635 5944
7277 5945
7279 5946
7280 5947
7281 5948
7282 5949
7283 5950
7285 5951
7286 5952
7287 5953
7765 5953
7288 5954
7289 5955
7524 5955
7799 5955
7810 6201
7291 5956
7292 5957
7293 5958
7294 5959
7469 5959
8427 5959
7296 5960
7297 5961
7299 5962
7302 5963
7304 5964
7305 5965
8182 5965
7307 5966
7309 5967
7310 5968
7314 5969
7321 5970
7413 5970
7323 5971
7324 5972
7325 5973
7326 5974
7327 5975
8180 5975
7328 5976
8503 5976
8702 5976
8733 5976
8813 5976
8819 5976
7331 5977
7573 5977
7337 5978
7338 5979
7339 5980
7341 5981
7344 5982
7345 5983
7346 5984
7771 5984
7347 5985
7349 5986
7353 5987
7354 5988
7356 5989
7357 5990
7359 5991
7360 5992
7362 5993
7363 5994
7365 5995
7368 5996
7370 5997
7371 5998
7373 5999
7374 6000
7375 6001
7376 6002
7377 6003
7379 6004
7380 6005
7381 6006
7382 6007
7383 6008
7385 6009
7387 6010
7388 6011
7391 6012
7772 6012
7392 6013
7393 6014
7394 6015
7395 6016
7396 6017
7398 6018
8321 6018
7405 6019
7406 6020
7407 6021
7408 6022
7410 6023
7411 6024
7414 6025
7420 6026
7422 6027
7424 6028
7425 6029
7427 6030
7428 6031
7431 6032
7462 6032
7432 6033
9266 6033
9543 6033
7433 6034
7434 6035
7435 6036
7436 6037
7439 6038
7442 6039
7443 6040
7444 6041
7446 6042
7448 6043
7450 6043
7451 6044
7452 6045
7453 6046
7455 6047
7456 6048
7457 6049
7458 6050
7459 6051
7460 6052
7461 6053
7463 6054
7464 6055
7466 6056
7467 6057
7470 6058
7472 6059
7473 6060
7474 6061
7477 6062
7480 6063
7481 6064
7483 6065
7485 6066
7487 6067
7491 6068
7493 6069
7685 6069
9542 6069
7495 6070
7499 6071
7500 6072
7503 6073
7504 6074
7505 6075
7506 6076
7508 6077
7509 6078
7510 6079
7512 6080
7513 6081
7514 6082
7517 6083
7520 6084
7521 6085
7527 6086
7528 6087
7529 6088
7533 6089
7534 6090
7535 6091
7540 6092
7542 6093
7544 6094
7545 6095
7546 6096
7549 6097
7555 6098
7557 6099
7558 6100
7559 6101
7560 6102
7561 6102
7565 6103
7570 6104
7571 6105
7574 6106
7893 6106
7575 6107
7577 6108
7581 6109
7585 6110
7587 6111
7589 6112
7597 6113
7599 6114
7609 6115
7610 6116
7611 6117
7616 6118
7619 6119
7622 6120
7623 6121
8224 6121
7630 6122
7631 6123
7632 6124
7643 6125
7646 6126
7647 6127
7648 6128
7649 6129
7653 6130
7655 6131
7657 6132
7658 6133
7659 6134
7660 6135
7661 6136
7662 6137
7663 6138
7664 6139
7684 6139
7665 6140
7666 6141
7797 6141
7667 6142
7669 6143
7671 6144
7677 6144
7674 6145
7675 6146
7678 6147
7680 6148
7681 6149
7682 6150
7683 6151
7688 6152
7689 6153
7690 6154
7691 6155
7692 6156
7693 6157
7694 6158
7695 6159
7707 6160
7711 6161
7719 6162
7720 6163
7726 6164
7732 6165
7736 6166
7744 6167
7749 6168
8170 6168
7750 6169
7751 6170
7752 6171
7753 6172
7760 6173
7761 6174
7762 6175
7764 6176
7770 6177
7774 6178
7775 6179
7777 6180
7779 6181
7780 6182
7781 6183
7782 6184
7783 6185
7787 6186
7788 6187
7789 6188
7791 6189
7794 6190
7796 6191
7798 6192
7800 6193
7801 6193
7802 6194
7803 6195
7804 6196
7805 6197
7806 6198
7807 6199
7808 6200
7809 6201
7811 6202
7812 6203
7813 6204
7814 6205
7815 6206
7816 6207
7817 6208
7818 6209
7819 6210
7820 6211
7821 6212
7822 6213
7823 6214
7824 6215
7825 6216
7826 6217
7827 6218
7828 6219
9956 6219
7830 6220
7831 6221
8796 6221
7832 6222
7833 6223
7834 6224
7835 6225
7837 6226
7838 6227
7839 6228
7840 6229
7841 6230
8773 6230
8790 6230
7842 6231
7843 6232
7844 6232
7845 6233
7846 6234
7847 6235
7848 6236
7849 6237
7850 6238
7852 6239
7853 6240
7854 6241
7860 6242
7861 6243
7864 6244
7865 6245
7867 6246
7868 6247
7875 6248
7876 6249
8179 6249
7878 6250
7881 6251
7882 6252
7884 6253
7885 6254
7886 6255
7887 6256
7888 6257
7889 6258
7895 6259
7900 6260
7901 6261
7902 6262
7903 6263
7904 6264
7905 6265
7906 6266
7907 6267
7910 6268
7912 6269
7913 6270
7914 6271
7915 6272
8167 6272
7916 6273
7917 6274
7919 6275
7920 6276
7921 6277
7925 6278
8178 6278
7929 6279
7933 6280
8174 6280
7938 6281
7939 6282
7944 6283
7945 6284
8129 6284
7948 6285
7950 6286
8133 6286
7952 6287
7959 6288
7960 6289
7961 6290
7962 6291
7968 6292
7973 6293
7974 6293
7976 6294
7977 6295
8089 6295
7978 6296
7979 6297
7981 6298
7983 6299
7985 6300
7987 6301
8000 6302
8001 6303
8003 6304
8004 6304
8006 6305
8007 6306
8008 6307
8142 6307
8009 6308
8010 6309
8015 6310
8024 6311
8026 6312
8027 6313
8028 6313
8032 6314
8034 6314
8033 6315
8036 6316
8037 6317
8251 6317
8038 6318
8039 6319
8040 6320
8041 6321
8047 6322
8048 6323
8049 6324
8050 6325
8052 6326
8053 6327
8054 6328
8055 6329
8056 6330
8057 6331
8058 6332
8059 6333
9226 6333
8060 6334
8061 6334
8062 6334
8063 6335
8064 6336
8065 6337
8067 6338
8068 6339
8069 6340
8070 6341
8072 6342
8073 6343
8075 6344
8076 6345
8080 6346
8085 6347
8086 6348
8087 6349
8088 6350
8091 6351
8093 6352
8096 6353
8097 6354
8098 6355
9271 6355
8099 6356
8100 6357
8101 6358
8103 6359
8104 6360
8105 6361
8106 6362
8107 6363
8108 6364
9190 6364
8109 6365
8111 6366
8113 6367
8114 6368
8115 6369
8116 6369
8118 6370
8769 6370
8120 6371
8124 6372
9165 6372
8125 6373
8127 6374
8130 6375
8131 6376
8134 6377
8136 6378
8137 6379
8141 6380
8143 6381
8144 6382
8147 6383
8149 6384
8950 6384
8153 6385
8156 6386
8157 6387
8159 6388
8160 6389
8165 6390
8183 6391
8185 6392
8189 6393
8190 6394
8191 6395
8192 6396
8193 6397
8194 6398
8195 6399
8196 6400
8197 6401
8198 6402
8199 6403
8203 6404
8206 6405
8207 6406
8211 6407
8213 6408
8214 6409
8220 6410
8221 6411
8222 6412
8225 6413
8227 6414
8228 6415
8229 6416
8230 6417
8231 6418
8346 6418
8232 6419
8233 6420
8235 6420
8234 6421
8236 6422
8237 6423
8238 6424
8239 6425
8240 6426
8241 6427
8242 6428
8243 6429
8244 6430
8245 6430
8246 6430
8247 6430
8248 6430
8249 6430
8250 6430
8252 6431
8253 6432
8255 6433
8256 6434
8257 6435
8258 6436
8350 6436
8259 6437
8353 6437
8260 6438
8261 6439
8265 6440
9518 6440
8266 6441
8267 6442
8268 6443
8269 6443
8270 6443
8273 6444
8275 6445
8276 6446
8277 6447
8278 6448
8279 6449
8280 6450
8281 6451
8282 6452
8284 6453
8285 6454
8286 6455
8287 6456
8288 6457
8289 6458
8330 6458
8290 6459
8291 6460
8292 6461
8293 6462
8294 6463
8295 6464
8296 6465
8297 6466
8299 6467
8300 6468
8301 6469
8302 6470
8303 6471
8304 6472
8305 6473
8306 6474
8307 6475
8308 6475
8309 6476
8310 6477
8311 6478
8313 6479
8314 6480
8315 6481
8316 6482
8317 6483
8318 6484
8972 6484
9019 6484
8319 6485
8320 6486
8322 6487
8323 6488
8324 6489
8325 6490
8326 6491
8327 6492
8328 6493
8438 6493
8329 6494
8331 6495
8332 6496
8333 6497
9262 6497
8335 6498
8336 6499
8337 6500
9097 6500
8339 6501
8340 6502
8341 6503
8342 6504
8343 6505
8344 6506
8345 6507
8347 6508
8348 6509
8349 6510
8351 6511
8352 6512
8354 6513
8355 6514
8356 6515
8358 6515
8357 6516
8359 6517
8360 6518
8361 6519
8362 6520
8363 6521
8365 6522
8367 6523
8369 6524
8371 6525
8372 6526
8373 6527
8374 6528
8375 6529
8376 6530
8377 6531
8378 6532
8379 6533
8380 6534
8381 6535
8382 6536
8383 6537
8384 6538
8385 6539
8386 6540
8387 6541
8388 6542
8390 6543
8391 6544
8569 6544
8392 6545
8393 6546
8394 6547
8395 6548
8396 6549
8397 6550
8398 6551
8399 6552
8402 6553
8403 6554
8405 6555
8406 6556
8407 6557
8409 6558
8410 6559
9521 6559
8411 6560
8412 6561
8413 6562
8414 6563
8415 6564
8416 6565
8417 6566
8418 6567
8419 6568
8420 6569
8421 6570
8422 6570
8423 6571
8424 6572
8495 6572
8426 6573
8428 6574
8429 6575
8431 6576
8432 6577
8436 6577
8433 6578
8434 6579
8435 6580
8437 6581
8439 6582
8448 6582
8440 6583
8441 6584
9247 6584
8442 6585
8443 6586
8444 6587
8445 6588
8446 6589
8447 6590
8449 6591
8450 6592
8451 6593
8452 6594
8453 6595
8455 6596
8456 6597
8457 6598
8459 6599
8460 6600
8461 6601
8462 6602
8464 6603
8465 6604
8466 6605
8468 6606
8469 6607
8470 6608
8471 6609
8472 6610
8473 6611
8474 6612
8476 6613
8477 6614
8478 6615
8480 6616
9088 6616
8481 6617
8482 6618
8483 6619
8484 6620
8485 6621
8486 6622
8487 6623
8488 6624
8489 6625
8490 6626
8491 6627
8492 6628
8496 6629
8497 6630
8498 6631
8499 6632
8673 6632
8500 6633
8501 6634
8502 6635
8504 6636
8505 6637
8506 6638
8507 6639
8508 6640
8509 6641
8513 6642
8514 6643
8516 6644
8518 6645
8519 6646
8521 6647
8786 6647
8522 6648
8523 6649
8524 6650
8803 6650
8525 6651
8530 6652
8531 6653
8738 6653
8536 6654
8537 6655
8538 6656
8543 6657
8545 6658
8550 6659
8551 6660
8552 6661
8553 6662
8555 6663
8556 6664
8557 6665
8560 6666
8561 6667
8562 6668
8563 6669
8564 6670
8565 6671
8566 6672
8567 6673
8568 6674
8699 6674
8570 6675
9244 6675
8571 6676
8573 6677
8574 6678
8575 6679
9114 6679
9123 6679
8576 6680
8577 6681
8578 6682
8580 6683
8582 6684
9068 6684
8583 6685
8585 6686
8586 6687
8587 6688
8588 6689
8589 6690
8590 6691
8591 6692
8627 6692
8592 6693
8593 6694
8594 6695
8595 6696
8596 6697
8597 6698
8598 6699
8599 6700
8600 6701
8601 6702
8602 6703
8603 6704
8604 6705
8605 6706
8606 6707
8607 6708
8608 6709
8609 6710
8610 6711
8611 6712
8612 6713
8613 6714
8614 6715
8615 6716
8616 6717
8617 6718
8618 6719
8619 6720
8620 6721
8621 6722
8622 6723
9413 6723
8623 6724
8624 6725
8625 6726
8626 6727
8628 6728
8629 6729
8630 6730
8631 6731
8632 6732
8633 6733
8634 6734
8635 6735
8636 6736
8637 6737
8638 6738
8639 6739
8640 6740
8641 6741
8642 6742
8643 6743
8644 6743
8645 6743
8646 6744
8647 6745
8648 6746
8649 6747
8650 6748
8651 6749
8666 6749
8652 6750
8653 6751
8654 6752
8655 6753
8656 6754
8657 6755
8658 6756
8659 6757
8660 6758
8661 6759
8662 6760
8663 6761
8664 6762
8665 6762
8667 6763
8668 6764
8669 6764
8670 6764
8671 6764
8672 6764
8674 6765
8675 6766
8676 6767
8677 6768
8678 6769
8679 6770
8680 6771
8681 6772
8682 6773
8683 6774
8684 6775
8685 6776
8686 6777
8687 6778
8688 6779
8690 6780
8692 6781
8693 6782
8694 6783
8695 6784
8696 6785
8697 6786
8698 6787
8700 6788
8707 6788
8715 6788
8804 6788
8701 6789
8703 6790
8704 6791
8705 6792
8706 6793
8708 6794
8711 6795
8712 6796
8713 6797
8714 6798
8717 6799
8718 6800
8719 6801
8722 6802
8723 6803
8724 6804
8725 6805
8727 6806
8728 6807
8730 6808
8731 6809
8732 6810
8734 6811
8806 6811
8736 6812
8737 6813
8739 6814
8741 6815
8744 6815
8742 6816
8743 6817
8788 6817
8745 6818
8747 6819
8750 6820
8752 6821
8753 6822
8754 6823
8755 6824
8757 6825
8759 6826
8761 6827
8762 6828
8763 6829
8764 6830
8766 6831
8767 6832
8768 6833
8770 6834
8771 6835
8772 6836
8774 6837
8776 6838
8778 6839
8779 6840
8781 6841
8782 6842
8783 6843
8784 6844
8785 6845
8789 6846
8791 6847
8793 6848
8794 6849
8795 6850
8797 6851
8798 6852
8799 6853
8800 6854
8802 6855
9176 6855
8805 6856
8807 6857
8808 6858
8809 6859
8812 6860
8814 6861
8815 6862
8816 6863
8817 6864
8820 6865
8821 6866
8822 6867
8824 6868
8825 6869
8826 6870
8827 6871
8828 6872
8829 6873
8830 6874
8831 6875
8832 6876
8833 6877
8834 6878
8837 6879
9270 6879
8843 6880
8846 6881
8856 6882
8857 6883
8859 6884
8863 6885
8870 6886
8875 6887
8876 6888
8877 6889
8878 6890
8881 6891
8882 6892
8883 6893
8884 6894
8885 6895
8886 6896
8887 6896
8957 6896
8888 6897
8890 6898
8892 6899
8893 6900
8894 6901
8895 6902
8896 6903
8897 6904
8898 6905
8899 6906
8900 6907
8901 6908
8902 6909
8903 6910
8904 6911
8905 6912
8906 6913
8908 6914
9051 6914
9052 6914
8909 6915
8910 6916
8911 6917
8912 6918
8913 6919
8915 6920
8918 6921
8919 6922
8921 6923
8922 6924
8923 6925
8924 6926
8925 6927
8926 6928
8927 6929
8928 6930
8931 6931
8932 6932
8933 6933
8934 6934
8935 6935
8936 6936
8939 6937
8942 6938
8944 6939
8945 6940
8948 6941
8949 6942
8951 6943
8952 6944
8953 6945
8954 6946
8955 6947
8956 6948
8958 6949
8959 6950
8960 6951
8961 6952
8962 6953
8963 6954
8964 6955
8965 6956
8966 6957
8967 6958
8968 6959
8969 6960
8970 6961
8971 6962
8973 6963
8974 6964
9031 6964
8975 6965
8976 6966
8977 6967
8978 6968
8979 6969
8980 6970
8981 6971
8982 6972
8983 6973
8984 6974
8985 6975
9229 6975
8986 6976
8987 6977
8988 6978
8989 6979
8990 6980
8991 6981
8992 6982
8993 6983
8994 6984
8995 6985
8996 6986
8997 6987
8998 6988
8999 6989
9000 6990
9001 6991
9002 6992
9003 6993
9004 6994
9005 6995
9006 6996
9007 6997
9008 6998
9009 6999
9010 7000
9011 7001
9012 7002
9013 7003
9014 7004
9015 7004
9016 7005
9017 7006
9018 7007
9020 7008
9021 7009
9022 7010
9023 7011
9024 7012
9025 7013
9026 7014
9027 7015
9028 7016
9029 7017
9030 7018
9032 7019
9033 7020
9034 7020
9035 7021
9036 7022
9037 7023
9038 7024
9039 7025
9040 7026
9041 7027
9042 7028
9043 7029
9044 7030
9045 7031
9046 7032
9047 7033
9048 7034
9049 7035
9050 7036
9053 7037
9054 7038
9055 7039
9056 7040
9057 7041
9058 7042
9059 7043
9060 7044
9061 7045
9062 7046
9063 7047
9065 7048
9066 7049
9069 7050
9070 7051
9071 7052
9072 7053
9073 7054
9074 7055
9076 7056
9080 7057
9083 7058
9089 7059
9090 7060
9092 7061
9093 7062
9094 7063
9096 7064
9098 7065
9099 7066
9100 7067
9101 7068
9102 7069
9103 7070
9104 7071
9105 7072
9106 7073
9107 7074
9108 7075
9109 7076
9110 7077
9111 7078
9112 7079
9113 7080
9115 7081
9116 7082
9148 7082
9117 7083
9118 7084
9119 7085
9120 7086
9121 7087
9124 7088
9125 7089
9127 7090
9128 7091
9129 7092
9130 7093
9131 7093
9132 7094
9134 7095
9136 7096
9139 7097
9154 7097
9140 7098
9141 7099
9142 7100
9145 7101
9147 7102
9149 7103
9227 7103
9150 7104
9152 7105
9332 7105
9153 7106
9156 7107
9158 7108
9159 7109
9163 7110
9164 7111
9251 7111
9167 7112
9168 7113
9178 7113
9169 7114
9171 7115
9172 7116
9174 7117
9177 7118
9179 7119
9183 7120
9187 7121
9192 7122
9193 7123
9255 7123
9194 7124
9195 7125
9196 7126
9198 7127
9199 7128
9200 7129
9201 7130
9202 7131
9203 7132
9204 7133
9205 7134
9207 7135
9208 7136
9210 7137
9211 7138
9212 7139
9213 7140
9215 7141
9216 7142
9217 7143
9218 7144
9219 7145
9220 7146
9221 7147
9223 7148
9224 7149
9225 7150
9228 7151
9230 7152
9231 7153
9232 7154
9233 7155
9234 7156
9235 7157
9237 7158
9238 7159
9240 7160
9241 7161
9242 7162
9243 7163
9245 7164
9246 7165
9248 7166
9249 7167
9250 7168
9253 7169
9254 7170
9256 7171
9257 7172
9258 7173
9259 7174
9260 7175
9261 7176
9263 7177
9264 7178
9265 7179
9272 7180
9274 7181
9277 7182
9279 7183
9282 7184
9284 7185
9289 7186
9290 7187
9291 7188
9298 7189
9299 7190
9300 7191
9301 7192
9302 7193
9303 7194
9304 7195
9305 7196
9306 7197
9307 7198
9308 7199
9310 7200
9314 7201
9320 7202
9322 7203
9326 7204
9331 7205
9333 7206
9334 7207
9337 7208
9339 7209
9340 7210
9341 7211
9342 7212
9343 7213
9344 7214
9345 7215
9346 7216
9348 7217
9349 7218
9351 7219
9352 7220
9353 7221
9354 7222
9355 7223
9356 7224
9357 7225
9359 7226
9360 7227
9361 7228
9362 7229
9363 7230
9365 7231
9366 7232
9367 7233
9369 7234
9371 7235
9373 7236
9375 7237
9376 7238
9377 7239
9378 7240
9381 7241
9382 7241
9389 7241
9383 7242
9384 7243
9387 7244
9388 7245
9390 7246
9391 7247
9394 7248
9395 7249
9396 7250
9397 7251
9398 7252
9399 7253
9400 7254
9401 7255
9402 7256
9403 7257
9404 7258
9405 7259
9406 7260
9407 7261
9408 7262
9409 7263
9410 7264
9411 7265
9412 7266
9414 7267
9415 7268
9416 7269
9417 7270
9418 7271
9419 7272
9420 7273
9421 7274
9422 7275
9423 7276
9424 7277
9425 7278
9426 7279
9427 7280
9428 7281
9429 7282
9430 7283
9431 7284
9432 7285
9433 7286
9434 7287
9435 7288
9438 7289
9439 7290
9440 7291
9441 7292
9442 7293
9443 7294
9445 7295
9446 7296
9447 7297
9448 7298
9449 7299
9450 7300
9451 7301
9452 7302
9453 7303
9454 7303
9455 7303
9456 7303
9457 7304
9458 7305
9459 7306
9460 7307
9461 7308
9462 7309
9463 7310
9464 7311
9465 7312
9466 7313
9467 7314
9468 7315
9469 7316
9470 7317
9471 7318
9472 7319
9473 7320
9474 7321
9478 7321
9475 7322
9476 7323
9477 7324
9479 7325
9480 7326
9482 7327
9483 7328
9484 7329
9485 7330
9489 7330
9490 7330
9486 7331
9487 7332
9495 7332
9497 7332
9498 7332
9488 7333
9491 7334
9492 7335
9493 7336
9494 7337
9496 7338
9500 7339
9501 7340
9502 7341
9504 7342
9624 7342
9505 7343
9509 7344
9510 7345
9511 7346
9512 7347
9514 7348
9515 7349
9516 7350
9517 7351
9522 7352
9523 7353
9524 7354
9525 7355
9527 7356
9528 7357
9529 7358
9530 7359
9531 7360
9532 7360
9534 7360
9535 7360
9536 7360
9537 7360
9539 7361
9544 7362
9545 7363
9547 7364
9548 7365
9549 7366
9570 7366
9550 7367
9551 7368
9552 7369
9554 7370
9555 7371
9556 7372
9558 7373
9561 7374
9562 7375
9563 7376
9564 7377
9565 7378
9566 7379
9567 7380
9568 7381
9575 7381
9579 7381
9611 7381
9631 7381
9643 7381
9668 7381
9676 7381
9569 7382
9571 7383
9572 7384
9573 7385
9574 7386
9576 7387
9577 7388
9578 7389
9581 7390
9582 7391
9743 7391
9583 7392
9584 7393
9585 7394
9586 7395
9587 7396
9588 7397
9589 7398
9590 7399
9591 7400
9592 7401
9593 7402
9594 7403
9595 7404
9596 7405
9597 7406
9598 7407
9600 7408
9601 7409
9602 7410
9603 7411
9604 7412
9605 7413
9606 7414
9607 7414
9608 7415
9609 7416
9610 7417
9612 7418
9613 7419
9614 7420
9615 7421
9616 7422
9617 7423
9618 7424
9619 7425
9620 7426
9621 7427
9622 7428
9623 7429
9625 7430
9626 7431
9627 7432
9628 7433
9629 7434
9630 7435
9634 7436
9636 7437
9637 7438
9639 7439
9640 7440
9641 7441
9642 7442
9644 7443
9645 7444
9646 7444
9647 7445
9648 7445
9649 7446
9650 7447
9651 7448
9652 7449
9653 7450
9654 7451
9655 7452
9656 7453
9657 7454
9658 7455
9659 7456
9660 7457
9661 7458
9662 7459
9663 7460
9664 7461
9665 7462
9666 7463
9667 7464
9669 7465
9670 7466
9671 7467
9673 7467
9672 7468
9674 7469
9675 7470
9677 7471
9678 7472
9679 7473
9680 7474
9681 7475
9682 7476
9683 7477
9684 7478
9685 7479
9686 7480
9687 7481
9688 7482
9689 7483
9690 7484
9691 7485
9692 7486
9693 7487
9694 7488
9695 7489
9696 7490
9697 7491
9698 7492
9699 7493
9700 7494
9701 7495
9702 7496
9703 7497
9704 7498
9705 7499
9706 7500
9707 7501
9708 7502
9709 7503
9710 7504
9711 7505
9712 7506
9713 7507
9750 7507
9762 7507
9851 7507
9877 7507
9714 7508
9715 7509
9716 7510
9717 7511
9718 7512
9719 7513
9720 7514
9721 7515
9722 7516
9723 7517
9724 7518
9725 7519
9726 7520
9727 7521
9728 7522
9729 7523
9730 7524
9731 7525
9732 7526
9733 7527
9734 7528
9735 7529
9736 7530
9737 7531
9738 7532
9739 7533
9740 7534
9741 7535
9742 7536
9744 7537
9745 7538
9746 7539
9748 7540
9749 7541
9751 7542
9752 7543
9753 7544
9754 7545
9755 7546
9756 7547
9757 7548
9758 7549
9759 7550
9760 7551
9761 7552
9763 7553
9764 7554
9765 7555
9766 7556
9767 7557
9768 7558
9769 7559
9770 7560
9771 7561
9772 7562
9773 7563
9774 7564
9775 7565
9776 7566
9777 7567
9778 7568
9779 7569
9780 7570
9859 7570
9781 7571
9782 7572
9783 7573
9784 7574
9785 7575
9786 7576
9787 7577
9788 7578
9789 7579
9790 7580
9791 7581
9792 7582
9793 7583
9794 7584
9795 7585
9796 7586
9797 7587
9798 7588
9799 7589
9800 7590
9801 7591
9802 7592
9803 7593
9804 7594
9805 7595
9806 7596
9807 7597
9808 7598
9809 7599
9810 7600
9811 7601
9812 7602
9813 7603
9814 7604
9815 7605
9816 7606
9817 7607
9818 7608
9819 7609
9820 7610
9821 7611
9822 7612
9823 7613
9824 7614
9825 7615
9826 7616
9827 7617
9828 7618
9829 7619
9830 7620
9831 7621
9832 7622
9833 7623
9834 7624
9835 7625
9836 7626
9837 7627
9838 7628
9840 7629
9841 7630
9843 7631
9844 7632
9845 7633
9846 7634
9847 7635
9848 7636
9849 7637
9850 7638
9852 7639
9853 7640
9854 7641
9855 7642
9857 7643
9858 7644
9860 7645
9861 7646
9862 7647
9863 7648
9864 7649
9865 7650
9866 7651
9867 7652
9868 7653
9869 7654
9870 7655
9871 7656
9872 7657
9873 7658
9874 7659
9875 7660
9876 7661
9878 7662
9879 7663
9880 7664
9881 7665
9882 7666
9883 7667
9884 7668
9885 7669
9886 7670
9887 7671
9888 7672
9889 7673
9890 7674
9891 7675
9892 7676
9893 7677
9894 7678
9895 7679
9896 7680
9897 7681
9898 7682
9899 7683
9900 7684
9901 7685
9902 7686
9903 7687
9904 7688
9905 7689
9906 7690
9907 7691
9908 7692
9909 7693
9910 7694
9911 7695
9912 7696
9913 7697
9914 7698
9915 7699
9916 7700
9917 7701
9918 7702
9919 7703
9920 7704
9921 7705
9922 7706
9923 7707
9924 7708
9925 7709
9926 7710
9927 7711
9928 7712
9929 7713
9930 7714
9931 7715
9932 7716
9933 7717
9934 7718
9935 7719
9936 7720
9937 7721
9938 7722
9939 7723
9940 7724
9941 7725
9942 7726
9943 7727
9944 7728
9945 7729
9946 7730
9947 7731
9948 7732
9949 7733
9950 7734
9951 7735
9952 7736
9953 7737
9954 7738
9955 7739
9957 7740
9958 7741
9959 7742
9960 7743
9961 7744
9962 7745
9963 7746
9964 7747
9965 7748
9966 7749
9967 7750
9968 7751
9969 7752
9970 7753
9971 7754
9972 7755
9973 7756
9974 7757
9975 7758
9976 7759
9977 7760
9978 7761
9979 7762
9980 7763
9981 7764
9982 7765
9983 7766
9984 7767
9985 7768
9986 7769
9988 7770
9990 7771
9992 7772
9993 7773
9995 7774
9996 7775
9997 7776
