0 164
1 5803
2 7785
3 5083
4 1706
5 6226
6 2534
7 4168
8 3891
9 5494
10 5474
11 2359
12 76
13 5625
14 5037
15 66
16 1513
17 904
18 5226
19 2133
20 2331
21 3410
22 3441
23 5858
24 6115
25 1228
26 7272
27 7382
28 2188
29 4640
30 654
31 4433
32 3334
33 5754
34 6445
35 3082
36 2806
37 5213
38 6268
39 5949
40 7569
41 4233
42 7759
43 5418
44 1849
45 4287
46 546
47 7500
48 5163
49 4590
50 6786
51 3063
52 4659
53 4323
54 5225
55 6235
56 6574
57 3445
58 2951
59 4745
60 3734
61 3506
62 4124
63 4480
64 6990
65 2276
66 3109
67 5802
68 4779
69 2901
70 4223
71 1336
72 7587
73 4885
74 7323
75 2029
76 7893
77 2897
78 3961
79 6074
80 3199
81 2170
82 2876
83 5312
84 3953
85 7062
86 809
87 7668
88 2730
89 4112
90 6606
91 1038
92 4680
93 3988
94 4879
95 2359
96 953
97 7171
98 87
99 2292
100 1879
101 3677
102 5379
103 17
104 2327
105 2737
106 6291
107 6117
108 2772
109 6085
110 7402
111 6095
112 7694
113 7263
114 5421
115 5544
116 1192
117 4677
118 925
119 1629
120 1249
121 5214
122 422
123 1246
124 3550
125 6127
126 2312
127 1649
128 3037
129 2631
130 2135
131 972
132 4607
133 3208
134 4180
135 4372
136 1339
137 6826
138 925
139 885
140 2331
141 4274
142 6726
143 1812
144 7378
145 1626
146 1759
147 5187
148 3697
149 5202
150 5504
151 572
152 4228
153 1730
154 3447
155 4239
156 7814
157 1286
158 6164
159 3469
160 3634
161 6026
162 1586
163 6132
164 4960
165 6310
166 7543
167 1021
168 2867
169 4342
170 3449
171 5630
172 3503
173 3067
174 7031
175 1274
176 7558
177 6884
178 5919
179 4726
180 1817
181 2976
182 2280
183 355
184 4720
185 4554
186 605
187 4197
188 4894
189 447
190 5675
191 4043
192 1065
193 2298
194 4639
195 3217
196 6801
197 6205
198 5024
199 255
200 3234
201 3156
202 7020
203 4503
204 1373
205 4831
206 2666
207 4011
208 6160
209 5232
210 4843
211 3794
212 4484
213 3436
214 7139
215 1321
216 3560
217 7196
218 1223
219 7128
220 4698
221 3544
222 7968
223 5303
224 2746
225 4955
226 4272
227 2843
228 319
229 6425
230 3703
231 4201
232 4328
233 4364
234 1981
235 2173
236 4997
237 7636
238 1925
239 2579
240 5800
241 7302
242 2804
243 5088
244 2536
245 1712
246 7286
247 2906
248 7541
249 223
250 3629
251 7504
252 6119
253 5814
254 5419
255 7040
256 4863
257 2832
258 1773
259 406
260 5
261 4294
262 4085
263 7091
264 2858
265 5322
266 850
267 63
268 4752
269 6502
270 6468
271 6904
272 4760
273 1846
274 1614
275 7553
276 3
277 2954
278 4856
279 6674
280 4738
281 263
282 5813
283 4889
284 4167
285 4871
286 4143
287 4461
288 4350
289 5085
290 3830
291 1234
292 4335
293 3587
294 6899
295 2424
296 1209
297 2214
298 7591
299 4103
300 4586
301 4667
302 1778
303 1620
304 5443
305 1576
306 2766
307 3473
308 5329
309 6448
310 1386
311 5951
312 5333
313 1157
314 297
315 7397
316 7414
317 3968
318 6412
319 2529
320 1869
321 7698
322 3140
323 5265
324 7792
325 4063
326 334
327 4354
328 1014
329 1274
330 3540
331 2101
332 4718
333 6823
334 7576
335 5726
336 7821
337 4333
338 4308
339 3282
340 2585
341 5342
342 5786
343 1350
344 5287
345 4955
346 7418
347 4593
348 578
349 2123
350 6478
351 3913
352 2567
353 3114
354 720
355 1610
356 328
357 5515
358 2264
359 3294
360 2939
361 1373
362 7376
363 3548
364 3490
365 4972
366 90
367 729
368 7424
369 3311
370 2842
371 1850
372 2617
373 3018
374 3661
375 486
376 47
377 1034
378 7514
379 4978
380 5095
381 3253
382 7941
383 1506
384 1333
385 2871
386 6512
387 1502
388 6582
389 2597
390 4779
391 1985
392 4329
393 5480
394 4035
395 7846
396 7589
397 4855
398 1913
399 6978
400 1078
401 4364
402 2053
403 4261
404 5177
405 1135
406 7753
407 896
408 7765
409 1277
410 3818
411 6793
412 6601
413 2254
414 6147
415 6218
416 5366
417 7860
418 5505
419 791
420 4999
421 4443
422 1144
423 5228
424 5876
425 1326
426 4008
427 2254
428 5300
429 5997
430 409
431 5169
432 2651
433 4836
434 5532
435 5016
436 3856
437 7866
438 857
439 5451
440 6239
441 1984
442 6187
443 5480
444 4961
445 5509
446 3424
447 6438
448 7836
449 6420
450 175
451 4043
452 2669
453 5834
454 5884
455 2931
456 4520
457 2922
458 4242
459 1393
460 2764
461 1455
462 2947
463 2663
464 295
465 4188
466 771
467 1765
468 4757
469 7925
470 5695
471 45
472 3184
473 3077
474 589
475 7383
476 6143
477 5748
478 7064
479 2583
480 1954
481 5277
482 4797
483 2138
484 7489
485 472
486 1326
487 5528
488 7436
489 4604
490 4360
491 3882
492 2768
493 3457
494 1914
495 7530
496 5296
497 7815
498 625
499 1239
500 2760
501 262
502 2733
503 865
504 6275
505 157
506 4095
507 2124
508 2404
509 6388
510 329
511 5755
512 7570
513 202
514 5230
515 2481
516 3932
517 1955
518 4411
519 4682
520 2810
521 1121
522 3197
523 2914
524 4886
525 5061
526 1030
527 3965
528 1226
529 783
530 2406
531 2774
532 992
533 4314
534 4199
535 2573
536 5904
537 2646
538 2187
539 1387
540 2870
541 4463
542 2629
543 5334
544 5981
545 1792
546 952
547 7955
548 149
549 1864
550 1485
551 6148
552 7291
553 1377
554 1028
555 3231
556 107
557 7048
558 182
559 3315
560 6868
561 4104
562 7427
563 5459
564 5564
565 4858
566 5862
567 4088
568 4195
569 415
570 6566
571 396
572 5740
573 145
574 6149
575 6741
576 7509
577 3944
578 1183
579 1015
580 1951
581 6316
582 6598
583 1247
584 4036
585 7540
586 3025
587 4438
588 4674
589 7420
590 6784
591 1457
592 1430
593 4933
594 2279
595 2400
596 7586
597 6631
598 7238
599 5488
600 6835
601 7027
602 2033
603 2655
604 1248
605 1828
606 2072
607 5766
608 4669
609 2285
610 7799
611 6110
612 1324
613 864
614 4934
615 1979
616 2909
617 5392
618 2552
619 4661
620 7392
621 3368
622 5496
623 6168
624 2410
625 3524
626 1110
627 3806
628 209
629 690
630 1399
631 3099
632 4536
633 5191
634 215
635 6266
636 7585
637 968
638 514
639 1905
640 1024
641 1469
642 2607
643 305
644 5351
645 6095
646 50
647 3853
648 2838
649 6296
650 4080
651 2357
652 1353
653 5642
654 237
655 4990
656 39
657 1358
658 1097
659 4702
660 2009
661 1565
662 216
663 1670
664 2061
665 3847
666 5358
667 1118
668 5262
669 1214
670 6692
671 1101
672 1594
673 1790
674 1780
675 4304
676 3601
677 1058
678 1220
679 2869
680 1149
681 2878
682 1302
683 445
684 3545
685 434
686 3344
687 7884
688 1004
689 2019
690 7632
691 458
692 5033
693 4567
694 3540
695 7119
696 6306
697 1745
698 1717
699 1395
700 6629
701 7270
702 1634
703 6512
704 2761
705 2578
706 3059
707 5031
708 4696
709 5236
710 6765
711 5989
712 6162
713 3507
714 5529
715 277
716 5215
717 686
718 4529
719 650
720 3270
721 3775
722 4413
723 2594
724 5694
725 3159
726 7235
727 7843
728 5615
729 1950
730 3559
731 3540
732 6375
733 1107
734 2002
735 5004
736 7657
737 6550
738 1655
739 2270
740 1300
741 2982
742 5041
743 6163
744 3987
745 5466
746 7100
747 1241
748 4895
749 4579
750 155
751 2695
752 7677
753 7710
754 7960
755 4990
756 5571
757 6636
758 2187
759 2623
760 4678
761 3036
762 7830
763 6569
764 5206
765 3428
766 3727
767 4411
768 2355
769 2697
770 1811
771 4262
772 7387
773 6220
774 1453
775 5467
776 6273
777 2705
778 4116
779 4693
780 1902
781 5464
782 1503
783 3192
784 418
785 463
786 5856
787 5015
788 6338
789 4733
790 6785
791 1729
792 2492
793 6083
794 3306
795 2249
796 7003
797 7527
798 7
799 1897
800 4744
801 4837
802 1059
803 7940
804 2171
805 3634
806 6080
807 3458
808 4859
809 1445
810 3553
811 3169
812 2573
813 3285
814 4032
815 1006
816 4169
817 7379
818 3821
819 4431
820 205
821 4146
822 4276
823 2935
824 5485
825 6397
826 1327
827 3945
828 816
829 2166
830 4155
831 6454
832 3949
833 3349
834 5992
835 3258
836 5470
837 5646
838 5184
839 575
840 254
841 7283
842 4175
843 3185
844 5174
845 1511
846 7041
847 5373
848 1791
849 4243
850 3544
851 96
852 5182
853 3865
854 5764
855 5311
856 5758
857 2624
858 3446
859 6565
860 5677
861 2268
862 1105
863 6304
864 314
865 4574
866 7229
867 3963
868 4235
869 5129
870 4212
871 3836
872 7649
873 6652
874 6564
875 1727
876 4285
877 6100
878 1915
879 7152
880 1367
881 3343
882 5337
883 3581
884 1322
885 4695
886 757
887 4984
888 646
889 3517
890 4033
891 5699
892 4327
893 5923
894 1037
895 4876
896 6851
897 6476
898 16
899 4010
900 2510
901 5713
902 4746
903 899
904 7951
905 6571
906 1272
907 4158
908 493
909 5237
910 347
911 341
912 390
913 1908
914 779
915 2471
916 2290
917 4105
918 5092
919 1376
920 5040
921 5013
922 6654
923 4517
924 1710
925 627
926 3028
927 3708
928 7633
929 1140
930 6930
931 5745
932 648
933 3415
934 788
935 2874
936 5776
937 4958
938 2514
939 1257
940 3693
941 3453
942 4490
943 2819
944 4020
945 4142
946 7001
947 4044
948 4343
949 6948
950 5343
951 3366
952 2462
953 2091
954 4944
955 5801
956 2246
957 771
958 6893
959 6327
960 4219
961 6942
962 7546
963 7314
964 4256
965 6303
966 1491
967 454
968 2690
969 7011
970 3524
971 866
972 5691
973 2652
974 1295
975 6081
976 2223
977 7421
978 5113
979 2740
980 5726
981 7892
982 5495
983 6807
984 1141
985 6581
986 1693
987 6418
988 488
989 5396
990 7646
991 5285
992 1901
993 500
994 5125
995 6969
996 3901
997 6972
998 4809
999 1281
1000 955
1001 4981
1002 5110
1003 315
1004 1713
1005 2319
1006 3352
1007 3990
1008 4345
1009 3610
1010 4101
1011 1424
1012 1882
1013 4840
1014 2672
1015 2313
1016 604
1017 7130
1018 4113
1019 5422
1020 5288
1021 1809
1022 405
1023 3552
1024 7149
1025 2929
1026 6887
1027 2949
1028 522
1029 4948
1030 3191
1031 5224
1032 1822
1033 3536
1034 2360
1035 1103
1036 2488
1037 4161
1038 5983
1039 5674
1040 2499
1041 7354
1042 985
1043 3323
1044 3973
1045 4724
1046 2762
1047 1600
1048 4248
1049 6791
1050 2878
1051 6681
1052 4166
1053 3908
1054 5836
1055 5710
1056 1532
1057 5591
1058 5669
1059 7444
1060 1674
1061 5864
1062 2724
1063 5453
1064 7386
1065 7311
1066 2596
1067 6386
1068 1240
1069 5928
1070 4667
1071 5898
1072 4278
1073 3596
1074 6255
1075 7475
1076 6996
1077 92
1078 7053
1079 3663
1080 4204
1081 6584
1082 7521
1083 7609
1084 5859
1085 2030
1086 7837
1087 3941
1088 5214
1089 4888
1090 2610
1091 2603
1092 5639
1093 5525
1094 685
1095 5304
1096 3540
1097 5346
1098 3607
1099 6126
1100 4373
1101 7076
1102 7343
1103 5499
1104 6109
1105 927
1106 5450
1107 1115
1108 7158
1109 3164
1110 7922
1111 3611
1112 6637
1113 4540
1114 4186
1115 1813
1116 896
1117 3455
1118 5676
1119 1256
1120 4565
1121 2493
1122 4006
1123 6749
1124 3373
1125 930
1126 5094
1127 7518
1128 5014
1129 1261
1130 5429
1131 1217
1132 3083
1133 4651
1134 6683
1135 2288
1136 119
1137 7662
1138 4519
1139 2256
1140 1550
1141 5678
1142 3579
1143 1788
1144 3534
1145 4953
1146 2247
1147 2713
1148 7528
1149 2942
1150 4873
1151 5788
1152 1421
1153 425
1154 1883
1155 4833
1156 7857
1157 3385
1158 7301
1159 1489
1160 4493
1161 1685
1162 3124
1163 2612
1164 2132
1165 3741
1166 3899
1167 2485
1168 4524
1169 4409
1170 114
1171 5651
1172 6798
1173 4823
1174 2243
1175 2757
1176 7224
1177 7217
1178 304
1179 5188
1180 5245
1181 5369
1182 5248
1183 3946
1184 5888
1185 6479
1186 4833
1187 7901
1188 6038
1189 6155
1190 5955
1191 7059
1192 6977
1193 221
1194 661
1195 1770
1196 4990
1197 2856
1198 5588
1199 414
1200 1420
1201 4127
1202 4036
1203 4245
1204 3041
1205 7783
1206 6462
1207 7353
1208 1957
1209 7187
1210 7687
1211 6945
1212 28
1213 4178
1214 4712
1215 3712
1216 5298
1217 5134
1218 2702
1219 5113
1220 4851
1221 4613
1222 6859
1223 1944
1224 2844
1225 5962
1226 3713
1227 2799
1228 7603
1229 5155
1230 4756
1231 7261
1232 6256
1233 862
1234 7076
1235 3797
1236 1617
1237 5165
1238 1524
1239 6870
1240 4459
1241 1063
1242 1573
1243 3121
1244 7873
1245 7347
1246 3509
1247 184
1248 6330
1249 5733
1250 5940
1251 3223
1252 5228
1253 2975
1254 68
1255 606
1256 4439
1257 2711
1258 1972
1259 4989
1260 1397
1261 4310
1262 5139
1263 2915
1264 4413
1265 5010
1266 6165
1267 6232
1268 73
1269 2921
1270 2812
1271 5627
1272 944
1273 2366
1274 1006
1275 1855
1276 5056
1277 2824
1278 2937
1279 5832
1280 6301
1281 4191
1282 5610
1283 7285
1284 7534
1285 7906
1286 2944
1287 1048
1288 3410
1289 5830
1290 6019
1291 4480
1292 2735
1293 2787
1294 2052
1295 135
1296 5284
1297 7054
1298 3070
1299 3389
1300 1147
1301 2581
1302 805
1303 2198
1304 7236
1305 6661
1306 933
1307 2852
1308 6320
1309 6559
1310 3977
1311 4136
1312 7640
1313 7674
1314 4440
1315 5949
1316 7237
1317 5200
1318 5100
1319 1360
1320 4503
1321 6599
1322 3216
1323 1401
1324 603
1325 2141
1326 849
1327 764
1328 6803
1329 3047
1330 3501
1331 2544
1332 5738
1333 2700
1334 4781
1335 3579
1336 5527
1337 6458
1338 599
1339 5701
1340 966
1341 5390
1342 2755
1343 6319
1344 3381
1345 6441
1346 7697
1347 4894
1348 5170
1349 1430
1350 3594
1351 3391
1352 767
1353 2642
1354 1101
1355 29
1356 65
1357 5366
1358 3912
1359 1155
1360 3277
1361 6007
1362 1932
1363 5655
1364 5466
1365 5598
1366 3019
1367 7490
1368 7198
1369 524
1370 1659
1371 2875
1372 2967
1373 4481
1374 1087
1375 5776
1376 1632
1377 283
1378 7774
1379 2574
1380 6543
1381 6837
1382 7823
1383 7161
1384 7880
1385 1684
1386 2486
1387 4099
1388 6740
1389 3075
1390 4240
1391 6150
1392 1383
1393 2621
1394 1252
1395 5562
1396 6746
1397 502
1398 3494
1399 3078
1400 5195
1401 2079
1402 1451
1403 1595
1404 3
1405 6974
1406 550
1407 6192
1408 1295
1409 4985
1410 5174
1411 4580
1412 4553
1413 1636
1414 7307
1415 5960
1416 4141
1417 5424
1418 772
1419 163
1420 3737
1421 6021
1422 1831
1423 3309
1424 7540
1425 2347
1426 4077
1427 4596
1428 6228
1429 5735
1430 6424
1431 5350
1432 7572
1433 2809
1434 835
1435 1137
1436 1050
1437 6890
1438 2150
1439 1206
1440 7094
1441 5973
1442 3462
1443 6648
1444 7717
1445 6779
1446 2798
1447 7389
1448 4598
1449 1188
1450 4880
1451 4310
1452 490
1453 1609
1454 2708
1455 6593
1456 4689
1457 85
1458 4885
1459 822
1460 956
1461 2463
1462 6095
1463 4249
1464 2000
1465 5032
1466 4267
1467 2453
1468 2614
1469 2788
1470 4653
1471 3359
1472 627
1473 4272
1474 4664
1475 5876
1476 5853
1477 4062
1478 7394
1479 327
1480 3444
1481 1650
1482 4573
1483 4618
1484 6613
1485 5460
1486 6603
1487 382
1488 2676
1489 4053
1490 2821
1491 4321
1492 1146
1493 6211
1494 5038
1495 6611
1496 6860
1497 2932
1498 2329
1499 4849
1500 710
1501 4220
1502 2960
1503 5993
1504 4790
1505 2097
1506 4435
1507 2947
1508 4933
1509 4372
1510 5107
1511 3521
1512 664
1513 4860
1514 888
1515 5422
1516 5191
1517 5569
1518 4416
1519 461
1520 3128
1521 3971
1522 5263
1523 7653
1524 1063
1525 2065
1526 6883
1527 903
1528 5132
1529 6447
1530 3370
1531 2259
1532 3641
1533 260
1534 4830
1535 4972
1536 3269
1537 1365
1538 5903
1539 3104
1540 4453
1541 5861
1542 5188
1543 2738
1544 5514
1545 6699
1546 5176
1547 248
1548 2908
1549 7262
1550 4681
1551 3541
1552 5529
1553 1013
1554 7762
1555 1386
1556 6050
1557 4255
1558 6725
1559 2647
1560 20
1561 4783
1562 3451
1563 392
1564 4556
1565 1190
1566 3736
1567 219
1568 4284
1569 4480
1570 387
1571 7513
1572 6065
1573 2767
1574 4831
1575 839
1576 6395
1577 2263
1578 1210
1579 4750
1580 6668
1581 2505
1582 3896
1583 4375
1584 2994
1585 7046
1586 3895
1587 3713
1588 7140
1589 7118
1590 162
1591 1441
1592 1070
1593 6819
1594 1430
1595 5617
1596 6537
1597 7125
1598 6363
1599 5360
1600 1395
1601 1528
1602 1845
1603 5484
1604 6428
1605 3570
1606 7889
1607 2938
1608 2484
1609 2877
1610 7607
1611 4501
1612 5293
1613 333
1614 6367
1615 6832
1616 6663
1617 7459
1618 7051
1619 782
1620 2551
1621 1019
1622 3759
1623 1477
1624 3177
1625 5026
1626 1720
1627 533
1628 6891
1629 1380
1630 1374
1631 3914
1632 4464
1633 5808
1634 1460
1635 746
1636 4385
1637 1665
1638 1026
1639 6834
1640 5267
1641 970
1642 428
1643 4499
1644 5662
1645 7123
1646 3696
1647 3917
1648 5461
1649 2039
1650 3194
1651 3190
1652 2648
1653 5319
1654 3610
1655 6482
1656 5412
1657 7794
1658 3029
1659 7750
1660 3568
1661 1177
1662 4366
1663 3755
1664 3763
1665 853
1666 715
1667 4150
1668 2970
1669 5078
1670 6312
1671 1517
1672 41
1673 3329
1674 5030
1675 4143
1676 5267
1677 26
1678 5078
1679 7654
1680 5971
1681 3299
1682 7624
1683 6172
1684 1995
1685 4211
1686 1881
1687 7218
1688 2730
1689 962
1690 6336
1691 1665
1692 7519
1693 2884
1694 3325
1695 4462
1696 951
1697 3251
1698 2661
1699 302
1700 5674
1701 5045
1702 309
1703 4571
1704 610
1705 478
1706 6010
1707 1642
1708 1342
1709 1055
1710 7443
1711 4537
1712 5216
1713 6975
1714 7395
1715 4416
1716 7634
1717 1752
1718 5062
1719 7185
1720 1315
1721 671
1722 5995
1723 4995
1724 6484
1725 6659
1726 5154
1727 3682
1728 5959
1729 5488
1730 5292
1731 2934
1732 3692
1733 1179
1734 5128
1735 5491
1736 4467
1737 3026
1738 7733
1739 2790
1740 1287
1741 2524
1742 4913
1743 999
1744 7069
1745 6805
1746 2572
1747 1725
1748 5659
1749 5759
1750 4466
1751 7193
1752 5436
1753 792
1754 651
1755 5618
1756 2309
1757 1405
1758 6244
1759 446
1760 7298
1761 1265
1762 5130
1763 6443
1764 3905
1765 1439
1766 1046
1767 4636
1768 5232
1769 5707
1770 3925
1771 6901
1772 3967
1773 6181
1774 4035
1775 1415
1776 2756
1777 890
1778 4616
1779 7360
1780 909
1781 77
1782 4408
1783 6571
1784 95
1785 1450
1786 6287
1787 7380
1788 3545
1789 5633
1790 1043
1791 7227
1792 6769
1793 2025
1794 7622
1795 3198
1796 7461
1797 1464
1798 4724
1799 2800
1800 3200
1801 6850
1802 6551
1803 6303
1804 1018
1805 6041
1806 2489
1807 994
1808 7225
1809 3537
1810 4941
1811 4779
1812 7697
1813 834
1814 5844
1815 3996
1816 579
1817 2743
1818 1604
1819 4193
1820 3623
1821 4865
1822 7165
1823 2851
1824 4888
1825 2941
1826 1647
1827 1841
1828 5419
1829 2120
1830 2780
1831 448
1832 6242
1833 452
1834 6794
1835 4489
1836 3123
1837 2237
1838 5115
1839 5706
1840 3357
1841 7275
1842 773
1843 5868
1844 4170
1845 7548
1846 1445
1847 7727
1848 965
1849 4120
1850 3593
1851 6125
1852 3443
1853 1125
1854 416
1855 6351
1856 14
1857 7474
1858 825
1859 5996
1860 1548
1861 7631
1862 5436
1863 4830
1864 6999
1865 846
1866 7709
1867 183
1868 4846
1869 6822
1870 6446
1871 5079
1872 1789
1873 7844
1874 3616
1875 3565
1876 4534
1877 5832
1878 5743
1879 3954
1880 5462
1881 6849
1882 1079
1883 6095
1884 6222
1885 3210
1886 1902
1887 5565
1888 6251
1889 6247
1890 3525
1891 4098
1892 7675
1893 6708
1894 1406
1895 3555
1896 1196
1897 6048
1898 1652
1899 5350
1900 4722
1901 6853
1902 4338
1903 2825
1904 2508
1905 5074
1906 2720
1907 1020
1908 5102
1909 3611
1910 3546
1911 4607
1912 6729
1913 4172
1914 89
1915 7350
1916 5008
1917 3014
1918 570
1919 2979
1920 4012
1921 1999
1922 2069
1923 6161
1924 4914
1925 5144
1926 3796
1927 4870
1928 30
1929 3310
1930 7726
1931 6433
1932 581
1933 3076
1934 5515
1935 7737
1936 3688
1937 7010
1938 5453
1939 356
1940 2903
1941 4087
1942 5517
1943 4587
1944 3879
1945 4992
1946 2165
1947 4067
1948 1735
1949 3217
1950 3890
1951 717
1952 3641
1953 2634
1954 5292
1955 6546
1956 6732
1957 4973
1958 1960
1959 188
1960 4869
1961 7897
1962 6010
1963 6059
1964 1758
1965 730
1966 2284
1967 1402
1968 1820
1969 3162
1970 5679
1971 7029
1972 3457
1973 1990
1974 100
1975 2988
1976 1650
1977 7159
1978 5429
1979 529
1980 1900
1981 2611
1982 6719
1983 2347
1984 198
1985 2005
1986 7816
1987 3487
1988 7351
1989 1651
1990 7683
1991 3654
1992 2881
1993 6293
1994 3724
1995 5822
1996 1939
1997 335
1998 299
1999 4813
2000 6527
2001 5593
2002 1270
2003 4866
2004 372
2005 3923
2006 25
2007 5685
2008 4811
2009 739
2010 3278
2011 813
2012 1752
2013 4270
2014 5805
2015 5413
2016 131
2017 3838
2018 6214
2019 1298
2020 7562
2021 3374
2022 1708
2023 4339
2024 621
2025 7507
2026 3979
2027 2217
2028 1528
2029 3247
2030 1109
2031 4281
2032 5547
2033 7340
2034 3600
2035 3576
2036 7245
2037 4071
2038 6608
2039 855
2040 5520
2041 5034
2042 4452
2043 1991
2044 1553
2045 3652
2046 1117
2047 6829
2048 824
2049 4839
2050 4094
2051 3551
2052 3557
2053 2783
2054 2283
2055 3607
2056 1466
2057 427
2058 2141
2059 6931
2060 3143
2061 758
2062 7111
2063 4922
2064 879
2065 5925
2066 4087
2067 5549
2068 7090
2069 7449
2070 1587
2071 7741
2072 5991
2073 324
2074 3767
2075 3769
2076 3456
2077 3484
2078 927
2079 1607
2080 1592
2081 5202
2082 7787
2083 3609
2084 1122
2085 3951
2086 3825
2087 5246
2088 2194
2089 807
2090 5266
2091 3058
2092 4775
2093 1728
2094 1142
2095 784
2096 3009
2097 1538
2098 3048
2099 4560
2100 5223
2101 4354
2102 485
2103 3176
2104 7811
2105 2068
2106 4133
2107 4185
2108 6166
2109 3728
2110 5398
2111 2906
2112 3137
2113 4152
2114 5449
2115 4212
2116 3201
2117 4627
2118 4756
2119 3814
2120 3068
2121 2185
2122 2077
2123 5152
2124 3516
2125 7961
2126 4697
2127 4531
2128 3191
2129 4825
2130 2070
2131 5006
2132 2305
2133 2474
2134 174
2135 756
2136 5458
2137 2757
2138 5359
2139 5499
2140 1510
2141 5538
2142 2242
2143 5667
2144 1986
2145 2910
2146 5961
2147 4395
2148 7773
2149 6382
2150 881
2151 5237
2152 4171
2153 2206
2154 3226
2155 5024
2156 6992
2157 3469
2158 2020
2159 1171
2160 2189
2161 2111
2162 5090
2163 2931
2164 4221
2165 3381
2166 1178
2167 27
2168 923
2169 3039
2170 255
2171 6934
2172 1014
2173 5782
2174 3422
2175 7688
2176 7772
2177 682
2178 3197
2179 2408
2180 1054
2181 1154
2182 4957
2183 5464
2184 4824
2185 2864
2186 527
2187 3331
2188 601
2189 569
2190 2928
2191 3355
2192 4445
2193 4947
2194 2218
2195 7719
2196 3146
2197 4471
2198 4760
2199 3622
2200 7804
2201 4189
2202 2393
2203 7871
2204 7293
2205 4721
2206 7574
2207 4903
2208 7284
2209 4555
2210 3500
2211 3444
2212 196
2213 6695
2214 4740
2215 5795
2216 5115
2217 268
2218 4422
2219 6960
2220 7470
2221 5687
2222 2561
2223 4564
2224 1429
2225 6658
2226 400
2227 5587
2228 6027
2229 3508
2230 6488
2231 5560
2232 7126
2233 6225
2234 2818
2235 2051
2236 6055
2237 4181
2238 920
2239 270
2240 3955
2241 1772
2242 4446
2243 3205
2244 6034
2245 6549
2246 3995
2247 4752
2248 3863
2249 3518
2250 6090
2251 5211
2252 2102
2253 3738
2254 6623
2255 7648
2256 3930
2257 910
2258 5330
2259 1041
2260 707
2261 5580
2262 4786
2263 2010
2264 134
2265 987
2266 5002
2267 6839
2268 1775
2269 5344
2270 476
2271 2991
2272 377
2273 5772
2274 724
2275 5523
2276 7673
2277 7535
2278 3687
2279 1686
2280 2985
2281 1982
2282 3361
2283 2772
2284 6425
2285 1194
2286 596
2287 3500
2288 3155
2289 2748
2290 5226
2291 2255
2292 7468
2293 2324
2294 1703
2295 3530
2296 74
2297 7252
2298 4445
2299 3198
2300 6407
2301 3636
2302 6639
2303 3010
2304 6325
2305 6633
2306 5844
2307 5341
2308 6775
2309 5686
2310 3779
2311 4853
2312 224
2313 1759
2314 1205
2315 3439
2316 5916
2317 7026
2318 2065
2319 5143
2320 4643
2321 3984
2322 6641
2323 2568
2324 3106
2325 7170
2326 5596
2327 2946
2328 800
2329 2769
2330 5791
2331 3419
2332 6627
2333 5835
2334 7370
2335 5052
2336 6520
2337 5113
2338 4617
2339 7713
2340 5286
2341 1801
2342 1802
2343 2650
2344 6456
2345 1351
2346 4608
2347 3748
2348 3084
2349 861
2350 5396
2351 4386
2352 1785
2353 4789
2354 1195
2355 3360
2356 4475
2357 1470
2358 1360
2359 6215
2360 5851
2361 2945
2362 4038
2363 6130
2364 750
2365 3786
2366 4424
2367 875
2368 2417
2369 5079
2370 6089
2371 5948
2372 146
2373 2789
2374 5578
2375 7243
2376 1598
2377 540
2378 4595
2379 6951
2380 2916
2381 5813
2382 6231
2383 5635
2384 6273
2385 4093
2386 3554
2387 3132
2388 889
2389 5894
2390 1170
2391 77
2392 3615
2393 6299
2394 1611
2395 1017
2396 5577
2397 1293
2398 4739
2399 6916
2400 6856
2401 5114
2402 4804
2403 2805
2404 3465
2405 6908
2406 3314
2407 1634
2408 705
2409 444
2410 2669
2411 292
2412 2417
2413 1739
2414 1789
2415 7312
2416 4413
2417 2167
2418 4997
2419 7154
2420 1737
2421 5315
2422 2407
2423 3617
2424 1454
2425 3802
2426 6103
2427 1373
2428 3690
2429 4307
2430 3709
2431 1534
2432 4728
2433 220
2434 2671
2435 3129
2436 6718
2437 3927
2438 1615
2439 5301
2440 6047
2441 7415
2442 6
2443 7520
2444 1804
2445 5670
2446 6711
2447 911
2448 2126
2449 5941
2450 1369
2451 5746
2452 802
2453 785
2454 4993
2455 1436
2456 1636
2457 1391
2458 5421
2459 6140
2460 1919
2461 1926
2462 3382
2463 3378
2464 5611
2465 2451
2466 3356
2467 5913
2468 4892
2469 5704
2470 3820
2471 4931
2472 6008
2473 2957
2474 6802
2475 4214
2476 1568
2477 6379
2478 6417
2479 5427
2480 192
2481 6673
2482 7454
2483 6548
2484 1752
2485 4001
2486 5117
2487 2569
2488 1403
2489 375
2490 6167
2491 7167
2492 7858
2493 1633
2494 4014
2495 2948
2496 2116
2497 616
2498 4104
2499 402
2500 4736
2501 6088
2502 2800
2503 2661
2504 5709
2505 5491
2506 1710
2507 5849
2508 5595
2509 437
2510 5943
2511 2475
2512 24
2513 2204
2514 2933
2515 3606
2516 3164
2517 6105
2518 909
2519 2163
2520 5536
2521 6455
2522 1275
2523 4310
2524 7330
2525 5895
2526 6131
2527 279
2528 1694
2529 3721
2530 2817
2531 5938
2532 637
2533 2683
2534 5021
2535 3822
2536 7593
2537 3586
2538 4860
2539 6389
2540 1613
2541 3530
2542 6234
2543 4100
2544 7338
2545 5824
2546 4434
2547 7357
2548 527
2549 960
2550 4836
2551 6341
2552 3092
2553 3488
2554 5909
2555 2480
2556 4527
2557 7176
2558 170
2559 6253
2560 7569
2561 6768
2562 375
2563 3178
2564 5241
2565 5467
2566 1808
2567 2693
2568 1296
2569 3030
2570 4526
2571 5180
2572 3302
2573 4198
2574 6180
2575 1933
2576 893
2577 4867
2578 6760
2579 5363
2580 2461
2581 4920
2582 1042
2583 3304
2584 2839
2585 1574
2586 5655
2587 2445
2588 6133
2589 4387
2590 4633
2591 1695
2592 3386
2593 1213
2594 1096
2595 5966
2596 1639
2597 1562
2598 4966
2599 3013
2600 1279
2601 3621
2602 2618
2603 1927
2604 2071
2605 6466
2606 1366
2607 5105
2608 2049
2609 4441
2610 4938
2611 5108
2612 7929
2613 5443
2614 1225
2615 901
2616 4419
2617 5770
2618 1351
2619 1116
2620 657
2621 4654
2622 2692
2623 2576
2624 4577
2625 4201
2626 4902
2627 5364
2628 5309
2629 479
2630 4894
2631 2686
2632 2133
2633 2895
2634 6183
2635 79
2636 3877
2637 863
2638 3975
2639 5198
2640 4874
2641 7747
2642 4578
2643 5676
2644 4019
2645 4543
2646 4351
2647 249
2648 6799
2649 5148
2650 5918
2651 7494
2652 553
2653 383
2654 5023
2655 735
2656 4791
2657 5402
2658 5249
2659 6522
2660 5531
2661 6483
2662 7190
2663 3929
2664 3934
2665 5907
2666 1164
2667 4794
2668 7661
2669 1375
2670 718
2671 2206
2672 4064
2673 5406
2674 3685
2675 2906
2676 4688
2677 2213
2678 854
2679 1062
2680 5197
2681 5382
2682 2511
2683 1616
2684 5524
2685 1364
2686 3086
2687 2987
2688 787
2689 5207
2690 6685
2691 5104
2692 1174
2693 552
2694 6374
2695 3596
2696 4249
2697 3407
2698 1216
2699 4929
2700 5737
2701 1848
2702 5097
2703 2373
2704 5611
2705 4215
2706 894
2707 4383
2708 1202
2709 3348
2710 6440
2711 2104
2712 5200
2713 3732
2714 5767
2715 5825
2716 2150
2717 7578
2718 5779
2719 591
2720 3148
2721 7478
2722 4429
2723 5370
2724 5017
2725 5324
2726 3362
2727 5299
2728 3638
2729 1915
2730 3388
2731 2304
2732 7542
2733 1419
2734 2677
2735 5978
2736 5290
2737 3592
2738 4352
2739 1181
2740 6829
2741 5573
2742 4445
2743 3861
2744 6976
2745 3533
2746 1034
2747 4491
2748 5104
2749 4654
2750 7406
2751 7426
2752 3600
2753 6072
2754 384
2755 1012
2756 4945
2757 1070
2758 7949
2759 1838
2760 3182
2761 3246
2762 497
2763 4365
2764 6841
2765 2983
2766 4187
2767 12
2768 5014
2769 1600
2770 6998
2771 2420
2772 3495
2773 2792
2774 761
2775 2662
2776 5757
2777 5972
2778 4820
2779 4592
2780 3857
2781 1657
2782 2723
2783 207
2784 5462
2785 280
2786 4782
2787 5235
2788 1334
2789 4539
2790 5418
2791 6994
2792 6507
2793 1893
2794 6507
2795 2374
2796 4951
2797 4684
2798 851
2799 6665
2800 7095
2801 2287
2802 3293
2803 5209
2804 5605
2805 3164
2806 5153
2807 3962
2808 4732
2809 7926
2810 7848
2811 2204
2812 3436
2813 3371
2814 521
2815 6945
2816 3488
2817 1624
2818 1212
2819 3735
2820 5500
2821 3145
2822 7651
2823 2989
2824 5729
2825 5221
2826 7603
2827 7613
2828 4805
2829 4735
2830 3255
2831 1432
2832 3353
2833 6118
2834 6300
2835 4432
2836 6044
2837 532
2838 250
2839 2317
2840 3165
2841 2289
2842 1172
2843 7213
2844 3358
2845 5527
2846 2619
2847 2124
2848 6782
2849 6866
2850 2382
2851 4588
2852 3605
2853 2266
2854 4182
2855 7321
2856 3435
2857 7290
2858 873
2859 3727
2860 818
2861 6076
2862 2147
2863 5439
2864 6517
2865 1115
2866 4241
2867 7174
2868 3461
2869 1036
2870 5994
2871 5423
2872 6250
2873 7310
2874 4716
2875 440
2876 21
2877 1129
2878 658
2879 793
2880 3347
2881 5507
2882 1852
2883 1956
2884 5959
2885 4098
2886 5808
2887 2894
2888 5737
2889 7660
2890 236
2891 5397
2892 7612
2893 272
2894 5613
2895 4331
2896 2066
2897 7930
2898 2365
2899 5567
2900 3373
2901 3249
2902 4195
2903 6914
2904 2262
2905 867
2906 3742
2907 7863
2908 4478
2909 6902
2910 1725
2911 5332
2912 4317
2913 5593
2914 3939
2915 1387
2916 367
2917 173
2918 848
2919 4418
2920 2678
2921 240
2922 4244
2923 5563
2924 7339
2925 4568
2926 3591
2927 7404
2928 3136
2929 5998
2930 1681
2931 1267
2932 5305
2933 1337
2934 810
2935 320
2936 6983
2937 1060
2938 2244
2939 4834
2940 2318
2941 1888
2942 5140
2943 6357
2944 5218
2945 7581
2946 1333
2947 6190
2948 6112
2949 6385
2950 4210
2951 3377
2952 2525
2953 5308
2954 2067
2955 5099
2956 5705
2957 5739
2958 4910
2959 5916
2960 5287
2961 2330
2962 1912
2963 4289
2964 4336
2965 1393
2966 5383
2967 5250
2968 7336
2969 4083
2970 3195
2971 7826
2972 3972
2973 841
2974 4832
2975 303
2976 2156
2977 5351
2978 709
2979 4267
2980 2272
2981 215
2982 3461
2983 5969
2984 1346
2985 2802
2986 2215
2987 4402
2988 3823
2989 5312
2990 3920
2991 6753
2992 1816
2993 1452
2994 5768
2995 3467
2996 4303
2997 1837
2998 6670
2999 4799
3000 1198
3001 2693
3002 1180
3003 6581
3004 5150
3005 3392
3006 6123
3007 3855
3008 1912
3009 1965
3010 7
3011 6830
3012 7177
3013 998
3014 4205
3015 6788
3016 4393
3017 7645
3018 5454
3019 7536
3020 4998
3021 3209
3022 7388
3023 6642
3024 7505
3025 4258
3026 765
3027 1519
3028 3881
3029 5243
3030 6421
3031 5003
3032 5069
3033 7502
3034 1991
3035 5029
3036 6518
3037 4766
3038 2625
3039 3598
3040 2339
3041 7517
3042 7413
3043 2301
3044 36
3045 955
3046 2239
3047 7057
3048 5298
3049 860
3050 6129
3051 7030
3052 5694
3053 4845
3054 3933
3055 537
3056 7318
3057 3288
3058 914
3059 7853
3060 6170
3061 6655
3062 2759
3063 3219
3064 6236
3065 5910
3066 4299
3067 623
3068 3394
3069 833
3070 191
3071 961
3072 4492
3073 3087
3074 4723
3075 3107
3076 3296
3077 942
3078 2386
3079 638
3080 3783
3081 5368
3082 4147
3083 5047
3084 7963
3085 6372
3086 7022
3087 5365
3088 1141
3089 4819
3090 322
3091 5044
3092 5254
3093 6508
3094 7
3095 7070
3096 5765
3097 3458
3098 7690
3099 780
3100 5274
3101 4842
3102 2950
3103 2649
3104 679
3105 1754
3106 2536
3107 4386
3108 4079
3109 7924
3110 5614
3111 1837
3112 2630
3113 3947
3114 1994
3115 3330
3116 7277
3117 678
3118 1284
3119 7207
3120 5956
3121 2718
3122 5282
3123 228
3124 3463
3125 3560
3126 11
3127 7465
3128 7807
3129 6940
3130 3921
3131 1184
3132 4468
3133 6504
3134 2426
3135 7117
3136 7016
3137 3281
3138 4106
3139 4870
3140 2974
3141 1033
3142 3329
3143 6596
3144 6102
3145 3350
3146 768
3147 2963
3148 138
3149 4671
3150 142
3151 620
3152 2949
3153 3409
3154 2883
3155 2811
3156 3586
3157 4621
3158 3358
3159 1720
3160 2016
3161 7371
3162 1260
3163 2748
3164 670
3165 1382
3166 691
3167 6590
3168 5653
3169 1832
3170 6009
3171 2954
3172 2570
3173 2756
3174 1646
3175 2503
3176 1539
3177 3017
3178 4072
3179 1944
3180 7374
3181 7362
3182 5442
3183 5442
3184 748
3185 4250
3186 4834
3187 7304
3188 3701
3189 5745
3190 2282
3191 4106
3192 6459
3193 2433
3194 3878
3195 3928
3196 3760
3197 7251
3198 5098
3199 4082
3200 5337
3201 2778
3202 2539
3203 5199
3204 3632
3205 6750
3206 1016
3207 5731
3208 3273
3209 1474
3210 5511
3211 3705
3212 3049
3213 5107
3214 5602
3215 1755
3216 2516
3217 451
3218 1953
3219 1756
3220 2707
3221 2734
3222 1799
3223 5513
3224 1068
3225 6895
3226 5900
3227 7414
3228 1988
3229 5817
3230 1049
3231 6265
3232 6362
3233 7556
3234 230
3235 4969
3236 2201
3237 4838
3238 2151
3239 6017
3240 4405
3241 1716
3242 5399
3243 2671
3244 1320
3245 4231
3246 1736
3247 5576
3248 7797
3249 1093
3250 1546
3251 6471
3252 6680
3253 2199
3254 4864
3255 1076
3256 296
3257 6955
3258 6043
3259 895
3260 5857
3261 5498
3262 1322
3263 6720
3264 1040
3265 7590
3266 4160
3267 1443
3268 7671
3269 5437
3270 2191
3271 716
3272 5314
3273 5703
3274 5541
3275 4422
3276 357
3277 6318
3278 6731
3279 4243
3280 7241
3281 153
3282 3793
3283 7578
3284 6015
3285 3204
3286 6195
3287 6249
3288 5719
3289 7065
3290 6736
3291 5839
3292 4750
3293 3157
3294 7805
3295 312
3296 751
3297 4302
3298 5946
3299 7705
3300 4753
3301 4279
3302 4327
3303 5510
3304 5980
3305 3112
3306 4111
3307 801
3308 4841
3309 4466
3310 5218
3311 104
3312 2180
3313 2767
3314 2766
3315 6209
3316 247
3317 3816
3318 6958
3319 1952
3320 2911
3321 7162
3322 4077
3323 3664
3324 7202
3325 6825
3326 3596
3327 2441
3328 4292
3329 6894
3330 5871
3331 6196
3332 1097
3333 1854
3334 4731
3335 1688
3336 7551
3337 330
3338 7752
3339 612
3340 541
3341 2012
3342 6151
3343 5242
3344 4989
3345 2907
3346 7411
3347 3291
3348 5964
3349 278
3350 831
3351 6406
3352 7061
3353 6408
3354 3147
3355 2086
3356 5537
3357 3464
3358 5652
3359 928
3360 467
3361 5530
3362 2383
3363 2937
3364 6485
3365 3603
3366 1815
3367 368
3368 3100
3369 3550
3370 3640
3371 3113
3372 5152
3373 6713
3374 2779
3375 5078
3376 3691
3377 5744
3378 4878
3379 4271
3380 4690
3381 7110
3382 6169
3383 7831
3384 4015
3385 7644
3386 4877
3387 4044
3388 755
3389 631
3390 5431
3391 1701
3392 6078
3393 5965
3394 5581
3395 6588
3396 3764
3397 594
3398 2008
3399 3668
3400 7796
3401 806
3402 1005
3403 3292
3404 1343
3405 3074
3406 5472
3407 42
3408 3511
3409 311
3410 2739
3411 3528
3412 7954
3413 2320
3414 105
3415 5403
3416 6821
3417 6269
3418 6358
3419 1061
3420 7341
3421 894
3422 7685
3423 1525
3424 3322
3425 4448
3426 4130
3427 7516
3428 1524
3429 7326
3430 7604
3431 4530
3432 2225
3433 3773
3434 6534
3435 7164
3436 5348
3437 6589
3438 6494
3439 636
3440 2498
3441 6451
3442 5839
3443 5860
3444 5016
3445 1148
3446 6289
3447 4738
3448 6277
3449 2562
3450 5612
3451 3380
3452 5566
3453 4122
3454 7933
3455 1213
3456 404
3457 4554
3458 412
3459 3809
3460 6216
3461 7186
3462 1101
3463 4176
3464 1766
3465 5958
3466 1025
3467 3717
3468 529
3469 5732
3470 5209
3471 3312
3472 4780
3473 1665
3474 2402
3475 5163
3476 2088
3477 5137
3478 1553
3479 3789
3480 1499
3481 2860
3482 1483
3483 5197
3484 1586
3485 299
3486 2017
3487 3980
3488 6677
3489 4500
3490 4139
3491 5327
3492 2644
3493 1237
3494 5081
3495 7505
3496 1174
3497 5391
3498 5837
3499 1743
3500 7364
3501 1906
3502 3363
3503 317
3504 3821
3505 5349
3506 288
3507 7749
3508 5452
3509 2777
3510 5918
3511 5582
3512 5963
3513 5094
3514 308
3515 4735
3516 3981
3517 1590
3518 886
3519 6094
3520 4851
3521 5620
3522 6573
3523 4300
3524 2354
3525 7081
3526 2882
3527 967
3528 7037
3529 585
3530 110
3531 1767
3532 83
3533 3022
3534 3960
3535 7818
3536 5397
3537 7160
3538 6541
3539 2986
3540 5109
3541 2607
3542 5119
3543 1982
3544 2428
3545 3215
3546 4657
3547 1299
3548 5811
3549 7643
3550 1874
3551 1242
3552 660
3553 4827
3554 2229
3555 1318
3556 3320
3557 6739
3558 4474
3559 7780
3560 6276
3561 3377
3562 6604
3563 2641
3564 6045
3565 3828
3566 7428
3567 4511
3568 4451
3569 2050
3570 4350
3571 1751
3572 3722
3573 4442
3574 6095
3575 1500
3576 4988
3577 3604
3578 7573
3579 3956
3580 5433
3581 1103
3582 2694
3583 1254
3584 5029
3585 3404
3586 3329
3587 3097
3588 3813
3589 4884
3590 3170
3591 5794
3592 225
3593 7891
3594 5142
3595 7412
3596 4563
3597 5339
3598 2541
3599 2918
3600 4664
3601 1882
3602 697
3603 189
3604 2660
3605 3213
3606 7210
3607 2416
3608 4816
3609 1314
3610 5775
3611 1001
3612 3800
3613 33
3614 3757
3615 7578
3616 1359
3617 6212
3618 4584
3619 588
3620 7699
3621 2501
3622 3453
3623 2470
3624 4382
3625 6171
3626 4348
3627 3202
3628 5638
3629 6179
3630 4686
3631 2208
3632 2350
3633 2241
3634 3116
3635 5768
3636 2349
3637 78
3638 5688
3639 6380
3640 435
3641 6763
3642 245
3643 3978
3644 379
3645 567
3646 6360
3647 6569
3648 4384
3649 2556
3650 393
3651 7036
3652 1075
3653 6011
3654 258
3655 5784
3656 610
3657 2251
3658 6472
3659 7625
3660 3686
3661 131
3662 32
3663 5815
3664 5784
3665 5489
3666 4419
3667 7232
3668 6615
3669 5607
3670 4601
3671 3532
3672 3425
3673 3326
3674 4268
3675 4658
3676 7180
3677 7273
3678 3947
3679 7618
3680 5170
3681 5592
3682 5426
3683 3172
3684 6431
3685 6909
3686 5810
3687 3235
3688 4662
3689 2135
3690 3535
3691 494
3692 6968
3693 3307
3694 3479
3695 3782
3696 921
3697 5244
3698 4156
3699 2452
3700 3578
3701 5218
3702 7962
3703 7456
3704 1398
3705 4229
3706 2701
3707 1543
3708 4872
3709 6632
3710 1268
3711 3372
3712 5478
3713 3363
3714 139
3715 1102
3716 814
3717 5236
3718 3057
3719 1467
3720 3098
3721 7716
3722 2386
3723 59
3724 5116
3725 4821
3726 1074
3727 4889
3728 5501
3729 6335
3730 4679
3731 1095
3732 5497
3733 1108
3734 7266
3735 1885
3736 6885
3737 1193
3738 6949
3739 1204
3740 6031
3741 2184
3742 5354
3743 1783
3744 4661
3745 1469
3746 5927
3747 1132
3748 5673
3749 4878
3750 4782
3751 2
3752 6635
3753 4857
3754 1996
3755 5048
3756 4990
3757 4764
3758 178
3759 203
3760 1431
3761 4425
3762 3085
3763 3608
3764 1356
3765 6024
3766 6628
3767 1346
3768 7958
3769 6322
3770 6675
3771 4890
3772 64
3773 2838
3774 4090
3775 5028
3776 3887
3777 842
3778 698
3779 6688
3780 3997
3781 5427
3782 3867
3783 2271
3784 2006
3785 1365
3786 6634
3787 2868
3788 4115
3789 2092
3790 5905
3791 5298
3792 3853
3793 7278
3794 815
3795 3732
3796 5683
3797 4140
3798 73
3799 3207
3800 7475
3801 5730
3802 3438
3803 2826
3804 6496
3805 2291
3806 2161
3807 2859
3808 4081
3809 3651
3810 1550
3811 2221
3812 1192
3813 4488
3814 3662
3815 2446
3816 7790
3817 1762
3818 6454
3819 577
3820 1680
3821 5179
3822 5700
3823 510
3824 3632
3825 7638
3826 1903
3827 4108
3828 2586
3829 7524
3830 3718
3831 3605
3832 6921
3833 1778
3834 6592
3835 6387
3836 2090
3837 2796
3838 376
3839 1354
3840 3936
3841 7093
3842 7934
3843 881
3844 112
3845 5275
3846 4076
3847 3043
3848 2898
3849 1579
3850 6003
3851 6759
3852 2827
3853 4877
3854 1734
3855 2131
3856 5410
3857 1949
3858 5584
3859 6053
3860 4626
3861 29
3862 6204
3863 5828
3864 3626
3865 114
3866 4444
3867 5682
3868 4853
3869 1851
3870 2422
3871 6703
3872 6159
3873 5854
3874 7754
3875 4461
3876 7791
3877 5138
3878 4848
3879 4600
3880 5084
3881 2085
3882 2923
3883 5428
3884 5226
3885 1526
3886 4691
3887 7635
3888 580
3889 3992
3890 1978
3891 607
3892 1581
3893 2269
3894 5428
3895 683
3896 4114
3897 1738
3898 2163
3899 4828
3900 1480
3901 5323
3902 339
3903 2440
3904 5257
3905 5161
3906 5735
3907 3788
3908 4227
3909 4091
3910 6581
3911 4188
3912 6178
3913 7476
3914 7714
3915 3414
3916 6831
3917 1606
3918 7659
3919 6111
3920 5482
3921 4824
3922 4542
3923 1810
3924 127
3925 2496
3926 2074
3927 4806
3928 99
3929 5080
3930 2575
3931 7935
3932 3400
3933 4449
3934 4666
3935 3489
3936 4137
3937 3448
3938 697
3939 1235
3940 5833
3941 3536
3942 7617
3943 4251
3944 5145
3945 7657
3946 5432
3947 5476
3948 7508
3949 974
3950 5863
3951 5924
3952 4216
3953 2472
3954 323
3955 430
3956 2705
3957 833
3958 5030
3959 1124
3960 2356
3961 688
3962 4766
3963 4733
3964 7707
3965 4398
3966 6957
3967 7399
3968 1679
3969 817
3970 4819
3971 5231
3972 2432
3973 5233
3974 3366
3975 4083
3976 1380
3977 781
3978 7151
3979 7034
3980 2439
3981 3308
3982 2427
3983 44
3984 6777
3985 7692
3986 2563
3987 286
3988 7114
3989 1151
3990 5375
3991 477
3992 1355
3993 3180
3994 4066
3995 456
3996 261
3997 5295
3998 618
3999 2659
4000 1563
4001 4855
4002 5192
4003 3332
4004 1328
4005 1258
4006 3512
4007 3139
4008 184
4009 5105
4010 2584
4011 6919
4012 5270
4013 2099
4014 826
4015 3568
4016 3375
4017 2930
4018 6493
4019 5831
4020 226
4021 3562
4022 3602
4023 2024
4024 3725
4025 375
4026 852
4027 3969
4028 6878
4029 7495
4030 2917
4031 3563
4032 2296
4033 2011
4034 5357
4035 4263
4036 3061
4037 1569
4038 5481
4039 2836
4040 1859
4041 554
4042 5295
4043 1120
4044 2632
4045 2717
4046 2196
4047 5431
4048 413
4049 4310
4050 5151
4051 3425
4052 569
4053 4687
4054 4863
4055 2512
4056 6139
4057 3676
4058 1658
4059 3066
4060 1128
4061 7758
4062 484
4063 319
4064 5297
4065 5779
4066 4826
4067 6896
4068 70
4069 5878
4070 3990
4071 5103
4072 4457
4073 1667
4074 3821
4075 5341
4076 4738
4077 6757
4078 5005
4079 4567
4080 6671
4081 6116
4082 2710
4083 4328
4084 4604
4085 2232
4086 2178
4087 7730
4088 7209
4089 227
4090 5495
4091 7903
4092 1170
4093 4319
4094 2075
4095 5636
4096 6353
4097 5933
4098 3642
4099 2095
4100 7121
4101 5755
4102 3439
4103 6185
4104 6941
4105 5941
4106 373
4107 3101
4108 2047
4109 54
4110 5986
4111 5950
4112 5417
4113 7501
4114 346
4115 4552
4116 4277
4117 2535
4118 7832
4119 1498
4120 892
4121 7320
4122 1456
4123 6013
4124 6122
4125 5138
4126 4145
4127 5622
4128 5354
4129 5127
4130 1291
4131 2892
4132 1092
4133 6797
4134 4208
4135 2448
4136 5851
4137 7131
4138 1459
4139 5393
4140 3244
4141 5508
4142 5954
4143 3829
4144 4334
4145 925
4146 7042
4147 728
4148 4631
4149 7697
4150 357
4151 2945
4152 5666
4153 4737
4154 7680
4155 3784
4156 3656
4157 4571
4158 6020
4159 5136
4160 2306
4161 1654
4162 3883
4163 6106
4164 3606
4165 7554
4166 7946
4167 2182
4168 4025
4169 4527
4170 3750
4171 5303
4172 6950
4173 4615
4174 4758
4175 4494
4176 6373
4177 3072
4178 2459
4179 871
4180 2084
4181 7767
4182 2567
4183 3824
4184 492
4185 1097
4186 6453
4187 0
4188 4635
4189 3408
4190 3284
4191 6945
4192 5777
4193 2896
4194 5603
4195 6505
4196 5599
4197 1150
4198 2094
4199 2316
4200 6575
4201 6399
4202 2487
4203 5977
4204 2680
4205 7363
4206 4529
4207 5445
4208 3316
4209 2569
4210 4419
4211 4978
4212 4349
4213 5301
4214 3478
4215 2886
4216 7009
4217 3889
4218 4715
4219 3523
4220 450
4221 3658
4222 2523
4223 5711
4224 3474
4225 2417
4226 1427
4227 3807
4228 1166
4229 6636
4230 5108
4231 6278
4232 5724
4233 3383
4234 4926
4235 4218
4236 1219
4237 3893
4238 4083
4239 2540
4240 6061
4241 5452
4242 6345
4243 1997
4244 7220
4245 568
4246 352
4247 1134
4248 2314
4249 5178
4250 5013
4251 4026
4252 503
4253 3821
4254 2399
4255 3371
4256 5551
4257 6060
4258 2555
4259 225
4260 1748
4261 1064
4262 186
4263 2454
4264 2144
4265 574
4266 4794
4267 3375
4268 3568
4269 7723
4270 3595
4271 6075
4272 765
4273 5169
4274 3237
4275 6864
4276 2542
4277 5473
4278 3447
4279 4485
4280 5227
4281 1761
4282 3497
4283 3192
4284 3119
4285 1672
4286 3512
4287 6307
4288 4164
4289 5194
4290 5458
4291 4463
4292 769
4293 7109
4294 5509
4295 984
4296 3628
4297 5502
4298 4018
4299 5276
4300 466
4301 7008
4302 5104
4303 7621
4304 6684
4305 6369
4306 7769
4307 3848
4308 1369
4309 3193
4310 2166
4311 2335
4312 3124
4313 4828
4314 3000
4315 7080
4316 3834
4317 4964
4318 3003
4319 4704
4320 6261
4321 7242
4322 2412
4323 2992
4324 6616
4325 4646
4326 1930
4327 3590
4328 2949
4329 2719
4330 3635
4331 6652
4332 4495
4333 7789
4334 3141
4335 5516
4336 5388
4337 3300
4338 1402
4339 7178
4340 6920
4341 88
4342 745
4343 978
4344 4044
4345 217
4346 6285
4347 4226
4348 4670
4349 1691
4350 4046
4351 682
4352 6913
4353 4080
4354 4214
4355 214
4356 566
4357 7497
4358 7552
4359 2080
4360 4742
4361 2127
4362 3402
4363 4301
4364 5892
4365 3871
4366 7182
4367 411
4368 166
4369 5611
4370 3520
4371 1083
4372 5574
4373 6475
4374 759
4375 1740
4376 6892
4377 6752
4378 1338
4379 2168
4380 64
4381 1207
4382 6547
4383 1505
4384 103
4385 5116
4386 7854
4387 1431
4388 2096
4389 6083
4390 6773
4391 3515
4392 457
4393 3379
4394 6900
4395 7883
4396 1882
4397 2038
4398 7282
4399 827
4400 3428
4401 6348
4402 1582
4403 1653
4404 5158
4405 7349
4406 4421
4407 3569
4408 3449
4409 51
4410 7375
4411 5720
4412 1697
4413 527
4414 2813
4415 3125
4416 3411
4417 828
4418 2369
4419 243
4420 5778
4421 3839
4422 6516
4423 586
4424 1778
4425 669
4426 7503
4427 211
4428 6154
4429 2765
4430 2877
4431 4768
4432 7801
4433 3369
4434 7346
4435 7133
4436 3924
4437 1931
4438 2872
4439 6747
4440 5392
4441 3588
4442 551
4443 4419
4444 7522
4445 1560
4446 5509
4447 3795
4448 3056
4449 344
4450 4853
4451 5247
4452 4647
4453 3464
4454 3580
4455 2724
4456 4173
4457 3857
4458 1073
4459 4949
4460 4038
4461 2990
4462 2164
4463 1523
4464 2832
4465 7155
4466 6553
4467 2477
4468 5906
4469 4078
4470 180
4471 3138
4472 1395
4473 4714
4474 5204
4475 3317
4476 5918
4477 3150
4478 7952
4479 5793
4480 3044
4481 4459
4482 3609
4483 1418
4484 2672
4485 3648
4486 7433
4487 534
4488 5329
4489 7947
4490 4597
4491 4962
4492 5164
4493 222
4494 3419
4495 1233
4496 4915
4497 2714
4498 3522
4499 7246
4500 7766
4501 6774
4502 5474
4503 7484
4504 4881
4505 7063
4506 449
4507 6342
4508 3571
4509 506
4510 2906
4511 2888
4512 2654
4513 1746
4514 7045
4515 7460
4516 4854
4517 4703
4518 737
4519 473
4520 2304
4521 2460
4522 4868
4523 5606
4524 1737
4525 4101
4526 4069
4527 3401
4528 7861
4529 4058
4530 5572
4531 1575
4532 1377
4533 5408
4534 4570
4535 6012
4536 90
4537 1088
4538 943
4539 5521
4540 3201
4541 918
4542 6009
4543 140
4544 7017
4545 80
4546 6707
4547 5025
4548 1109
4549 4888
4550 1130
4551 2216
4552 7778
4553 2447
4554 5208
4555 5108
4556 3841
4557 4575
4558 3190
4559 1424
4560 6944
4561 5308
4562 3456
4563 4017
4564 5118
4565 6311
4566 4311
4567 5385
4568 3079
4569 4005
4570 754
4571 5935
4572 6245
4573 2209
4574 5089
4575 2853
4576 125
4577 3573
4578 3005
4579 4895
4580 1873
4581 1277
4582 921
4583 2248
4584 2977
4585 6672
4586 5171
4587 3384
4588 7352
4589 7557
4590 649
4591 5597
4592 7616
4593 4776
4594 6279
4595 2566
4596 4460
4597 7127
4598 2205
4599 6281
4600 4530
4601 4976
4602 5556
4603 7148
4604 639
4605 6619
4606 384
4607 7700
4608 3561
4609 5681
4610 7669
4611 2530
4612 5999
4613 5798
4614 7540
4615 4327
4616 3585
4617 1677
4618 6105
4619 7678
4620 6880
4621 4363
4622 1872
4623 4458
4624 1351
4625 3197
4626 3737
4627 3444
4628 587
4629 5644
4630 3279
4631 7015
4632 1428
4633 4935
4634 4654
4635 98
4636 5589
4637 3660
4638 3846
4639 6199
4640 6349
4641 1547
4642 4370
4643 4965
4644 401
4645 7025
4646 6394
4647 3584
4648 1499
4649 1753
4650 7931
4651 7916
4652 6332
4653 2739
4654 3108
4655 5219
4656 6059
4657 2059
4658 1673
4659 3540
4660 3798
4661 4509
4662 370
4663 6783
4664 4707
4665 5826
4666 5057
4667 5641
4668 7289
4669 2729
4670 1280
4671 1627
4672 5756
4673 481
4674 2681
4675 7601
4676 3711
4677 1319
4678 3770
4679 1312
4680 378
4681 7331
4682 5797
4683 1637
4684 7856
4685 6093
4686 5586
4687 5804
4688 810
4689 5400
4690 6926
4691 5272
4692 665
4693 2814
4694 3583
4695 1467
4696 5760
4697 4091
4698 4818
4699 287
4700 6423
4701 583
4702 4527
4703 4456
4704 2981
4705 1935
4706 799
4707 5409
4708 5362
4709 7087
4710 2034
4711 3711
4712 5444
4713 4954
4714 5485
4715 6640
4716 1173
4717 531
4718 4452
4719 1412
4720 4734
4721 5738
4722 7781
4723 5454
4724 4987
4725 433
4726 6755
4727 1583
4728 926
4729 4262
4730 6581
4731 4352
4732 5350
4733 4847
4734 2577
4735 2709
4736 2137
4737 3233
4738 3454
4739 1591
4740 6355
4741 6473
4742 2228
4743 523
4744 6867
4745 1387
4746 2557
4747 6961
4748 6984
4749 2689
4750 6981
4751 2776
4752 3819
4753 5828
4754 4498
4755 723
4756 5323
4757 5631
4758 7078
4759 5535
4760 674
4761 6455
4762 3958
4763 6806
4764 7373
4765 211
4766 6084
4767 572
4768 3396
4769 6039
4770 48
4771 5942
4772 4389
4773 6556
4774 1131
4775 4805
4776 7833
4777 6423
4778 4751
4779 5111
4780 4789
4781 2294
4782 7451
4783 3742
4784 1189
4785 6952
4786 1805
4787 1514
4788 4963
4789 2443
4790 5401
4791 1051
4792 4725
4793 232
4794 1924
4795 4798
4796 7503
4797 4804
4798 6903
4799 4898
4800 3166
4801 5131
4802 6422
4803 4179
4804 4222
4805 6691
4806 3071
4807 5264
4808 6086
4809 5459
4810 7281
4811 1395
4812 5186
4813 3069
4814 1197
4815 2105
4816 4225
4817 7611
4818 777
4819 5006
4820 7201
4821 4380
4822 4259
4823 171
4824 1105
4825 3271
4826 5705
4827 2077
4828 93
4829 6587
4830 4526
4831 2377
4832 398
4833 5319
4834 4174
4835 2726
4836 2829
4837 6059
4838 3406
4839 4140
4840 6257
4841 3169
4842 4505
4843 2659
4844 3715
4845 4316
4846 6625
4847 947
4848 4096
4849 3113
4850 896
4851 6238
4852 5741
4853 5811
4854 7448
4855 4347
4856 6217
4857 3168
4858 2337
4859 5749
4860 1363
4861 7639
4862 7007
4863 2415
4864 4749
4865 2136
4866 1971
4867 633
4868 1007
4869 630
4870 1808
4871 725
4872 4528
4873 1127
4874 3135
4875 4252
4876 1719
4877 3222
4878 6199
4879 4334
4880 3218
4881 3399
4882 986
4883 238
4884 1756
4885 7439
4886 2559
4887 1508
4888 5271
4889 2364
4890 5094
4891 3635
4892 6262
4893 948
4894 7704
4895 300
4896 5173
4897 5077
4898 6344
4899 7335
4900 4837
4901 2591
4902 5842
4903 49
4904 668
4905 487
4906 3466
4907 244
4908 5762
4909 5331
4910 659
4911 5494
4912 4423
4913 598
4914 3849
4915 2778
4916 7216
4917 4538
4918 3034
4919 1381
4920 645
4921 4649
4922 6354
4923 7287
4924 4708
4925 7485
4926 3264
4927 6991
4928 5175
4929 3241
4930 3298
4931 6724
4932 5747
4933 5604
4934 3426
4935 4361
4936 1191
4937 2749
4938 5474
4939 5897
4940 252
4941 3333
4942 859
4943 6004
4944 7899
4945 3275
4946 1348
4947 2458
4948 3482
4949 4445
4950 7824
4951 1450
4952 4102
4953 2445
4954 1784
4955 2409
4956 7446
4957 3505
4958 7817
4959 5787
4960 1305
4961 3045
4962 7391
4963 3455
4964 7945
4965 4275
4966 5225
4967 5684
4968 3776
4969 7953
4970 7937
4971 6542
4972 6706
4973 4814
4974 731
4975 147
4976 2682
4977 1086
4978 5075
4979 233
4980 7074
4981 1227
4982 3450
4983 5899
4984 3360
4985 6347
4986 5385
4987 5727
4988 6668
4989 5645
4990 1580
4991 941
4992 7066
4993 4699
4994 4452
4995 4569
4996 571
4997 3962
4998 4717
4999 4652
5000 1723
5001 5414
5002 6283
5003 1943
5004 3619
5005 229
5006 1919
5007 2035
5008 4129
5009 4420
5010 1850
5011 7900
5012 4325
5013 1962
5014 4223
5015 2712
5016 5455
5017 2537
5018 3613
5019 680
5020 3592
5021 1837
5022 6227
5023 1233
5024 5027
5025 6580
5026 5114
5027 2384
5028 6182
5029 1200
5030 5483
5031 7295
5032 4187
5033 4351
5034 4568
5035 2687
5036 5338
5037 16
5038 3575
5039 7927
5040 2716
5041 7798
5042 6751
5043 67
5044 2732
5045 260
5046 3561
5047 1687
5048 3301
5049 4844
5050 2851
5051 4315
5052 7942
5053 5600
5054 702
5055 3695
5056 3528
5057 3457
5058 1438
5059 6966
5060 3450
5061 5335
5062 5349
5063 6156
5064 4229
5065 1585
5066 3203
5067 1880
5068 7156
5069 4472
5070 4614
5071 5880
5072 6610
5073 168
5074 5773
5075 1704
5076 4430
5077 6722
5078 4868
5079 3006
5080 5455
5081 7652
5082 949
5083 2261
5084 3833
5085 3804
5086 2606
5087 4038
5088 7192
5089 1282
5090 2134
5091 3380
5092 2620
5093 3183
5094 2856
5095 4632
5096 5543
5097 2704
5098 1497
5099 4327
5100 2558
5101 565
5102 5881
5103 4619
5104 495
5105 1304
5106 4983
5107 3516
5108 6113
5109 4655
5110 4268
5111 5071
5112 7305
5113 1285
5114 5885
5115 5902
5116 5374
5117 3179
5118 5285
5119 6923
5120 6705
5121 1444
5122 2510
5123 7809
5124 7142
5125 7480
5126 1732
5127 4082
5128 5321
5129 5759
5130 4959
5131 4583
5132 5378
5133 4730
5134 7403
5135 9
5136 2837
5137 7367
5138 727
5139 6046
5140 1253
5141 530
5142 6531
5143 371
5144 4325
5145 1656
5146 1370
5147 3420
5148 5267
5149 5190
5150 1100
5151 3508
5152 253
5153 6717
5154 2587
5155 6023
5156 7084
5157 5283
5158 5661
5159 3285
5160 4202
5161 6108
5162 3370
5163 4065
5164 2102
5165 4944
5166 954
5167 6932
5168 335
5169 7271
5170 5335
5171 3221
5172 1479
5173 2889
5174 534
5175 280
5176 3102
5177 5433
5178 5104
5179 6381
5180 2822
5181 5193
5182 2257
5183 7650
5184 3355
5185 986
5186 4213
5187 3915
5188 3123
5189 5639
5190 1714
5191 5372
5192 1835
5193 160
5194 4184
5195 673
5196 489
5197 1976
5198 1521
5199 6259
5200 2857
5201 3631
5202 3259
5203 5289
5204 7795
5205 693
5206 5379
5207 5836
5208 1628
5209 6562
5210 1372
5211 4904
5212 6889
5213 3672
5214 7634
5215 384
5216 60
5217 4344
5218 2027
5219 5623
5220 3434
5221 4436
5222 5672
5223 1167
5224 6954
5225 2902
5226 4104
5227 7847
5228 895
5229 5394
5230 869
5231 2891
5232 973
5233 4638
5234 384
5235 5173
5236 1702
5237 5291
5238 1867
5239 177
5240 1385
5241 4427
5242 4324
5243 4774
5244 1516
5245 4379
5246 389
5247 574
5248 4482
5249 5463
5250 6005
5251 5717
5252 988
5253 1715
5254 5716
5255 3719
5256 1308
5257 3751
5258 6579
5259 7254
5260 5481
5261 3574
5262 3976
5263 7268
5264 2087
5265 4541
5266 6207
5267 5528
5268 3645
5269 4668
5270 2938
5271 5807
5272 2001
5273 7540
5274 3585
5275 1938
5276 1842
5277 4590
5278 939
5279 2775
5280 2751
5281 4653
5282 1426
5283 3187
5284 5621
5285 2698
5286 171
5287 5982
5288 6900
5289 5210
5290 7372
5291 6678
5292 7356
5293 6845
5294 3239
5295 6733
5296 5383
5297 3465
5298 5258
5299 6223
5300 351
5301 1296
5302 158
5303 7482
5304 7597
5305 3336
5306 4558
5307 3613
5308 197
5309 2972
5310 7532
5311 2003
5312 3245
5313 2553
5314 6390
5315 256
5316 1009
5317 2434
5318 3639
5319 5708
5320 5505
5321 6346
5322 4123
5323 1571
5324 1796
5325 3456
5326 239
5327 4378
5328 3214
5329 4075
5330 6523
5331 7134
5332 6413
5333 5143
5334 4367
5335 5823
5336 3390
5337 1622
5338 1465
5339 1576
5340 109
5341 2857
5342 5619
5343 5667
5344 3716
5345 5020
5346 4858
5347 5542
5348 2190
5349 46
5350 3835
5351 108
5352 2785
5353 5459
5354 4944
5355 714
5356 3367
5357 122
5358 7697
5359 6874
5360 6193
5361 2601
5362 6650
5363 69
5364 6844
5365 1918
5366 75
5367 3491
5368 431
5369 2083
5370 7240
5371 1490
5372 1139
5373 3840
5374 3749
5375 4919
5376 6248
5377 3726
5378 6766
5379 5658
5380 5855
5381 2462
5382 4881
5383 260
5384 2899
5385 2353
5386 4055
5387 5160
5388 6694
5389 7841
5390 144
5391 3600
5392 2691
5393 4104
5394 6572
5395 5090
5396 6525
5397 4976
5398 3462
5399 5073
5400 751
5401 1049
5402 5332
5403 5511
5404 7405
5405 5698
5406 1871
5407 2495
5408 4203
5409 7264
5410 5988
5411 3004
5412 6772
5413 4505
5414 310
5415 2671
5416 289
5417 4181
5418 3643
5419 1007
5420 5503
5421 2538
5422 4230
5423 2060
5424 61
5425 6233
5426 5236
5427 4777
5428 5408
5429 4365
5430 2965
5431 7664
5432 6271
5433 3514
5434 3699
5435 4522
5436 7166
5437 2589
5438 2582
5439 5894
5440 6116
5441 2645
5442 4305
5443 7384
5444 5082
5445 6776
5446 7551
5447 2884
5448 3777
5449 1454
5450 5872
5451 3997
5452 7851
5453 2013
5454 1682
5455 7167
5456 3442
5457 3357
5458 4659
5459 4196
5460 4817
5461 3483
5462 4521
5463 6687
5464 3871
5465 1488
5466 2866
5467 7144
5468 7138
5469 5189
5470 5196
5471 205
5472 1244
5473 6069
5474 3768
5475 6032
5476 1878
5477 1187
5478 5118
5479 5126
5480 7496
5481 3514
5482 4293
5483 7917
5484 6833
5485 1425
5486 1561
5487 1853
5488 7923
5489 2925
5490 5009
5491 4871
5492 7545
5493 5590
5494 1554
5495 675
5496 3470
5497 2431
5498 1910
5499 786
5500 7550
5501 6872
5502 4260
5503 5743
5504 7691
5505 1152
5506 2723
5507 6804
5508 6224
5509 5884
5510 395
5511 5241
5512 3637
5513 4853
5514 4545
5515 1105
5516 4413
5517 561
5518 1486
5519 778
5520 1795
5521 5477
5522 7932
5523 6898
5524 4670
5525 6475
5526 869
5527 3383
5528 6552
5529 4206
5530 4256
5531 6411
5532 4045
5533 5089
5534 3131
5535 5922
5536 3088
5537 6986
5538 1307
5539 4880
5540 3826
5541 3874
5542 7813
5543 3900
5544 5994
5545 4861
5546 4808
5547 3724
5548 684
5549 2074
5550 5936
5551 3011
5552 5435
5553 7319
5554 1245
5555 3189
5556 7172
5557 7103
5558 542
5559 4685
5560 7206
5561 6921
5562 1489
5563 820
5564 1726
5565 3511
5566 4846
5567 3570
5568 362
5569 6509
5570 1524
5571 6980
5572 3328
5573 1238
5574 7467
5575 6624
5576 584
5577 3964
5578 6879
5579 6939
5580 3290
5581 3374
5582 133
5583 6272
5584 2675
5585 309
5586 7729
5587 4634
5588 6503
5589 294
5590 3115
5591 3619
5592 3174
5593 1948
5594 3118
5595 6206
5596 1692
5597 5478
5598 499
5599 3339
5600 7112
5601 6470
5602 1623
5603 2081
5604 2961
5605 2950
5606 1483
5607 1476
5608 5328
5609 3578
5610 5468
5611 4120
5612 3880
5613 7786
5614 1071
5615 3108
5616 2352
5617 4825
5618 2363
5619 1769
5620 5674
5621 7416
5622 6025
5623 113
5624 3295
5625 6501
5626 1540
5627 2011
5628 5780
5629 5610
5630 429
5631 7004
5632 3139
5633 3888
5634 3758
5635 1039
5636 1911
5637 5888
5638 3425
5639 3808
5640 3805
5641 1537
5642 453
5643 5119
5644 4934
5645 3127
5646 7615
5647 6973
5648 4865
5649 2032
5650 1467
5651 804
5652 1982
5653 1471
5654 549
5655 995
5656 2135
5657 5399
5658 6985
5659 2117
5660 5191
5661 1111
5662 704
5663 4426
5664 2517
5665 5450
5666 1408
5667 7908
5668 137
5669 2885
5670 3897
5671 877
5672 7881
5673 2107
5674 5448
5675 950
5676 208
5677 61
5678 4695
5679 7563
5680 5669
5681 4796
5682 3659
5683 2277
5684 3139
5685 384
5686 5310
5687 2284
5688 2771
5689 5325
5690 7089
5691 982
5692 455
5693 5923
5694 726
5695 2326
5696 5310
5697 1276
5698 6000
5699 5306
5700 1640
5701 4371
5702 4767
5703 5769
5704 3090
5705 3706
5706 3256
5707 1016
5708 2387
5709 3139
5710 1800
5711 2392
5712 5189
5713 2871
5714 375
5715 91
5716 5266
5717 7820
5718 7475
5719 5585
5720 1422
5721 6987
5722 3354
5723 5176
5724 891
5725 5470
5726 3437
5727 2096
5728 1752
5729 419
5730 3206
5731 6912
5732 2336
5733 2299
5734 5172
5735 622
5736 4918
5737 872
5738 1648
5739 3803
5740 977
5741 81
5742 3615
5743 5347
5744 475
5745 6524
5746 4316
5747 4196
5748 3016
5749 7868
5750 5019
5751 3942
5752 2950
5753 1728
5754 2893
5755 902
5756 1385
5757 3948
5758 1309
5759 4793
5760 1898
5761 8
5762 4298
5763 5085
5764 3153
5765 6202
5766 3542
5767 7132
5768 4979
5769 2423
5770 6660
5771 4904
5772 2372
5773 5785
5774 5052
5775 6210
5776 4822
5777 7334
5778 7819
5779 5689
5780 7168
5781 635
5782 3095
5783 7039
5784 5163
5785 4349
5786 2876
5787 4031
5788 2106
5789 4665
5790 7106
5791 582
5792 2253
5793 5880
5794 840
5795 2546
5796 976
5797 3601
5798 5291
5799 1870
5800 5040
5801 2110
5802 7584
5803 3187
5804 5861
5805 4887
5806 555
5807 2135
5808 3556
5809 88
5810 6264
5811 2408
5812 4711
5813 5791
5814 2022
5815 6015
5816 3780
5817 5007
5818 2278
5819 900
5820 5289
5821 6298
5822 325
5823 2302
5824 6378
5825 7950
5826 4799
5827 3903
5828 1509
5829 6880
5830 6443
5831 4580
5832 1946
5833 5680
5834 4048
5835 3746
5836 4297
5837 6922
5838 4414
5839 2469
5840 5634
5841 4424
5842 5123
5843 6114
5844 4234
5845 2398
5846 545
5847 4448
5848 3850
5849 4213
5850 1942
5851 6286
5852 2782
5853 3457
5854 5084
5855 6679
5856 1400
5857 4269
5858 4678
5859 4676
5860 2863
5861 7344
5862 6152
5863 7735
5864 5381
5865 107
5866 2240
5867 385
5868 2589
5869 3630
5870 3504
5871 1134
5872 2728
5873 5758
5874 4247
5875 563
5876 6585
5877 248
5878 6049
5879 7316
5880 3756
5881 6481
5882 3519
5883 2907
5884 807
5885 7195
5886 6869
5887 6450
5888 4265
5889 6532
5890 6824
5891 2565
5892 672
5893 2721
5894 7104
5895 5012
5896 4076
5897 969
5898 1768
5899 4932
5900 7219
5901 4498
5902 1313
5903 5522
5904 120
5905 5921
5906 5194
5907 2290
5908 5451
5909 4854
5910 2956
5911 5719
5912 2368
5913 2322
5914 4664
5915 5102
5916 1213
5917 6836
5918 1277
5919 516
5920 5475
5921 6477
5922 4027
5923 5003
5924 4996
5925 16
5926 40
5927 7743
5928 2435
5929 418
5930 5338
5931 2727
5932 3600
5933 1824
5934 3827
5935 2226
5936 7032
5937 4771
5938 5233
5939 3252
5940 1644
5941 4273
5942 5504
5943 7013
5944 7845
5945 2130
5946 6848
5947 3489
5948 7058
5949 7012
5950 4606
5951 3440
5952 5671
5953 3532
5954 380
5955 3599
5956 4875
5957 3161
5958 3864
5959 1967
5960 5619
5961 2855
5962 3228
5963 6917
5964 63
5965 681
5966 883
5967 5984
5968 7595
5969 4850
5970 4094
5971 7682
5972 1292
5973 6862
5974 5230
5975 5348
5976 5874
5977 7525
5978 6432
5979 6795
5980 4282
5981 4645
5982 2769
5983 1747
5984 4754
5985 7075
5986 3527
5987 319
5988 6935
5989 7265
5990 4598
5991 3553
5992 7739
5993 989
5994 2526
5995 5001
5996 2610
5997 3238
5998 836
5999 5629
6000 4015
6001 7745
6002 4761
6003 5107
6004 82
6005 7808
6006 4399
6007 5137
6008 4644
6009 1676
6010 6865
6011 4921
6012 4367
6013 1482
6014 4576
6015 1810
6016 4954
6017 5613
6018 2794
6019 2293
6020 4023
6021 5438
6022 4861
6023 242
6024 4793
6025 5917
6026 5070
6027 5284
6028 5890
6029 6925
6030 2395
6031 7529
6032 3799
6033 1185
6034 6905
6035 5579
6036 7469
6037 3555
6038 3295
6039 2820
6040 6400
6041 5358
6042 5616
6043 874
6044 4611
6045 1251
6046 1335
6047 706
6048 1742
6049 3650
6050 5220
6051 29
6052 5778
6053 5322
6054 1561
6055 2100
6056 4049
6057 5229
6058 821
6059 655
6060 7911
6061 4249
6062 547
6063 6364
6064 4444
6065 3771
6066 536
6067 4295
6068 4646
6069 1739
6070 556
6071 5116
6072 7647
6073 2568
6074 365
6075 5752
6076 5420
6077 7902
6078 3460
6079 3458
6080 4466
6081 7299
6082 1631
6083 5622
6084 7770
6085 3117
6086 4850
6087 1975
6088 6489
6089 4332
6090 906
6091 4848
6092 4125
6093 3595
6094 290
6095 3103
6096 4121
6097 7050
6098 1968
6099 483
6100 501
6101 2385
6102 7212
6103 6329
6104 4450
6105 1862
6106 3303
6107 868
6108 5795
6109 2886
6110 457
6111 6066
6112 6475
6113 1647
6114 5019
6115 6995
6116 4079
6117 1430
6118 2533
6119 3360
6120 5081
6121 1318
6122 4388
6123 4601
6124 1827
6125 6120
6126 2669
6127 3272
6128 2062
6129 6254
6130 4253
6131 251
6132 7129
6133 3642
6134 7538
6135 4508
6136 717
6137 6698
6138 6366
6139 6742
6140 7518
6141 4611
6142 2815
6143 4778
6144 117
6145 1608
6146 5001
6147 609
6148 5852
6149 2030
6150 3811
6151 6060
6152 6846
6153 5353
6154 940
6155 1757
6156 5937
6157 3637
6158 3832
6159 381
6160 2971
6161 5877
6162 5525
6163 1533
6164 4506
6165 5386
6166 3949
6167 5304
6168 4897
6169 5552
6170 3844
6171 1751
6172 5976
6173 3815
6174 4973
6175 3437
6176 5623
6177 5865
6178 7850
6179 1394
6180 1961
6181 2509
6182 4925
6183 119
6184 3015
6185 3733
6186 7076
6187 2494
6188 4807
6189 1175
6190 4296
6191 2267
6192 6203
6193 2129
6194 1417
6195 6666
6196 912
6197 2449
6198 7580
6199 4950
6200 4496
6201 7005
6202 5761
6203 3282
6204 6314
6205 5187
6206 7199
6207 4544
6208 3403
6209 6739
6210 1786
6211 3566
6212 5430
6213 5000
6214 4455
6215 7761
6216 6097
6217 1389
6218 4526
6219 3608
6220 5106
6221 5707
6222 932
6223 702
6224 7771
6225 4283
6226 3452
6227 2643
6228 662
6229 3035
6230 4800
6231 3872
6232 5848
6233 150
6234 894
6235 1342
6236 4317
6237 4455
6238 4105
6239 7194
6240 1409
6241 1858
6242 6563
6243 4982
6244 4207
6245 4929
6246 4469
6247 7472
6248 4917
6249 7711
6250 4591
6251 3481
6252 1135
6253 1104
6254 55
6255 3
6256 437
6257 4912
6258 4758
6259 3966
6260 1509
6261 4369
6262 511
6263 6358
6264 6308
6265 1316
6266 3728
6267 4802
6268 2169
6269 1341
6270 1214
6271 4936
6272 4599
6273 4706
6274 6135
6275 7365
6276 5911
6277 1557
6278 5799
6279 6016
6280 7744
6281 2968
6282 6771
6283 4124
6284 5093
6285 1836
6286 2093
6287 3579
6288 1921
6289 3501
6290 1295
6291 2728
6292 5166
6293 2919
6294 2762
6295 7205
6296 3442
6297 3466
6298 6583
6299 2834
6300 776
6301 907
6302 7656
6303 1857
6304 5710
6305 3551
6306 6121
6307 1278
6308 7763
6309 7179
6310 5530
6311 3286
6312 255
6313 576
6314 981
6315 5873
6316 4551
6317 6669
6318 1807
6319 5932
6320 3054
6321 5416
6322 3096
6323 7965
6324 7827
6325 6657
6326 6971
6327 7751
6328 7864
6329 6487
6330 1279
6331 2429
6332 6882
6333 2823
6334 990
6335 3436
6336 6735
6337 4143
6338 34
6339 84
6340 935
6341 763
6342 3324
6343 774
6344 6290
6345 7092
6346 1435
6347 4056
6348 3653
6349 830
6350 2634
6351 5058
6352 3397
6353 5471
6354 2906
6355 6199
6356 4943
6357 7915
6358 4110
6359 6982
6360 2203
6361 5454
6362 752
6363 6781
6364 3584
6365 2814
6366 5411
6367 1936
6368 2609
6369 558
6370 5424
6371 2148
6372 6128
6373 19
6374 1549
6375 5620
6376 6979
6377 114
6378 3415
6379 106
6380 6936
6381 3225
6382 438
6383 2212
6384 3376
6385 4856
6386 2599
6387 5926
6388 2031
6389 4839
6390 1080
6391 5519
6392 2483
6393 6006
6394 1387
6395 6621
6396 5032
6397 4672
6398 3496
6399 1169
6400 364
6401 246
6402 4455
6403 7842
6404 7260
6405 6095
6406 7775
6407 3982
6408 3681
6409 4747
6410 4674
6411 626
6412 1159
6413 1081
6414 7515
6415 1501
6416 1677
6417 593
6418 7247
6419 3242
6420 3957
6421 2828
6422 1920
6423 7681
6424 1550
6425 5177
6426 3133
6427 2657
6428 4353
6429 6965
6430 736
6431 4107
6432 1859
6433 218
6434 7910
6435 5896
6436 2114
6437 2604
6438 2348
6439 3566
6440 942
6441 6330
6442 1424
6443 6392
6444 7734
6445 1894
6446 3752
6447 2436
6448 6213
6449 2548
6450 2142
6451 4711
6452 1423
6453 217
6454 4719
6455 7567
6456 3418
6457 3989
6458 6647
6459 1099
6460 5654
6461 7693
6462 2737
6463 5790
6464 4272
6465 7600
6466 1364
6467 5084
6468 4785
6469 327
6470 3739
6471 6002
6472 6436
6473 3812
6474 5012
6475 2041
6476 6200
6477 7904
6478 5423
6479 6602
6480 5931
6481 5893
6482 5829
6483 6449
6484 5149
6485 4998
6486 3092
6487 7684
6488 3283
6489 6804
6490 5469
6491 3858
6492 184
6493 3599
6494 1798
6495 5846
6496 5725
6497 656
6498 1052
6499 6762
6500 1352
6501 744
6502 1064
6503 5816
6504 5416
6505 5294
6506 1431
6507 517
6508 1861
6509 4479
6510 5031
6511 4211
6512 5697
6513 6840
6514 3604
6515 7569
6516 3329
6517 6911
6518 1112
6519 1085
6520 1336
6521 3707
6522 2181
6523 408
6524 1568
6525 7722
6526 562
6527 5087
6528 2323
6529 4557
6530 2351
6531 3057
6532 2389
6533 5438
6534 5698
6535 4383
6536 2580
6537 4119
6538 6369
6539 3970
6540 6810
6541 2593
6542 1683
6543 3710
6544 7035
6545 3212
6546 5978
6547 5539
6548 2219
6549 2840
6550 6403
6551 5096
6552 3558
6553 3354
6554 6813
6555 7665
6556 2668
6557 689
6558 5553
6559 2904
6560 1218
6561 2096
6562 65
6563 4675
6564 3250
6565 4735
6566 3669
6567 3593
6568 1626
6569 7855
6570 259
6571 1771
6572 7214
6573 7782
6574 1159
6575 7788
6576 4716
6577 1361
6578 5763
6579 1079
6580 1793
6581 6469
6582 7579
6583 4990
6584 7309
6585 1176
6586 6956
6587 3729
6588 4465
6589 5101
6590 5546
6591 6792
6592 3614
6593 2862
6594 4958
6595 2380
6596 1156
6597 4476
6598 1756
6599 6432
6600 5152
6601 5874
6602 6807
6603 2476
6604 832
6605 5439
6606 4034
6607 4043
6608 6384
6609 5789
6610 121
6611 2195
6612 2260
6613 876
6614 4512
6615 3885
6616 4533
6617 7757
6618 858
6619 1752
6620 6240
6621 4106
6622 3160
6623 4822
6624 1263
6625 5788
6626 3384
6627 4829
6628 1081
6629 6158
6630 7869
6631 2468
6632 7676
6633 5471
6634 667
6635 231
6636 5083
6637 7637
6638 1161
6639 1875
6640 3510
6641 3097
6642 4192
6643 7417
6644 6614
6645 6581
6646 7073
6647 5487
6648 838
6649 5234
6650 136
6651 4118
6652 6452
6653 6964
6654 2043
6655 2467
6656 3142
6657 3589
6658 4506
6659 4628
6660 1929
6661 869
6662 5617
6663 1664
6664 4438
6665 5096
6666 7002
6667 945
6668 6888
6669 5558
6670 6091
6671 4924
6672 353
6673 3635
6674 6217
6675 2958
6676 2054
6677 6612
6678 3582
6679 5822
6680 1645
6681 1446
6682 2119
6683 5712
6684 7315
6685 5553
6686 2344
6687 2442
6688 1877
6689 2252
6690 6258
6691 794
6692 5700
6693 5371
6694 5987
6695 6836
6696 5440
6697 1446
6698 1199
6699 141
6700 1200
6701 5657
6702 2670
6703 7756
6704 634
6705 978
6706 5039
6707 1876
6708 3062
6709 5170
6710 1404
6711 1973
6712 5281
6713 4031
6714 1601
6715 3575
6716 621
6717 4086
6718 3046
6719 687
6720 3884
6721 1098
6722 2465
6723 1307
6724 5820
6725 1310
6726 4068
6727 3785
6728 4710
6729 4449
6730 1082
6731 271
6732 6656
6733 4900
6734 7885
6735 2955
6736 3774
6737 2078
6738 4264
6739 4520
6740 2307
6741 933
6742 4657
6743 5649
6744 5355
6745 5086
6746 2098
6747 7077
6748 1662
6749 6626
6750 843
6751 4203
6752 971
6753 6511
6754 994
6755 4605
6756 4758
6757 5893
6758 6313
6759 5208
6760 3868
6761 5656
6762 7840
6763 4182
6764 7438
6765 2473
6766 6464
6767 1633
6768 2122
6769 2343
6770 1345
6771 2664
6772 4622
6773 5979
6774 979
6775 1291
6776 1086
6777 2795
6778 7564
6779 733
6780 7173
6781 1760
6782 3791
6783 5821
6784 269
6785 1877
6786 6540
6787 4376
6788 10
6789 7071
6790 5457
6791 5484
6792 6460
6793 4194
6794 3411
6795 1131
6796 3190
6797 7398
6798 6827
6799 6040
6800 4959
6801 5328
6802 557
6803 6567
6804 1711
6805 6595
6806 2265
6807 4987
6808 4562
6809 7720
6810 7635
6811 4525
6812 1896
6813 3822
6814 1255
6815 6046
6816 7746
6817 5479
6818 2438
6819 4033
6820 3499
6821 2522
6822 727
6823 3935
6824 1856
6825 4309
6826 2419
6827 7505
6828 1145
6829 5473
6830 7041
6831 4085
6832 2235
6833 4039
6834 2980
6835 7629
6836 7120
6837 4990
6838 126
6839 1166
6840 3974
6841 1211
6842 3393
6843 5937
6844 4660
6845 6393
6846 7742
6847 1814
6848 5793
6849 1416
6850 2598
6851 471
6852 7368
6853 3850
6854 5952
6855 6331
6856 2964
6857 6581
6858 3430
6859 90
6860 5033
6861 3940
6862 7732
6863 1599
6864 3187
6865 2476
6866 2425
6867 3734
6868 2108
6869 2696
6870 3466
6871 420
6872 2058
6873 6737
6874 3397
6875 2421
6876 187
6877 6861
6878 190
6879 4962
6880 5002
6881 1379
6882 6709
6883 261
6884 1917
6885 5223
6886 1029
6887 5702
6888 2831
6889 1643
6890 1325
6891 5819
6892 2225
6893 5548
6894 375
6895 2958
6896 4612
6897 4259
6898 1558
6899 5665
6900 5086
6901 5970
6902 4738
6903 4765
6904 3643
6905 4334
6906 6089
6907 963
6908 5112
6909 5666
6910 7596
6911 152
6912 5252
6913 3345
6914 2763
6915 4556
6916 5356
6917 4348
6918 4502
6919 1022
6920 6028
6921 5796
6922 2973
6923 4629
6924 7345
6925 47
6926 3765
6927 5628
6928 4990
6929 460
6930 7619
6931 1084
6932 4216
6933 424
6934 2121
6935 4270
6936 3193
6937 2902
6938 299
6939 5883
6940 4165
6941 7793
6942 2739
6943 5190
6944 2321
6945 6723
6946 1555
6947 4381
6948 4131
6949 4433
6950 7014
6951 4434
6952 7328
6953 2550
6954 4125
6955 1208
6956 4319
6957 1011
6958 3513
6959 6343
6960 5506
6961 3740
6962 4660
6963 3683
6964 878
6965 4516
6966 6321
6967 1584
6968 1749
6969 6367
6970 4866
6971 2420
6972 1865
6973 359
6974 2703
6975 7663
6976 5723
6977 4397
6978 4896
6979 4249
6980 5482
6981 3149
6982 569
6983 4452
6984 1487
6985 5407
6986 3134
6987 426
6988 5055
6989 5953
6990 6910
6991 7226
6992 644
6993 318
6994 7959
6995 2760
6996 1902
6997 3350
6998 5637
6999 1283
7000 3937
7001 6918
7002 6513
7003 3051
7004 7867
7005 1889
7006 6302
7007 266
7008 1076
7009 3181
7010 2801
7011 3261
7012 5124
7013 1000
7014 53
7015 4726
7016 5049
7017 2311
7018 5336
7019 3501
7020 5022
7021 2401
7022 4051
7023 903
7024 6070
7025 6900
7026 4513
7027 2157
7028 423
7029 6921
7030 5908
7031 4073
7032 936
7033 2183
7034 6124
7035 5474
7036 1529
7037 6237
7038 961
7039 4862
7040 5570
7041 7712
7042 4290
7043 6288
7044 6811
7045 3761
7046 4336
7047 6646
7048 6376
7049 557
7050 7703
7051 1003
7052 5742
7053 6157
7054 5498
7055 3376
7056 6693
7057 5601
7058 7181
7059 4816
7060 5028
7061 6243
7062 2725
7063 7725
7064 4340
7065 5781
7066 5199
7067 7802
7068 6529
7069 7455
7070 2640
7071 505
7072 4159
7073 5200
7074 498
7075 4216
7076 479
7077 1414
7078 4291
7079 6877
7080 2197
7081 3620
7082 937
7083 1705
7084 4999
7085 2673
7086 6576
7087 3355
7088 1472
7089 5718
7090 3089
7091 4341
7092 7697
7093 2159
7094 957
7095 7964
7096 265
7097 1324
7098 3862
7099 520
7100 6919
7101 1203
7102 5722
7103 3200
7104 3305
7105 3463
7106 3533
7107 770
7108 5620
7109 7547
7110 7088
7111 7498
7112 6831
7113 5886
7114 2913
7115 4903
7116 7655
7117 5947
7118 7083
7119 6947
7120 6557
7121 520
7122 4447
7123 6842
7124 4451
7125 5302
7126 5195
7127 7175
7128 1010
7129 4011
7130 6297
7131 4630
7132 397
7133 6704
7134 1057
7135 6328
7136 6800
7137 4084
7138 1882
7139 462
7140 1162
7141 2936
7142 4395
7143 7599
7144 7325
7145 4406
7146 539
7147 5490
7148 4447
7149 1015
7150 156
7151 5967
7152 1630
7153 5260
7154 4306
7155 535
7156 2457
7157 7721
7158 2554
7159 4254
7160 5944
7161 4584
7162 5220
7163 1224
7164 4497
7165 6620
7166 3866
7167 7887
7168 115
7169 3094
7170 4470
7171 1190
7172 2490
7173 6743
7174 5781
7175 3559
7176 1360
7177 3054
7178 6796
7179 4183
7180 1904
7181 4759
7182 6495
7183 5302
7184 7477
7185 5046
7186 5501
7187 3151
7188 6538
7189 3459
7190 2435
7191 789
7192 3475
7193 3591
7194 7153
7195 2345
7196 4683
7197 1689
7198 5377
7199 7471
7200 983
7201 468
7202 4254
7203 6789
7204 2747
7205 3597
7206 5986
7207 7544
7208 496
7209 2638
7210 1974
7211 7503
7212 1781
7213 7724
7214 5376
7215 5616
7216 1821
7217 5583
7218 3529
7219 1892
7220 7223
7221 7948
7222 3910
7223 6001
7224 1690
7225 7280
7226 7279
7227 3781
7228 520
7229 1977
7230 3875
7231 5405
7232 1515
7233 3341
7234 3740
7235 6368
7236 1969
7237 3280
7238 7163
7239 1602
7240 624
7241 6591
7242 2062
7243 410
7244 7670
7245 2275
7246 1891
7247 5632
7248 4755
7249 5866
7250 4007
7251 6738
7252 454
7253 3447
7254 1550
7255 4320
7256 4037
7257 5934
7258 6609
7259 5076
7260 6018
7261 5053
7262 7288
7263 6063
7264 3439
7265 4738
7266 7506
7267 811
7268 5005
7269 2959
7270 5757
7271 313
7272 3502
7273 3673
7274 3105
7275 3364
7276 5063
7277 4002
7278 5829
7279 5222
7280 6946
7281 696
7282 4782
7283 4602
7284 798
7285 7300
7286 1329
7287 1243
7288 3909
7289 2222
7290 5339
7291 3058
7292 5407
7293 5670
7294 391
7295 2227
7296 5008
7297 4523
7298 94
7299 4345
7300 2697
7301 1752
7302 3573
7303 7079
7304 2172
7305 3546
7306 2636
7307 5213
7308 6560
7309 1284
7310 5219
7311 2519
7312 1853
7313 6645
7314 1478
7315 1449
7316 7259
7317 363
7318 470
7319 5519
7320 2491
7321 5840
7322 2036
7323 1724
7324 3723
7325 2872
7326 4013
7327 301
7328 2602
7329 7425
7330 7442
7331 5457
7332 2185
7333 7377
7334 1013
7335 5235
7336 3633
7337 1434
7338 4454
7339 766
7340 2879
7341 1113
7342 641
7343 7702
7344 7157
7345 1288
7346 2949
7347 6676
7348 3033
7349 6809
7350 795
7351 2482
7352 1415
7353 1699
7354 629
7355 7381
7356 4184
7357 3837
7358 5110
7359 1311
7360 3351
7361 3423
7362 3649
7363 7588
7364 2430
7365 6419
7366 5774
7367 4701
7368 4609
7369 797
7370 7877
7371 2736
7372 276
7373 176
7374 7348
7375 2674
7376 5007
7377 4911
7378 5610
7379 5589
7380 185
7381 2478
7382 3110
7383 4867
7384 6644
7385 7282
7386 3869
7387 7437
7388 5497
7389 4823
7390 5245
7391 154
7392 5306
7393 2933
7394 4025
7395 2115
7396 1347
7397 3852
7398 4535
7399 7233
7400 4677
7401 1572
7402 6410
7403 1839
7404 6463
7405 2667
7406 1552
7407 7145
7408 2521
7409 4186
7410 4610
7411 6689
7412 4074
7413 4473
7414 3576
7415 5382
7416 5668
7417 3675
7418 6756
7419 2015
7420 1002
7421 959
7422 3319
7423 7642
7424 4852
7425 4642
7426 3766
7427 3245
7428 1294
7429 6071
7430 3567
7431 4929
7432 30
7433 6594
7434 4876
7435 5227
7436 961
7437 4985
7438 4333
7439 1561
7440 4709
7441 5034
7442 5331
7443 441
7444 3412
7445 2231
7446 2064
7447 677
7448 7018
7449 4551
7450 1627
7451 991
7452 513
7453 3168
7454 4589
7455 2786
7456 1531
7457 7569
7458 6371
7459 3571
7460 796
7461 5869
7462 4355
7463 4952
7464 924
7465 3517
7466 7024
7467 421
7468 4986
7469 4367
7470 5142
7471 3221
7472 2595
7473 37
7474 5993
7475 6486
7476 5268
7477 5463
7478 1178
7479 6036
7480 4872
7481 4873
7482 4044
7483 4463
7484 4340
7485 2672
7486 1160
7487 2202
7488 456
7489 3064
7490 303
7491 5096
7492 973
7493 1586
7494 2444
7495 1201
7496 7886
7497 4781
7498 4273
7499 5068
7500 6079
7501 3027
7502 7435
7503 6662
7504 2560
7505 6945
7506 3240
7507 5305
7508 7627
7509 2388
7510 5162
7511 3455
7512 5345
7513 7200
7514 1907
7515 6056
7516 1168
7517 2653
7518 3873
7519 6377
7520 4103
7521 2725
7522 2950
7523 4004
7524 5343
7525 5493
7526 7696
7527 2633
7528 1882
7529 6177
7530 441
7531 7239
7532 1677
7533 6435
7534 2803
7535 2549
7536 732
7537 7253
7538 5809
7539 201
7540 3894
7541 2220
7542 7898
7543 6871
7544 3577
7545 5886
7546 4163
7547 4548
7548 5532
7549 997
7550 4668
7551 703
7552 6976
7553 4734
7554 2934
7555 7582
7556 4043
7557 2378
7558 518
7559 4801
7560 4549
7561 7211
7562 7097
7563 5077
7564 3986
7565 3415
7566 22
7567 3698
7568 3547
7569 7626
7570 1053
7571 184
7572 3227
7573 7432
7574 235
7575 5939
7576 2037
7577 5398
7578 394
7579 6404
7580 3260
7581 2532
7582 7569
7583 143
7584 2676
7585 7907
7586 5613
7587 2744
7588 5559
7589 1560
7590 2073
7591 4143
7592 6359
7593 3369
7594 6545
7595 7462
7596 1675
7597 5493
7598 6500
7599 5754
7600 5065
7601 3210
7602 5405
7603 3837
7604 4245
7605 4021
7606 5663
7607 2507
7608 7138
7609 5594
7610 2303
7611 7882
7612 3556
7613 4928
7614 7614
7615 4755
7616 6780
7617 6263
7618 1593
7619 2414
7620 2999
7621 6715
7622 1782
7623 6059
7624 3916
7625 1530
7626 6651
7627 4134
7628 4673
7629 2627
7630 3413
7631 3211
7632 86
7633 326
7634 6169
7635 2048
7636 4763
7637 5166
7638 5317
7639 6906
7640 4969
7641 3188
7642 3854
7643 5050
7644 4391
7645 4623
7646 6391
7647 6029
7648 3861
7649 3002
7650 1331
7651 2089
7652 377
7653 6280
7654 7852
7655 2527
7656 6858
7657 509
7658 7141
7659 6176
7660 58
7661 1589
7662 5316
7663 5534
7664 5430
7665 1378
7666 4144
7667 3229
7668 5193
7669 3346
7670 7505
7671 1172
7672 7096
7673 3130
7674 3265
7675 5122
7676 2391
7677 5614
7678 6600
7679 4212
7680 2376
7681 7630
7682 5021
7683 5167
7684 845
7685 6897
7686 535
7687 5510
7688 4874
7689 775
7690 1618
7691 6417
7692 985
7693 3388
7694 2978
7695 5867
7696 5806
7697 1797
7698 5174
7699 6748
7700 3449
7701 2140
7702 6340
7703 2397
7704 7969
7705 7466
7706 4444
7707 734
7708 4925
7709 5376
7710 6219
7711 6396
7712 6700
7713 4974
7714 3720
7715 5619
7716 7834
7717 3492
7718 5315
7719 6682
7720 2966
7721 6467
7722 3496
7723 6636
7724 5212
7725 2379
7726 619
7727 5640
7728 3879
7729 4246
7730 3636
7731 1303
7732 1829
7733 6136
7734 7539
7735 1250
7736 7273
7737 4245
7738 7909
7739 3173
7740 2515
7741 5845
7742 3472
7743 6229
7744 993
7745 3206
7746 803
7747 1023
7748 6701
7749 1330
7750 4028
7751 4974
7752 5465
7753 2604
7754 7317
7755 2608
7756 6667
7757 6415
7758 4622
7759 179
7760 1067
7761 345
7762 274
7763 5388
7764 4266
7765 5693
7766 7764
7767 4812
7768 3442
7769 6863
7770 712
7771 5461
7772 4971
7773 1192
7774 4373
7775 642
7776 1588
7777 3581
7778 4288
7779 1316
7780 6069
7781 1731
7782 7453
7783 1823
7784 5447
7785 4374
7786 3950
7787 4038
7788 837
7789 7475
7790 3463
7791 3552
7792 3753
7793 332
7794 5660
7795 5318
7796 4566
7797 6490
7798 3352
7799 6140
7800 4200
7801 4236
7802 1073
7803 882
7804 6873
7805 7244
7806 4532
7807 3580
7808 5827
7809 5279
7810 436
7811 3432
7812 3434
7813 4893
7814 2688
7815 6465
7816 7067
7817 4660
7818 3485
7819 5141
7820 6326
7821 1342
7822 5313
7823 7366
7824 2845
7825 3860
7826 2528
7827 1136
7828 1317
7829 1863
7830 2791
7831 6144
7832 602
7833 602
7834 6104
7835 68
7836 6241
7837 856
7838 5446
7839 443
7840 6184
7841 7888
7842 5545
7843 1806
7844 7150
7845 3365
7846 5157
7847 4946
7848 5929
7849 6713
7850 4435
7851 5137
7852 708
7853 5425
7854 5650
7855 525
7856 3691
7857 5237
7858 62
7859 3985
7860 3531
7861 6305
7862 823
7863 2338
7864 4772
7865 1283
7866 6927
7867 1143
7868 2497
7869 1899
7870 7431
7871 2547
7872 1945
7873 4801
7874 2784
7875 3644
7876 1223
7877 4320
7878 3572
7879 7262
7880 4480
7881 5238
7882 35
7883 68
7884 6854
7885 2396
7886 1105
7887 2371
7888 4217
7889 3060
7890 7920
7891 5242
7892 5035
7893 6012
7894 790
7895 3824
7896 4510
7897 5513
7898 2676
7899 3787
7900 56
7901 7895
7902 7333
7903 1578
7904 3345
7905 4109
7906 3867
7907 4273
7908 6497
7909 7944
7910 4368
7911 812
7912 4506
7913 57
7914 5215
7915 7598
7916 1660
7917 1779
7918 5555
7919 5205
7920 5255
7921 3646
7922 2856
7923 1509
7924 5320
7925 742
7926 3603
7927 5638
7928 3338
7929 116
7930 3616
7931 1165
7932 1388
7933 4095
7934 7452
7935 3338
7936 4148
7937 101
7938 2600
7939 1826
7940 3569
7941 1550
7942 7708
7943 543
7944 6539
7945 3510
7946 7838
7947 1818
7948 5706
7949 7136
7950 217
7951 2234
7952 3142
7953 5121
7954 6724
7955 4401
7956 4801
7957 6710
7958 5103
7959 5905
7960 6401
7961 3790
7962 4154
7963 4254
7964 4729
7965 7571
7966 3554
7967 1992
7968 1045
7969 4893
7970 2
7971 5183
7972 3702
7973 4970
7974 4183
7975 4082
7976 6367
7977 3230
7978 6886
7979 2715
7980 1641
7981 507
7982 996
7983 2571
7984 5198
7985 6933
7986 3538
7987 559
7988 1344
7989 6812
7990 1903
7991 5313
7992 3365
7993 6033
7994 4312
7995 4339
7996 262
7997 6230
7998 1461
7999 2900
8000 2295
8001 6974
8002 3619
8003 4337
8004 5669
8005 5240
8006 2174
8007 1995
8008 727
8009 5833
8010 5231
8011 2179
8012 1339
8013 1229
8014 206
8015 4205
8016 4882
8017 5228
8018 3167
8019 2680
8020 738
8021 291
8022 3091
8023 5471
8024 5503
8025 7255
8026 7565
8027 4300
8028 613
8029 5064
8030 1983
8031 2691
8032 1089
8033 4698
8034 1535
8035 2731
8036 7098
8037 694
8038 3450
8039 6333
8040 4093
8041 5334
8042 6770
8043 3884
8044 3577
8045 3754
8046 6292
8047 7776
8048 3139
8049 6526
8050 7408
8051 3565
8052 4787
8053 3694
8054 5256
8055 7870
8056 4659
8057 6773
8058 573
8059 7594
8060 1273
8061 253
8062 6157
8063 2
8064 4799
8065 7760
8066 7540
8067 2361
8068 2341
8069 7755
8070 1604
8071 6217
8072 3243
8073 6649
8074 4666
8075 3405
8076 6595
8077 2658
8078 7028
8079 4648
8080 3874
8081 5526
8082 3700
8083 2251
8084 4641
8085 2995
8086 4502
8087 2420
8088 7486
8089 2175
8090 2663
8091 5724
8092 5841
8093 5395
8094 3602
8095 2263
8096 2770
8097 2405
8098 1047
8099 4905
8100 480
8101 2513
8102 1230
8103 1825
8104 2906
8105 3679
8106 2628
8107 2606
8108 5507
8109 2056
8110 4666
8111 7531
8112 5027
8113 5664
8114 5207
8115 4078
8116 662
8117 2308
8118 1031
8119 282
8120 4138
8121 369
8122 7828
8123 165
8124 762
8125 1916
8126 1612
8127 7390
8128 7269
8129 3669
8130 958
8131 336
8132 1923
8133 54
8134 747
8135 4810
8136 2021
8137 592
8138 2741
8139 4250
8140 3684
8141 614
8142 1440
8143 4081
8144 3351
8145 2145
8146 5771
8147 898
8148 7000
8149 5298
8150 7457
8151 7258
8152 3526
8153 5406
8154 4439
8155 3040
8156 4849
8157 432
8158 897
8159 7876
8160 4703
8161 4765
8162 2681
8163 1371
8164 4313
8165 4821
8166 3468
8167 7488
8168 3594
8169 4003
8170 7021
8171 6814
8172 6555
8173 2044
8174 3792
8175 2765
8176 2865
8177 1619
8178 7473
8179 617
8180 6137
8181 3704
8182 3564
8183 695
8184 3714
8185 4986
8186 2844
8187 4977
8188 2699
8189 6514
8190 7409
8191 4232
8192 2605
8193 7865
8194 1625
8195 5229
8196 7143
8197 5850
8198 303
8199 5783
8200 3674
8201 3024
8202 3902
8203 1106
8204 5042
8205 1322
8206 63
8207 7441
8208 4683
8209 4977
8210 3425
8211 3442
8212 6929
8213 7736
8214 4582
8215 3427
8216 7099
8217 2113
8218 4096
8219 1860
8220 7044
8221 692
8222 2274
8223 7250
8224 647
8225 6515
8226 3743
8227 6597
8228 4050
8229 6174
8230 3743
8231 3810
8232 2858
8233 261
8234 1290
8235 32
8236 6610
8237 5972
8238 3171
8239 6252
8240 5217
8241 1368
8242 3452
8243 6398
8244 7943
8245 2545
8246 3224
8247 6578
8248 7303
8249 2192
8250 6907
8251 7445
8252 5594
8253 2730
8254 5152
8255 4206
8256 870
8257 4908
8258 2753
8259 7620
8260 6099
8261 2846
8262 3435
8263 3052
8264 6054
8265 3342
8266 597
8267 2706
8268 2437
8269 701
8270 7810
8271 5239
8272 1566
8273 5912
8274 657
8275 2799
8276 1492
8277 6544
8278 43
8279 1545
8280 2154
8281 3842
8282 7492
8283 3464
8284 7215
8285 6741
8286 2715
8287 3093
8288 3452
8289 6059
8290 2772
8291 919
8292 1605
8293 4033
8294 2193
8295 504
8296 1841
8297 1411
8298 5734
8299 5387
8300 4655
8301 7706
8302 5082
8303 4907
8304 2616
8305 7068
8306 3429
8307 915
8308 4803
8309 5904
8310 1297
8311 4486
8312 1577
8313 7450
8314 5957
8315 4057
8316 1894
8317 2777
8318 407
8319 5426
8320 6734
8321 1349
8322 1541
8323 2502
8324 7874
8325 6246
8326 4356
8327 3384
8328 6295
8329 7329
8330 7602
8331 2745
8332 7896
8333 3843
8334 1963
8335 6588
8336 6087
8337 5914
8338 1621
8339 6787
8340 1086
8341 3612
8342 5120
8343 2808
8344 2841
8345 3730
8346 7023
8347 5278
8348 4940
8349 2773
8350 4891
8351 3120
8352 2123
8353 5269
8354 2057
8355 2390
8356 4396
8357 1264
8358 72
8359 4330
8360 6963
8361 4956
8362 858
8363 4829
8364 1890
8365 5400
8366 3670
8367 740
8368 6324
8369 544
8370 7878
8371 6037
8372 5892
8373 5018
8374 2091
8375 6356
8376 5794
8377 7493
8378 2290
8379 6915
8380 1833
8381 4403
8382 5410
8383 6491
8384 2850
8385 186
8386 1307
8387 1323
8388 884
8389 7526
8390 193
8391 7414
8392 3360
8393 7641
8394 7800
8395 6686
8396 1104
8397 4614
8398 1718
8399 5826
8400 3337
8401 2564
8402 6457
8403 4149
8404 1866
8405 6498
8406 188
8407 1272
8408 4937
8409 5432
8410 3717
8411 6967
8412 5380
8413 4128
8414 3008
8415 4594
8416 6843
8417 3824
8418 6953
8419 3471
8420 1774
8421 7124
8422 3625
8423 4934
8424 3163
8425 5621
8426 564
8427 3417
8428 4857
8429 3501
8430 964
8431 1959
8432 348
8433 3186
8434 6352
8435 6568
8436 1077
8437 2656
8438 6727
8439 7610
8440 6282
8441 7718
8442 2943
8443 1266
8444 4377
8445 7108
8446 7575
8447 5060
8448 7912
8449 5847
8450 2543
8451 5492
8452 4581
8453 1114
8454 2325
8455 6530
8456 7447
8457 1964
8458 3689
8459 4413
8460 465
8461 5573
8462 1733
8463 4000
8464 2450
8465 7822
8466 1017
8467 3032
8468 1504
8469 349
8470 375
8471 3232
8472 3947
8473 7740
8474 1340
8475 5566
8476 5080
8477 7875
8478 6849
8479 4224
8480 3126
8481 4326
8482 4250
8483 4727
8484 323
8485 931
8486 6370
8487 4
8488 5462
8489 3719
8490 2792
8491 7019
8492 3868
8493 887
8494 5081
8495 5885
8496 5512
8497 7894
8498 360
8499 4483
8500 6970
8501 7183
8502 1698
8503 5490
8504 7052
8505 13
8506 2781
8507 6030
8508 4864
8509 1269
8510 111
8511 515
8512 829
8513 3587
8514 3031
8515 4637
8516 6350
8517 538
8518 1077
8519 3425
8520 7401
8521 2300
8522 3012
8523 3870
8524 719
8525 4059
8526 4257
8527 4624
8528 4081
8529 6816
8530 3200
8531 512
8532 2370
8533 632
8534 6712
8535 7849
8536 337
8537 2146
8538 5517
8539 7107
8540 5311
8541 6605
8542 810
8543 6051
8544 169
8545 5387
8546 1475
8547 4656
8548 3164
8549 7204
8550 2082
8551 2920
8552 685
8553 5476
8554 281
8555 6570
8556 5059
8557 6535
8558 7146
8559 1669
8560 5181
8561 4042
8562 1970
8563 7511
8564 5297
8565 3331
8566 1507
8567 7434
8568 2143
8569 4659
8570 3851
8571 1984
8572 3867
8573 3368
8574 6073
8575 180
8576 5935
8577 5384
8578 5889
8579 2689
8580 4322
8581 5917
8582 5506
8583 5896
8584 4390
8585 2159
8586 2520
8587 4084
8588 3582
8589 2830
8590 5261
8591 6921
8592 6098
8593 7914
8594 1505
8595 6142
8596 3204
8597 1787
8598 6577
8599 6714
8600 1427
8601 7803
8602 3069
8603 7072
8604 1958
8605 4994
8606 6409
8607 2848
8608 7137
8609 2403
8610 4022
8611 4909
8612 5036
8613 2896
8614 3938
8615 7101
8616 2245
8617 7147
8618 2993
8619 1158
8620 6221
8621 2835
8622 4795
8623 946
8624 1777
8625 3615
8626 2139
8627 6921
8628 6194
8629 3050
8630 5675
8631 1978
8632 7464
8633 5066
8634 3387
8635 5561
8636 565
8637 5554
8638 3678
8639 808
8640 7967
8641 5624
8642 5920
8643 5196
8644 6622
8645 905
8646 4625
8647 4939
8648 2590
8649 980
8650 3144
8651 4813
8652 6728
8653 1493
8654 6521
8655 2403
8656 3379
8657 241
8658 3289
8659 7055
8660 2795
8661 4091
8662 6474
8663 4464
8664 1415
8665 2128
8666 7396
8667 2932
8668 23
8669 2224
8670 5072
8671 6208
8672 6778
8673 4832
8674 2023
8675 638
8676 6492
8677 5459
8678 600
8679 4250
8680 7440
8681 6875
8682 6186
8683 6744
8684 628
8685 2064
8686 4060
8687 368
8688 2480
8689 3453
8690 894
8691 167
8692 6808
8693 5930
8694 1518
8695 3038
8696 5608
8697 2109
8698 4052
8699 1940
8700 5156
8701 4694
8702 4597
8703 4835
8704 7862
8705 6237
8706 5251
8707 3859
8708 1468
8709 5294
8710 1884
8711 5336
8712 3416
8713 4575
8714 1570
8715 3258
8716 7231
8717 7533
8718 2125
8719 1834
8720 6989
8721 2663
8722 320
8723 4030
8724 643
8725 6561
8726 1886
8727 4559
8728 6554
8729 579
8730 123
8731 2417
8732 6270
8733 5818
8734 6134
8735 5395
8736 97
8737 7628
8738 1221
8739 3487
8740 5185
8741 5394
8742 1306
8743 1003
8744 548
8745 7731
8746 3122
8747 6937
8748 3998
8749 916
8750 5901
8751 3263
8752 1947
8753 342
8754 3647
8755 6022
8756 1032
8757 6430
8758 6153
8759 2891
8760 7566
8761 1638
8762 5838
8763 7483
8764 4463
8765 1433
8766 2281
8767 700
8768 6828
8769 5259
8770 4132
8771 5697
8772 264
8773 2887
8774 6048
8775 896
8776 6938
8777 7559
8778 7537
8779 2315
8780 6761
8781 5640
8782 880
8783 1544
8784 6815
8785 4100
8786 3065
8787 1188
8788 3374
8789 6519
8790 1709
8791 1666
8792 4738
8793 4942
8794 1193
8795 128
8796 611
8797 6145
8798 2118
8799 184
8800 6334
8801 6057
8802 4905
8803 416
8804 676
8805 2752
8806 3818
8807 6906
8808 6928
8809 3993
8810 2665
8811 4318
8812 3339
8813 4440
8814 3817
8815 2939
8816 3007
8817 3257
8818 7056
8819 7222
8820 7701
8821 3680
8822 7191
8823 7221
8824 7332
8825 23
8826 5715
8827 1803
8828 2518
8829 303
8830 4518
8831 5440
8832 3122
8833 1089
8834 2878
8835 1468
8836 5533
8837 3539
8838 1262
8839 7479
8840 7423
8841 331
8842 6510
8843 4157
8844 6627
8845 4408
8846 2754
8847 1928
8848 7197
8849 4852
8850 666
8851 5314
8852 7369
8853 6988
8854 204
8855 4835
8856 6103
8857 3313
8858 2207
8859 1069
8860 1750
8861 1722
8862 2588
8863 1763
8864 4975
8865 6943
8866 3943
8867 4139
8868 5224
8869 5818
8870 4135
8871 4980
8872 3353
8873 3498
8874 5741
8875 7292
8876 6365
8877 1364
8878 7806
8879 1224
8880 3991
8881 1175
8882 6697
8883 6852
8884 4663
8885 2722
8886 5812
8887 138
8888 4741
8889 7487
8890 388
8891 2186
8892 7689
8893 2880
8894 5208
8895 6414
8896 2210
8897 7038
8898 3994
8899 3476
8900 2847
8901 1153
8902 7623
8903 2334
8904 3862
8905 1072
8906 4087
8907 3356
8908 5218
8909 4705
8910 7393
8911 2230
8912 5326
8913 6618
8914 4394
8915 2431
8916 3849
8917 386
8918 5990
8919 5367
8920 3618
8921 917
8922 56
8923 4190
8924 4990
8925 4089
8926 4319
8927 7672
8928 3196
8929 1597
8930 4546
8931 7777
8932 1764
8933 6157
8934 2890
8935 3918
8936 4879
8937 3778
8938 957
8939 1980
8940 15
8941 4753
8942 7768
8943 5171
8944 5286
8945 4437
8946 3001
8947 467
8948 1909
8949 3598
8950 4515
8951 4788
8952 6337
8953 5043
8954 2506
8955 4280
8956 508
8957 3266
8958 3254
8959 1090
8960 2729
8961 2273
8962 4404
8963 2665
8964 4911
8965 2816
8966 6191
8967 4092
8968 3297
8969 3501
8970 5677
8971 7006
8972 151
8973 6361
8974 1119
8975 1622
8976 1309
8977 3665
8978 6764
8979 2418
8980 2635
8981 4883
8982 4359
8983 3904
8984 6317
8985 5648
8986 6323
8987 753
8988 1513
8989 2883
8990 1895
8991 3441
8992 7748
8993 199
8994 1352
8995 7957
8996 7047
8997 6630
8998 129
8999 4608
9000 1442
9001 6581
9002 1941
9003 5609
9004 6429
9005 4996
9006 6536
9007 4947
9008 4604
9009 6820
9010 3189
9011 4784
9012 4713
9013 7829
9014 2479
9015 3886
9016 52
9017 7355
9018 1671
9019 7116
9020 2851
9021 7306
9022 7839
9023 2308
9024 6201
9025 3340
9026 6058
9027 273
9028 2906
9029 1133
9030 3318
9031 5217
9032 5750
9033 71
9034 3321
9035 172
9036 1440
9037 1678
9038 2626
9039 2177
9040 4653
9041 7583
9042 4882
9043 5244
9044 3618
9045 6789
9046 2286
9047 3731
9048 7592
9049 1123
9050 7568
9051 7738
9052 4153
9053 366
9054 5696
9055 3588
9056 5843
9057 6082
9058 469
9059 1138
9060 7825
9061 4141
9062 1006
9063 482
9064 5417
9065 2014
9066 439
9067 6274
9068 7208
9069 5201
9070 1559
9071 29
9072 1483
9073 5017
9074 5550
9075 3023
9076 2793
9077 3287
9078 7086
9079 1989
9080 7294
9081 6173
9082 4162
9083 569
9084 1763
9085 5389
9086 200
9087 5486
9088 7679
9089 338
9090 2045
9091 2531
9092 5772
9093 5100
9094 5441
9095 4927
9096 6446
9097 2028
9098 5340
9099 1091
9100 3152
9101 741
9102 2328
9103 1809
9104 1166
9105 1066
9106 3486
9107 2160
9108 5798
9109 6092
9110 3699
9111 4117
9112 2342
9113 1982
9114 442
9115 2152
9116 2997
9117 6855
9118 1721
9119 7308
9120 3801
9121 6416
9122 4514
9123 7267
9124 7879
9125 1413
9126 1008
9127 2737
9128 4009
9129 699
9130 3557
9131 1035
9132 4693
9133 6690
9134 7715
9135 4279
9136 519
9137 1384
9138 4400
9139 3657
9140 7605
9141 5243
9142 6461
9143 3073
9144 6586
9145 4793
9146 2358
9147 4818
9148 7939
9149 7569
9150 3220
9151 4577
9152 7292
9153 307
9154 2900
9155 5025
9156 4883
9157 6405
9158 1301
9159 4620
9160 2998
9161 7337
9162 5009
9163 2727
9164 5035
9165 3772
9166 5355
9167 640
9168 7256
9169 2381
9170 5164
9171 4316
9172 595
9173 1542
9174 5692
9175 4457
9176 465
9177 7936
9178 1044
9179 6638
9180 5728
9181 3831
9182 4994
9183 3589
9184 1814
9185 7361
9186 5690
9187 608
9188 7122
9189 7324
9190 6175
9191 6838
9192 293
9193 7429
9194 4428
9195 1390
9196 5092
9197 4761
9198 7060
9199 3876
9200 4971
9201 2866
9202 7913
9203 6528
9204 7234
9205 3485
9206 5239
9207 3
9208 148
9209 3327
9210 1868
9211 1056
9212 7058
9213 4410
9214 6064
9215 4238
9216 6052
9217 3597
9218 7905
9219 5523
9220 847
9221 7518
9222 6067
9223 7686
9224 7400
9225 5101
9226 1668
9227 3906
9228 4651
9229 2026
9230 4647
9231 2225
9232 6997
9233 3867
9234 3567
9235 284
9236 2063
9237 191
9238 2007
9239 2332
9240 3922
9241 4886
9242 1934
9243 2455
9244 3911
9245 3262
9246 5879
9247 7890
9248 4583
9249 4979
9250 5730
9251 7510
9252 5792
9253 4716
9254 6116
9255 6817
9256 400
9257 87
9258 4901
9259 5361
9260 3111
9261 6189
9262 6062
9263 5437
9264 3671
9265 743
9266 2807
9267 7938
9268 4547
9269 1473
9270 3438
9271 5248
9272 1481
9273 5575
9274 6309
9275 7359
9276 3276
9277 1887
9278 5975
9279 1182
9280 1410
9281 7297
9282 7115
9283 2031
9284 7493
9285 5051
9286 7105
9287 1843
9288 5386
9289 7183
9290 7327
9291 399
9292 7203
9293 7085
9294 6617
9295 7577
9296 2941
9297 1808
9298 2011
9299 6499
9300 2926
9301 3617
9302 4733
9303 1993
9304 3477
9305 7463
9306 5747
9307 4237
9308 6696
9309 3983
9310 5105
9311 210
9312 2318
9313 2330
9314 417
9315 6643
9316 4658
9317 1567
9318 3631
9319 320
9320 6267
9321 274
9322 7667
9323 7512
9324 132
9325 3191
9326 4814
9327 4359
9328 7058
9329 4694
9330 7491
9331 7549
9332 4342
9333 4358
9334 474
9335 4899
9336 3424
9337 4968
9338 323
9339 2258
9340 1830
9341 2459
9342 3583
9343 7835
9344 7666
9345 4768
9346 6315
9347 913
9348 316
9349 1522
9350 1512
9351 2046
9352 358
9353 6419
9354 2042
9355 213
9356 2912
9357 5135
9358 4770
9359 5106
9360 2952
9361 2210
9362 5518
9363 7279
9364 2304
9365 3999
9366 2466
9367 6437
9368 2158
9369 7276
9370 6959
9371 2122
9372 2615
9373 6506
9374 4561
9375 7342
9376 6767
9377 1959
9378 5753
9379 6758
9380 1551
9381 5736
9382 2153
9383 2685
9384 2861
9385 6528
9386 4845
9387 362
9388 3268
9389 403
9390 4779
9391 247
9392 1689
9393 5504
9394 3549
9395 4362
9396 3335
9397 7102
9398 6096
9399 4415
9400 5936
9401 1922
9402 5057
9403 5197
9404 4047
9405 4701
9406 6141
9407 1284
9408 2040
9409 5390
9410 1937
9411 5051
9412 7189
9413 929
9414 5867
9415 2375
9416 885
9417 5814
9418 5147
9419 6138
9420 321
9421 6726
9422 6426
9423 6197
9424 2750
9425 4478
9426 6042
9427 5777
9428 5055
9429 615
9430 7082
9431 1289
9432 6702
9433 6993
9434 6818
9435 6252
9436 2176
9437 459
9438 130
9439 6014
9440 5516
9441 6962
9442 5093
9443 2018
9444 4481
9445 7033
9446 2444
9447 5483
9448 5444
9449 2996
9450 4585
9451 3274
9452 3395
9453 5352
9454 1392
9455 3462
9456 526
9457 2775
9458 452
9459 5465
9460 7410
9461 7481
9462 4092
9463 4210
9464 4916
9465 3564
9466 5841
9467 6790
9468 5856
9469 4748
9470 5891
9471 3501
9472 2103
9473 5219
9474 6444
9475 6439
9476 4151
9477 194
9478 1332
9479 4884
9480 1603
9481 4061
9482 5492
9483 5887
9484 5875
9485 1832
9486 7812
9487 5203
9488 3959
9489 3546
9490 4123
9491 1520
9492 721
9493 2291
9494 4346
9495 2969
9496 3332
9497 267
9498 908
9499 1360
9500 1527
9501 4923
9502 4930
9503 3642
9504 3543
9505 2756
9506 4429
9507 234
9508 4692
9509 6146
9510 1
9511 590
9512 2827
9513 7499
9514 7921
9515 1109
9516 3359
9517 4185
9518 4428
9519 3468
9520 2347
9521 5280
9522 5206
9523 5517
9524 760
9525 816
9526 5512
9527 1027
9528 1524
9529 3919
9530 844
9531 6035
9532 2637
9533 2333
9534 713
9535 5253
9536 6402
9537 1231
9538 4970
9539 5524
9540 1966
9541 1922
9542 6881
9543 2200
9544 5985
9545 3080
9546 4477
9547 1700
9548 1661
9549 3952
9550 6016
9551 5195
9552 4271
9553 2697
9554 4417
9555 5850
9556 2149
9557 1847
9558 6260
9559 1919
9560 1236
9561 4815
9562 350
9563 1089
9564 3451
9565 934
9566 46
9567 5192
9568 4201
9569 2984
9570 3498
9571 2055
9572 2149
9573 6836
9574 4704
9575 5011
9576 7458
9577 7248
9578 1663
9579 6716
9580 2346
9581 5889
9582 3845
9583 1126
9584 4578
9585 7918
9586 88
9587 1217
9588 4762
9589 1947
9590 5557
9591 6442
9592 1407
9593 6876
9594 2500
9595 2297
9596 4040
9597 7569
9598 5682
9599 2238
9600 4407
9601 1586
9602 917
9603 3053
9604 6924
9605 749
9606 4967
9607 5882
9608 5514
9609 2411
9610 2310
9611 3624
9612 7184
9613 6653
9614 2873
9615 2504
9616 2076
9617 3926
9618 2367
9619 653
9620 2887
9621 124
9622 2236
9623 4650
9624 7274
9625 1596
9626 5206
9627 5054
9628 4773
9629 6754
9630 2004
9631 5425
9632 1458
9633 5647
9634 6198
9635 1635
9636 6294
9637 1116
9638 2881
9639 5496
9640 5820
9641 3398
9642 7113
9643 3614
9644 5049
9645 7540
9646 7784
9647 6068
9648 3431
9649 361
9650 2797
9651 3248
9652 4499
9653 4658
9654 6745
9655 6077
9656 2733
9657 5324
9658 3666
9659 1271
9660 3448
9661 2112
9662 7560
9663 6094
9664 5146
9665 5051
9666 5643
9667 1097
9668 2592
9669 7419
9670 3627
9671 18
9672 4412
9673 922
9674 3526
9675 6427
9676 4487
9677 3055
9678 5479
9679 2076
9680 2639
9681 6480
9682 3480
9683 191
9684 1564
9685 3898
9686 7043
9687 1362
9688 4110
9689 4859
9690 5456
9691 3745
9692 2613
9693 4016
9694 7569
9695 5434
9696 1094
9697 6857
9698 1259
9699 3655
9700 7228
9701 5212
9702 7430
9703 2948
9704 4099
9705 68
9706 5125
9707 4906
9708 2833
9709 7257
9710 6107
9711 4572
9712 4054
9713 5764
9714 2488
9715 1496
9716 3931
9717 306
9718 5067
9719 5714
9720 1819
9721 5404
9722 1776
9723 1556
9724 3267
9725 3490
9726 3694
9727 5058
9728 5325
9729 4209
9730 1840
9731 5477
9732 3093
9733 894
9734 4421
9735 3423
9736 102
9737 5162
9738 4769
9739 7249
9740 4603
9741 1
9742 1089
9743 7322
9744 7608
9745 5540
9746 340
9747 4815
9748 1696
9749 2953
9750 1232
9751 3558
9752 3236
9753 944
9754 975
9755 5307
9756 7872
9757 5225
9758 4070
9759 3493
9760 3015
9761 1495
9762 3744
9763 1447
9764 7135
9765 2962
9766 3434
9767 7966
9768 285
9769 7956
9770 2362
9771 7313
9772 6721
9773 3747
9774 5568
9775 5526
9776 2899
9777 3793
9778 31
9779 1883
9780 1066
9781 1741
9782 1707
9783 4592
9784 7859
9785 5487
9786 2135
9787 3209
9788 5974
9789 2684
9790 1462
9791 3021
9792 7385
9793 5595
9794 42
9795 5131
9796 1427
9797 6498
9798 7296
9799 491
9800 5786
9801 2394
9802 2622
9803 2927
9804 4392
9805 5502
9806 6284
9807 4897
9808 5899
9809 1215
9810 2233
9811 464
9812 1163
9813 4177
9814 4694
9815 7779
9816 4122
9817 2456
9818 7127
9819 2250
9820 5626
9821 2368
9822 7169
9823 6664
9824 4041
9825 4357
9826 2905
9827 5522
9828 6595
9829 4097
9830 560
9831 7230
9832 1494
9833 2464
9834 6607
9835 6847
9836 3147
9837 159
9838 7658
9839 2162
9840 4438
9841 4501
9842 161
9843 5168
9844 6434
9845 5852
9846 5455
9847 5420
9848 1222
9849 212
9850 388
9851 722
9852 5912
9853 4126
9854 1101
9855 6558
9856 2924
9857 6101
9858 3961
9859 3362
9860 2940
9861 5518
9862 4029
9863 3444
9864 1437
9865 1990
9866 4700
9867 101
9868 995
9869 5498
9870 3087
9871 2340
9872 2679
9873 2742
9874 7561
9875 7407
9876 3433
9877 711
9878 5531
9879 5915
9880 3925
9881 4847
9882 1186
9883 4504
9884 5082
9885 1536
9886 4729
9887 1998
9888 1463
9889 275
9890 7015
9891 118
9892 3081
9893 5461
9894 2519
9895 181
9896 7555
9897 4991
9898 1396
9899 7
9900 4743
9901 7919
9902 2413
9903 1590
9904 5751
9905 5760
9906 5616
9907 2758
9908 4507
9909 3549
9910 5870
9911 3907
9912 4550
9913 3762
9914 7695
9915 7928
9916 3175
9917 2211
9918 5309
9919 2873
9920 2623
9921 5390
9922 4190
9923 652
9924 354
9925 4286
9926 3421
9927 1794
9928 5300
9929 7728
9930 1974
9931 819
9932 1484
9933 6533
9934 7049
9935 6188
9936 2854
9937 4024
9938 7523
9939 5091
9940 1448
9941 7422
9942 5508
9943 3667
9944 343
9945 5159
9946 4623
9947 5968
9948 663
9949 257
9950 5486
9951 1357
9952 3458
9953 5415
9954 2849
9955 1832
9956 938
9957 3853
9958 7358
9959 5222
9960 7188
9961 5945
9962 4699
9963 3042
9964 528
9965 5411
9966 3020
9967 2867
9968 298
9969 5435
9970 3154
9971 3892
9972 5614
9973 6339
9974 3341
9975 5273
9976 2155
9977 5721
9978 5115
9979 195
9980 4212
9981 3447
9982 4328
9983 3158
9984 7606
9985 374
9986 1844
9987 5838
9988 5133
9989 3572
9990 4792
9991 1558
9992 1987
9993 38
9994 6383
9995 2450
9996 1744
9997 6730
