0 0
1 1
2 1
5 1
8 1
460 1
3 2
4 2
6 2
7 2
9 3
10 4
11 5
12 6
13 6
14 6
15 6
16 7
17 8
18 9
19 10
20 11
21 12
22 13
23 14
24 15
25 15
26 15
27 16
430 16
28 17
495 17
29 18
30 19
742 19
31 20
32 21
33 22
3500 22
34 23
35 24
36 25
37 26
38 27
39 28
752 28
5164 28
7275 28
40 29
904 29
41 30
288 30
42 31
936 31
43 32
44 33
45 34
46 35
422 35
47 36
48 37
782 37
49 38
815 38
50 39
924 39
51 40
52 41
681 41
53 42
54 43
55 44
657 44
56 45
4106 45
57 46
188 46
58 47
59 48
60 49
61 50
62 51
647 51
63 52
916 52
64 53
1185 53
65 54
66 55
67 56
68 57
69 58
70 59
71 60
1613 60
72 61
73 62
655 62
801 62
74 63
802 63
75 64
3837 64
76 65
77 66
78 67
1528 67
4447 67
4951 67
79 68
2172 68
80 69
81 70
82 71
83 72
3858 72
84 73
85 74
86 75
87 76
798 76
88 77
89 78
90 79
91 80
92 81
93 82
94 83
95 84
339 84
4459 84
6745 84
96 85
97 86
764 86
98 87
5491 87
7672 87
99 88
100 89
675 89
772 89
1855 89
4821 89
101 90
102 91
103 92
104 93
105 94
106 95
107 96
108 97
109 98
110 99
111 100
7538 100
112 101
113 102
114 103
115 104
116 105
117 106
127 106
118 107
119 108
120 109
121 110
122 111
123 112
124 113
2701 113
3789 113
4733 113
125 114
126 115
128 116
129 117
4818 117
130 118
692 118
131 119
132 120
133 121
134 122
135 123
136 124
137 125
138 126
139 127
851 127
3610 127
6428 127
140 128
141 129
142 130
9839 130
143 131
144 132
145 133
146 134
147 135
148 136
149 137
1215 137
150 138
151 139
152 140
153 141
154 142
155 143
536 143
156 144
157 145
158 146
159 147
160 148
161 149
162 150
163 151
164 152
165 153
166 154
167 155
168 156
169 157
1379 157
170 158
171 159
172 160
1310 160
173 161
174 162
175 163
176 164
177 165
178 166
179 167
180 168
181 169
182 170
925 170
183 171
4307 171
184 172
185 173
4621 173
186 174
187 175
189 176
190 177
191 178
192 179
294 179
193 180
194 181
195 182
196 183
4466 183
4875 183
7537 183
9444 183
197 184
198 185
7257 185
199 186
200 187
4769 187
201 188
202 189
203 190
271 190
863 190
204 191
205 192
206 193
207 194
208 195
209 196
325 196
210 197
211 198
212 199
213 200
214 201
215 202
216 203
217 204
9091 204
218 205
219 206
220 207
221 208
222 209
223 210
446 210
224 211
225 212
226 213
227 214
4768 214
228 215
229 216
4565 216
8226 216
230 217
231 218
232 219
233 220
234 221
235 222
593 222
236 223
237 224
789 224
238 225
239 226
240 227
241 228
242 229
243 230
244 231
245 232
4338 232
246 233
448 233
247 234
3348 234
248 235
249 236
250 237
251 238
252 239
253 240
254 241
4356 241
255 242
256 243
269 243
257 244
258 245
259 246
915 246
260 247
4370 247
261 248
262 249
263 250
264 251
265 252
3805 252
266 253
267 254
330 254
670 254
268 255
270 256
272 257
273 258
336 258
805 258
274 259
3826 259
5146 259
275 260
3430 260
276 261
277 262
278 263
279 264
280 265
281 266
282 267
283 268
284 269
285 270
286 271
651 271
287 272
2933 272
289 273
290 274
291 275
292 276
293 277
416 277
7315 277
7934 277
295 278
296 279
297 280
298 281
715 281
299 282
300 283
6204 283
301 284
302 285
303 286
304 287
305 288
2698 288
306 289
307 290
308 291
309 292
310 293
311 294
312 295
313 296
4754 296
8011 296
314 297
315 298
316 299
317 300
592 300
4609 300
4610 300
318 301
319 302
320 303
321 304
322 305
323 306
7207 306
324 307
3869 307
5156 307
326 308
327 309
328 310
329 311
331 312
332 313
333 314
334 315
5241 315
7993 315
335 316
850 316
867 316
337 317
338 318
340 319
341 320
342 321
343 322
6683 322
344 323
589 323
345 324
346 325
705 325
347 326
348 327
349 328
350 329
351 330
3110 330
352 331
353 332
354 333
355 334
356 335
357 336
358 337
359 338
360 339
361 340
362 341
363 342
364 343
365 344
366 345
367 346
368 347
1978 347
369 348
370 349
371 350
372 351
373 352
550 352
374 353
375 354
376 355
377 356
378 357
458 357
379 358
380 359
381 360
382 361
383 362
384 363
7270 363
385 364
386 365
387 366
388 367
389 368
390 369
391 370
459 370
462 370
540 370
548 370
842 370
392 371
393 372
3155 372
394 373
395 374
396 375
397 376
398 377
399 378
400 379
535 379
3419 379
3420 379
5923 379
401 380
402 381
4301 381
403 382
404 383
5090 383
405 384
406 385
407 386
408 387
409 388
410 389
411 390
412 391
413 392
414 393
415 394
417 395
418 396
419 397
420 398
421 399
423 400
4306 400
424 401
425 402
426 403
427 404
428 405
429 406
431 407
432 408
2166 408
433 409
434 410
750 410
435 411
436 412
437 413
438 414
9392 414
439 415
587 415
440 416
441 417
4305 417
442 418
443 419
444 420
445 421
447 422
449 423
450 424
451 425
452 426
453 427
454 428
3946 428
455 429
456 430
457 431
461 432
785 432
463 433
464 434
465 435
466 436
467 437
468 438
469 439
470 440
471 441
472 442
473 443
824 443
474 444
475 445
590 445
476 446
477 447
756 447
478 448
3865 448
479 449
480 450
481 451
482 452
483 453
484 454
485 455
486 456
3170 456
487 457
488 458
2935 458
489 459
490 460
491 461
492 462
493 463
494 464
496 465
497 466
498 467
499 468
500 469
2725 469
501 470
502 471
503 472
504 473
505 474
506 475
507 476
508 477
1623 477
509 478
510 479
511 480
512 481
513 482
514 483
515 484
516 485
517 486
518 487
519 488
520 489
521 490
522 491
523 492
524 493
525 494
526 495
527 496
528 497
529 498
530 499
531 500
532 501
533 502
534 503
537 504
538 505
539 506
541 507
542 508
543 509
3445 509
5612 509
544 510
545 511
546 512
547 513
549 514
4616 514
551 515
552 516
2163 516
3899 516
553 517
3339 517
554 518
3857 518
555 519
4318 519
556 520
557 521
558 522
559 523
2939 523
560 524
5150 524
561 525
562 526
563 527
564 528
565 529
566 530
567 531
568 532
569 533
570 534
571 535
572 536
573 537
574 538
575 539
576 540
5250 540
7087 540
8823 540
577 541
578 542
579 543
580 544
581 545
582 546
9137 546
583 547
584 548
585 549
586 550
1926 550
588 551
591 552
4893 552
594 553
595 554
596 555
716 555
758 555
873 555
597 556
598 557
599 558
826 558
600 559
3303 559
601 560
3807 560
602 561
603 562
604 563
605 564
606 565
4766 565
607 566
608 567
841 567
609 568
610 569
754 569
611 570
612 571
613 572
614 573
615 574
616 575
617 576
618 577
619 578
620 579
621 580
622 581
623 582
624 583
625 584
626 585
627 586
628 587
629 588
2895 588
630 589
631 590
632 591
633 592
634 593
635 594
636 595
637 596
4844 596
638 597
639 598
640 599
641 600
642 601
643 602
644 603
645 604
646 605
648 606
3112 606
649 607
650 608
761 608
652 609
653 610
654 611
4740 611
656 612
658 613
659 614
660 615
661 616
662 617
663 618
664 619
665 620
666 621
3780 621
667 622
668 623
669 624
1506 624
671 625
672 626
673 627
674 628
676 629
677 630
678 631
679 632
680 633
682 634
683 635
684 636
685 637
686 638
687 639
688 640
852 640
689 641
5617 641
8584 641
690 642
691 643
693 644
694 645
9252 645
695 646
6448 646
696 647
697 648
698 649
699 650
700 651
701 652
702 653
3388 653
703 654
704 655
706 656
707 657
708 658
709 659
710 660
711 661
712 662
713 663
714 664
3852 664
717 665
718 666
2934 666
719 667
720 668
721 669
722 670
723 671
724 672
3357 672
725 673
726 674
727 675
728 676
729 677
730 678
3835 678
731 679
732 680
733 681
734 682
735 683
3823 683
736 684
737 685
738 686
739 687
740 688
741 689
743 690
744 691
745 692
746 693
747 694
748 695
749 696
751 697
4586 697
753 698
755 699
757 700
759 701
760 702
762 703
763 704
765 705
3169 705
4767 705
766 706
767 707
768 708
769 709
2431 709
770 710
771 711
773 712
774 713
775 714
776 715
777 716
778 717
779 718
780 719
781 720
783 721
784 722
786 723
787 724
788 725
790 726
791 727
792 728
3874 728
793 729
794 730
795 731
846 731
796 732
797 733
799 734
800 735
6189 735
803 736
804 737
806 738
807 739
808 740
809 741
810 742
7308 742
811 743
812 744
813 745
814 746
816 747
822 747
817 748
818 749
819 750
820 751
821 752
2844 752
823 753
825 754
827 755
828 756
829 757
830 758
831 759
832 760
833 761
834 762
835 763
836 764
837 765
838 766
839 767
840 768
843 769
5962 769
844 770
5815 770
845 771
847 772
848 773
849 774
853 775
854 776
855 777
856 778
857 779
858 780
888 780
859 781
860 782
861 783
5035 783
5228 783
862 784
864 785
865 786
866 787
868 788
869 789
4760 789
870 790
871 791
872 792
874 793
875 794
876 795
877 796
878 797
879 798
880 799
901 799
881 800
882 801
883 802
884 803
885 804
886 805
887 806
1244 806
889 807
890 808
891 809
892 810
893 811
894 812
895 813
896 814
897 815
898 816
899 817
900 818
902 819
4313 819
903 820
905 821
906 822
907 823
908 824
909 825
910 826
911 827
6748 827
912 828
913 829
914 830
3167 830
917 831
918 832
919 833
920 834
921 835
922 836
923 837
926 838
927 839
5623 839
7210 839
928 840
929 841
930 842
931 843
932 844
933 845
934 846
935 847
937 848
938 849
939 850
940 851
1492 851
941 852
942 853
943 854
944 855
5512 855
945 856
946 857
947 858
948 859
2328 859
2761 859
949 860
950 861
951 862
952 863
953 864
7963 864
7964 864
8081 864
8082 864
954 865
1347 865
2214 865
5700 865
955 866
1386 866
1562 866
2842 866
956 867
1230 867
957 868
958 869
959 870
960 871
2507 871
961 872
962 873
2059 873
963 874
964 875
965 876
966 877
967 878
968 879
1813 879
969 880
970 881
971 882
972 883
973 884
974 885
975 886
976 887
5531 887
977 888
978 889
979 890
980 891
3760 891
981 892
982 893
983 894
984 895
6507 895
8152 895
985 896
986 897
8777 897
987 898
988 899
989 900
990 901
991 902
2112 902
2817 902
992 903
4759 903
993 904
994 905
995 906
996 907
997 908
998 909
999 910
1000 911
1001 912
1002 913
1003 914
1311 914
1004 915
1005 916
1006 917
1007 918
1008 919
1009 920
1010 921
1011 922
1012 923
1013 924
1014 925
1929 925
1015 926
1016 927
3934 927
1017 928
1018 929
1019 930
1020 931
5567 931
6561 931
1021 932
1022 933
1023 934
1024 935
1025 936
1026 937
1027 938
1028 939
1029 940
1030 941
1031 942
1032 943
3779 943
1033 944
1034 945
1035 946
1036 947
1037 948
2365 948
1038 949
1039 950
1040 951
1041 952
1042 953
1043 954
1044 955
8709 955
1045 956
7386 956
1046 957
1047 958
1048 959
1049 960
1050 961
1051 962
1052 963
1053 964
2325 964
1054 965
5492 965
1055 966
2720 966
1056 967
1057 968
1058 969
1059 970
1060 971
1061 972
1352 972
1062 973
2763 973
1063 974
1064 975
1065 976
2424 976
2435 976
1066 977
7465 977
1067 978
1068 979
1069 980
1070 981
1071 982
1072 983
4820 983
1073 984
3042 984
1074 985
1883 985
1075 986
1223 986
1631 986
4679 986
1076 987
1729 987
1077 988
1078 989
1079 990
1080 991
2097 991
1081 992
1082 993
1083 994
1084 995
1085 996
1086 997
1087 998
1088 999
2359 999
1089 1000
1090 1001
1091 1002
1092 1003
1093 1004
1094 1005
1095 1006
1096 1007
1097 1008
1098 1009
1099 1010
1100 1011
1101 1012
1828 1012
1102 1013
1103 1014
1104 1015
1105 1016
1106 1017
1107 1018
1108 1019
2693 1019
1109 1020
1110 1021
1111 1022
1112 1023
1113 1024
1114 1025
1115 1026
1116 1027
1117 1028
1118 1029
1609 1029
1119 1030
1120 1031
2973 1031
1121 1032
1122 1033
1529 1033
1123 1034
2041 1034
1124 1035
1125 1036
2470 1036
1126 1037
1127 1038
1128 1039
1129 1040
5961 1040
1130 1041
1131 1042
1132 1043
1320 1043
1133 1044
1134 1045
1135 1046
8848 1046
1136 1047
2976 1047
1137 1048
1138 1049
2658 1049
1139 1050
1140 1051
2080 1051
1141 1052
1142 1053
1143 1054
1144 1055
1145 1056
1472 1056
2459 1056
1146 1057
1147 1058
1148 1059
1587 1059
2529 1059
5773 1059
1149 1060
1150 1061
1151 1062
1152 1063
1153 1064
1154 1065
1155 1066
1156 1067
1913 1067
2208 1067
2755 1067
1157 1068
1158 1069
1159 1070
1160 1071
1903 1071
2386 1071
2648 1071
1161 1072
1162 1073
1841 1073
1163 1074
2502 1074
1164 1075
1165 1076
1166 1077
1167 1078
1168 1079
1435 1079
5537 1079
1169 1080
1170 1081
1171 1082
1172 1083
1173 1084
1174 1085
1914 1085
1175 1086
2347 1086
1176 1087
1415 1087
1177 1088
1950 1088
1178 1089
1179 1090
1180 1091
2709 1091
1181 1092
1182 1093
2086 1093
1183 1094
1184 1095
1186 1096
1187 1097
1188 1098
1189 1099
1190 1100
1191 1101
8533 1101
1192 1102
1193 1103
1194 1104
2073 1104
1195 1105
1196 1106
1197 1107
1198 1108
1199 1109
1200 1110
1201 1111
1454 1111
1202 1112
1203 1113
1204 1114
1205 1115
1206 1116
1207 1117
1208 1118
1209 1119
1210 1120
1211 1121
1212 1122
1213 1123
1214 1124
1216 1125
1217 1126
1218 1127
1219 1128
1220 1129
2433 1129
1221 1130
1222 1131
1224 1132
1225 1133
1226 1134
1227 1135
2060 1135
2374 1135
1228 1136
1229 1137
1231 1138
2114 1138
1232 1139
1233 1140
1420 1140
1234 1141
1235 1142
2087 1142
1236 1143
1237 1144
1238 1145
1239 1146
5543 1146
1240 1147
1241 1148
1242 1149
1243 1150
1245 1151
1246 1152
1712 1152
1247 1153
1248 1154
1249 1155
1250 1156
2381 1156
1251 1157
1252 1158
2782 1158
1253 1159
1254 1160
4757 1160
9499 1160
1255 1161
5536 1161
1256 1162
2076 1162
1257 1163
1258 1164
1259 1165
1260 1166
1261 1167
1262 1168
1373 1168
1263 1169
1966 1169
1264 1170
1265 1171
1266 1172
1267 1173
1268 1174
1269 1175
1270 1176
2591 1176
1271 1177
1272 1178
1273 1179
1274 1180
1275 1181
2025 1181
2557 1181
1276 1182
5493 1182
1277 1183
1278 1184
1279 1185
2203 1185
1280 1186
1281 1187
1282 1188
1283 1189
1284 1190
1285 1191
2202 1191
1286 1192
3036 1192
5530 1192
1287 1193
1288 1194
1289 1195
1290 1196
1291 1197
1292 1198
1293 1199
1294 1200
1295 1201
1790 1201
1296 1202
1297 1203
1298 1204
1299 1205
1300 1206
1301 1207
1302 1208
1303 1209
1304 1210
1305 1211
1321 1211
1306 1212
1307 1213
1308 1214
1309 1215
1312 1216
1313 1217
1314 1218
1315 1219
1316 1220
1317 1221
1318 1222
1319 1223
1322 1224
1323 1225
1324 1226
1325 1227
1326 1228
1327 1229
1328 1230
1329 1231
1330 1232
1331 1233
1332 1234
1333 1235
1334 1236
1335 1237
1336 1238
6076 1238
1337 1239
1338 1240
5830 1240
1339 1241
1340 1242
1341 1243
2478 1243
3044 1243
1342 1244
1343 1245
5254 1245
9503 1245
1344 1246
1345 1247
1346 1248
1348 1249
1667 1249
5824 1249
1349 1250
1350 1251
1351 1252
1353 1253
1354 1254
1355 1255
1715 1255
1356 1256
1661 1256
1357 1257
1358 1258
1359 1259
2142 1259
2647 1259
1360 1260
3777 1260
1361 1261
1362 1262
2750 1262
1363 1263
1364 1264
1365 1265
1366 1266
1367 1267
1368 1268
1369 1269
1370 1270
2181 1270
1371 1271
2189 1271
2818 1271
1372 1272
1374 1273
1540 1273
1375 1274
1376 1275
1377 1276
1378 1277
1380 1278
1381 1279
1382 1280
1383 1281
1695 1281
1384 1282
1385 1283
1387 1284
1388 1285
2493 1285
2575 1285
1389 1286
1390 1287
2678 1287
1391 1288
1392 1289
6775 1289
1393 1290
1394 1291
1395 1292
1396 1293
1397 1294
1398 1295
1399 1296
2542 1296
1400 1297
1401 1298
1402 1299
5538 1299
1403 1300
1404 1301
1405 1302
1943 1302
1406 1303
1407 1304
1408 1305
2199 1305
2612 1305
1409 1306
1410 1307
1411 1308
1412 1309
1413 1310
1414 1311
1416 1312
1417 1313
1882 1313
2437 1313
1418 1314
4762 1314
1419 1315
1421 1316
1422 1317
1423 1318
1424 1319
1425 1320
1426 1321
1427 1322
1464 1322
1500 1322
2343 1322
5544 1322
5545 1322
5720 1322
5851 1322
1428 1323
1429 1324
1430 1325
1431 1326
3801 1326
7966 1326
1432 1327
1433 1328
1434 1329
1436 1330
1437 1331
2292 1331
1438 1332
1439 1333
1440 1334
1441 1335
4302 1335
8200 1335
1442 1336
1443 1337
1444 1338
1445 1339
4343 1339
1446 1340
1447 1341
1448 1342
2289 1342
1449 1343
1450 1344
1451 1345
1452 1346
1453 1347
5995 1347
1455 1348
7633 1348
1456 1349
1523 1349
2445 1349
5719 1349
1457 1350
1458 1351
1459 1352
1460 1353
1461 1354
1462 1355
4852 1355
1463 1356
1465 1357
1466 1358
1467 1359
1468 1360
1469 1361
1470 1362
1471 1363
7756 1363
1473 1364
1474 1365
1475 1366
1476 1367
1477 1368
1478 1369
1479 1370
1480 1371
1481 1372
1482 1373
1483 1374
1484 1375
1485 1376
4942 1376
5958 1376
1486 1377
1487 1378
1488 1379
1489 1380
1490 1381
1491 1382
1493 1383
1494 1384
1495 1385
2497 1385
6237 1385
6238 1385
7351 1385
1496 1386
1689 1386
1497 1387
1498 1388
6236 1388
7507 1388
1499 1389
1501 1390
1502 1391
1783 1391
3887 1391
9580 1391
9632 1391
9633 1391
9638 1391
1503 1392
1766 1392
3626 1392
1504 1393
1505 1394
1507 1395
1508 1396
1509 1397
1510 1398
1511 1399
1512 1400
4997 1400
1513 1401
1514 1402
1515 1403
1516 1404
1517 1405
4758 1405
1518 1406
3699 1406
1519 1407
1520 1408
1521 1409
1522 1410
2724 1410
1524 1411
1525 1412
1526 1413
1527 1414
1910 1414
1530 1415
1531 1416
1532 1417
1533 1418
1534 1419
1535 1420
1536 1421
1537 1422
1538 1423
1539 1424
1541 1425
1542 1426
1543 1427
3875 1427
5145 1427
9338 1427
1544 1428
2409 1428
1545 1429
4940 1429
1546 1430
1547 1431
1548 1432
1549 1433
1550 1434
1551 1435
1552 1436
1553 1437
1554 1438
1555 1439
1556 1440
1557 1441
1558 1442
1559 1443
6233 1443
7416 1443
1560 1444
1561 1445
1563 1446
1564 1447
1565 1448
1566 1449
2061 1449
1567 1450
1568 1451
1569 1452
1570 1453
1571 1454
1572 1455
1573 1456
1574 1457
1575 1458
1576 1459
3954 1459
1577 1460
1578 1461
1579 1462
1580 1463
1581 1464
1582 1465
5084 1465
1583 1466
1584 1467
1585 1468
1586 1469
1635 1469
2043 1469
3819 1469
3820 1469
1588 1470
1589 1471
1590 1472
1591 1473
8338 1473
1592 1474
1593 1475
1594 1476
1595 1477
1596 1478
1597 1479
1598 1480
1599 1481
1600 1482
1601 1483
1602 1484
3676 1484
6234 1484
7417 1484
1603 1485
1604 1486
1605 1487
1606 1488
3692 1488
1607 1489
1608 1490
1610 1491
2282 1491
2563 1491
1611 1492
4863 1492
1612 1493
1614 1494
1615 1495
1616 1496
1617 1497
1618 1498
1619 1498
1620 1499
1621 1500
1622 1501
1624 1502
1625 1503
1626 1504
1627 1505
1628 1506
1629 1507
1646 1507
1687 1507
2303 1507
2699 1507
1630 1508
1632 1509
4396 1509
1633 1510
1756 1510
1634 1511
1636 1512
1637 1513
1638 1514
4772 1514
1639 1515
1640 1516
2314 1516
1641 1517
2315 1517
2779 1517
1642 1518
1643 1519
1644 1520
1645 1521
1647 1522
1648 1523
1931 1523
1649 1524
1650 1525
1651 1526
1652 1527
1653 1528
1654 1529
1655 1530
1656 1531
1657 1532
2017 1532
1658 1533
1659 1534
1660 1535
1662 1536
1663 1537
1664 1538
1665 1539
1666 1540
1668 1541
1880 1541
2515 1541
2747 1541
1669 1542
1670 1543
1671 1544
1672 1545
4771 1545
1673 1546
1674 1547
1675 1548
1676 1549
1677 1550
1678 1551
1679 1552
1680 1553
4659 1553
1681 1554
1682 1555
5525 1555
1683 1556
1684 1557
1685 1558
1686 1559
5599 1559
1688 1560
1690 1561
1691 1562
1692 1563
1693 1564
1694 1565
1696 1566
1697 1567
1698 1568
1699 1569
1700 1570
1701 1571
1702 1572
1703 1573
1704 1574
1705 1575
1706 1576
3463 1576
1707 1577
1708 1578
1709 1579
1710 1580
2802 1580
1711 1581
5278 1581
1713 1582
1714 1583
1716 1584
1717 1585
1718 1586
1975 1586
1719 1587
2799 1587
1720 1588
1721 1589
4727 1589
9559 1589
1722 1590
1723 1591
1724 1592
1725 1593
1726 1594
1727 1595
1728 1596
1730 1597
1731 1598
1732 1599
1733 1600
3031 1600
1734 1601
1735 1602
1736 1603
3871 1603
1737 1604
1738 1605
1739 1606
1740 1607
1741 1608
1742 1609
2484 1609
2569 1609
1743 1610
1744 1611
1745 1612
1746 1613
1747 1614
1748 1615
1749 1616
1750 1617
1751 1618
3876 1618
5113 1618
1752 1619
1753 1620
1754 1621
1755 1622
1757 1623
1758 1624
1759 1625
1760 1626
1761 1627
1762 1628
1763 1629
1830 1629
5540 1629
1764 1630
1765 1631
1767 1632
1768 1633
1769 1634
1770 1635
1771 1636
1772 1637
1773 1638
1774 1639
1775 1640
1776 1641
2397 1641
1777 1642
1778 1643
1779 1644
1780 1645
1781 1646
1782 1647
1784 1648
1911 1648
2037 1648
1785 1649
1786 1650
1787 1651
1788 1652
1789 1653
1791 1654
1792 1655
2197 1655
1793 1656
1794 1657
1795 1658
1796 1659
1797 1660
1798 1661
1799 1662
1981 1662
1800 1663
1801 1664
1802 1665
1803 1666
1804 1667
1805 1668
1806 1669
1807 1670
1808 1671
1809 1672
9842 1672
1810 1673
1811 1674
1812 1675
1814 1676
1815 1677
4224 1677
1816 1678
1817 1679
1818 1680
5534 1680
1819 1681
1820 1682
1821 1683
1822 1684
1823 1685
1824 1686
1825 1687
1826 1688
1827 1689
2453 1689
1829 1690
5291 1690
1831 1691
1832 1692
1833 1693
1834 1694
2410 1694
1835 1695
1836 1696
1837 1697
1838 1698
1839 1699
1840 1700
1842 1701
1843 1702
3958 1702
1844 1703
2392 1703
6245 1703
6246 1703
7421 1703
7445 1703
1845 1704
1846 1705
1847 1706
1848 1707
1849 1708
1850 1709
1851 1710
5732 1710
1852 1711
1853 1712
2210 1712
1854 1713
1856 1714
1857 1715
1858 1716
1859 1717
1860 1718
1861 1719
2744 1719
1862 1720
2985 1720
1863 1721
1864 1722
1865 1723
1866 1724
1867 1725
1868 1726
1869 1727
1870 1728
6328 1728
9856 1728
1871 1729
1872 1730
1873 1731
1874 1732
1932 1732
2102 1732
6324 1732
1875 1733
1876 1734
1877 1735
1878 1736
1879 1737
1881 1738
1884 1739
4934 1739
1885 1740
1886 1741
1887 1742
1888 1743
1889 1744
1890 1745
1891 1746
1892 1747
1893 1748
1894 1749
1895 1750
1896 1751
1897 1752
1898 1753
1899 1754
1900 1755
1901 1756
1902 1757
1904 1758
3873 1758
5070 1758
1905 1759
8092 1759
1906 1760
1976 1760
1907 1761
1908 1762
1909 1763
1912 1764
1915 1765
1916 1766
1917 1767
1918 1768
1919 1769
1920 1770
1921 1771
1922 1772
1923 1773
1924 1774
1925 1775
1927 1776
1928 1777
1930 1778
1933 1779
1934 1780
1935 1781
1936 1782
1937 1783
2291 1783
3147 1783
1938 1784
1939 1785
1940 1786
1941 1787
5523 1787
1942 1788
1944 1789
1945 1790
1946 1791
1947 1792
1948 1793
1949 1794
1951 1795
9747 1795
1952 1796
1953 1797
1954 1798
2764 1798
1955 1799
1956 1800
1957 1801
1958 1802
1959 1803
1960 1804
9133 1804
1961 1805
1962 1806
1963 1807
1964 1808
1965 1809
1967 1810
1968 1811
1969 1812
1970 1813
1971 1814
1972 1815
1973 1816
1974 1817
1977 1818
1979 1819
1980 1820
4717 1820
1982 1821
2455 1821
1983 1822
1984 1823
1985 1824
1986 1825
4439 1825
5317 1825
5624 1825
7081 1825
1987 1826
9315 1826
1988 1827
1989 1828
1990 1829
1991 1830
1992 1831
1993 1832
1994 1833
1995 1834
1996 1835
2336 1835
1997 1836
1998 1837
1999 1838
2000 1839
2001 1840
2002 1841
2003 1842
2004 1843
2005 1844
2006 1845
2616 1845
2695 1845
2007 1846
4938 1846
2008 1847
2009 1848
2010 1849
2011 1850
2012 1851
2013 1852
2014 1853
2015 1854
2016 1855
3956 1855
2018 1856
2019 1857
2020 1858
2070 1858
2021 1859
2022 1860
2171 1860
2023 1861
2024 1862
2974 1862
4234 1862
2026 1863
2027 1864
2028 1865
5446 1865
2029 1866
2030 1867
2031 1868
2032 1869
2033 1870
2034 1871
2035 1872
2036 1873
2038 1874
2039 1875
2040 1876
2042 1877
2044 1878
2045 1879
2046 1880
2047 1881
2048 1882
2049 1883
2050 1884
2051 1885
2052 1886
2053 1887
4400 1887
2054 1888
2055 1889
2056 1890
5494 1890
2057 1891
2058 1892
2062 1893
2063 1894
2064 1895
2065 1896
2066 1897
2067 1898
2068 1899
2069 1900
2071 1901
2072 1902
2215 1902
2074 1903
7348 1903
7519 1903
2075 1904
2077 1905
2078 1906
2079 1907
2081 1908
2082 1909
2083 1910
2084 1911
2085 1912
2088 1913
2089 1914
2090 1915
8467 1915
2091 1916
2092 1917
2093 1918
2094 1919
4547 1919
2095 1920
2096 1921
2098 1922
3106 1922
3817 1922
7984 1922
2099 1923
2100 1924
2290 1924
2101 1925
2103 1926
2104 1927
2105 1928
2106 1929
2107 1930
2317 1930
2108 1931
2109 1932
2110 1933
2111 1934
2113 1935
2115 1936
2116 1937
2117 1938
2118 1939
2119 1940
2120 1941
2121 1942
2122 1943
2123 1944
2124 1945
2125 1946
2126 1947
2127 1948
2128 1949
2129 1950
3802 1950
8084 1950
2130 1951
2131 1952
2132 1953
2358 1953
2133 1954
2134 1955
2135 1956
2136 1957
2137 1958
2138 1959
2139 1960
2140 1961
2141 1962
2143 1963
2144 1964
2145 1965
2146 1966
2737 1966
2147 1967
2148 1968
2149 1969
2150 1970
2151 1971
2152 1972
2489 1972
2153 1973
2154 1974
2155 1975
2156 1976
2157 1977
2158 1978
2159 1979
2160 1980
2161 1981
2162 1982
2164 1983
2165 1984
2167 1985
2168 1986
2169 1987
2170 1988
2173 1989
2174 1990
2175 1991
2176 1992
2177 1993
2178 1994
2179 1995
2180 1996
2182 1997
2183 1998
2184 1999
2185 2000
2219 2000
2186 2001
2187 2002
5772 2002
2188 2003
2338 2003
2190 2004
2191 2005
2192 2006
2193 2007
2194 2008
2195 2009
2196 2010
2198 2011
2337 2011
2200 2012
2681 2012
2201 2013
5226 2013
2204 2014
5171 2014
2205 2015
2206 2016
2207 2017
2209 2018
2211 2019
2212 2020
2213 2021
2216 2022
2217 2023
2218 2024
2220 2025
2221 2026
2222 2027
5533 2027
2223 2028
2224 2029
2225 2030
2480 2030
2226 2031
2227 2032
3961 2032
5332 2032
2228 2033
2229 2034
2230 2035
2231 2036
2232 2037
2233 2038
2234 2039
5496 2039
2235 2040
2236 2041
2237 2042
2238 2043
2239 2044
2240 2045
2241 2046
2242 2047
2243 2048
2244 2049
2245 2050
2246 2051
2247 2052
2248 2053
2249 2054
2250 2055
2251 2056
2252 2057
2253 2058
2254 2059
2255 2060
2321 2060
2256 2061
2605 2061
2257 2062
3847 2062
2258 2063
2259 2064
2260 2065
2261 2066
2262 2067
2263 2068
2264 2069
2265 2070
2266 2071
4680 2071
2267 2072
2268 2073
3878 2073
5213 2073
5269 2073
7625 2073
2269 2074
2270 2075
2271 2076
2272 2077
2273 2078
2274 2079
2361 2079
2275 2080
2276 2081
2277 2082
2278 2083
2279 2084
2280 2085
2281 2086
2283 2087
3756 2087
2284 2088
2285 2089
2286 2090
2287 2091
2288 2092
2293 2093
2294 2094
2295 2095
2296 2096
3468 2096
2297 2097
2298 2098
2299 2099
2300 2100
8475 2100
2301 2101
2302 2102
2304 2103
8368 2103
2305 2104
2306 2105
2307 2106
2308 2107
2309 2108
2310 2109
2311 2110
2312 2111
2313 2112
2316 2113
2318 2114
2319 2115
2320 2116
2322 2117
2323 2118
2324 2119
2326 2120
2327 2121
2329 2122
2330 2123
8186 2123
2331 2124
2332 2125
2333 2126
2334 2127
2335 2128
2339 2129
2340 2130
2341 2131
2342 2132
2344 2133
2345 2134
2346 2135
2348 2136
2349 2137
2350 2138
2351 2139
2547 2139
2352 2140
2353 2141
3829 2141
2354 2142
2355 2143
2356 2144
2357 2145
4735 2145
2360 2146
2362 2147
2363 2148
2364 2149
2366 2150
2367 2151
2368 2152
2369 2153
2370 2154
2371 2155
2372 2156
2373 2157
2375 2158
3957 2158
4941 2158
2376 2159
2377 2160
2378 2161
2379 2162
2380 2163
2382 2164
2383 2165
2384 2166
2385 2167
2387 2168
2388 2169
2389 2170
2390 2171
2391 2172
2393 2173
2394 2174
2395 2175
2396 2176
2398 2177
2399 2178
2400 2179
2401 2180
2402 2181
2403 2182
2404 2183
2405 2184
7532 2184
2406 2185
2407 2186
2408 2187
5598 2187
2411 2188
2412 2189
2413 2190
2414 2191
2415 2192
2416 2193
2417 2194
2418 2195
2966 2195
2419 2196
2420 2197
2421 2198
2422 2199
2423 2200
2425 2201
2426 2202
2427 2203
2428 2204
2429 2205
2430 2206
2432 2207
2434 2208
2436 2209
2438 2210
2439 2211
2440 2212
2441 2213
2442 2214
2443 2215
2444 2216
9126 2216
2446 2217
2447 2218
2448 2219
2449 2220
2450 2221
2451 2222
3955 2222
4939 2222
2452 2223
5845 2223
2454 2224
2456 2225
2457 2226
2458 2227
2460 2228
2461 2229
2462 2230
2463 2231
2464 2232
2465 2233
2466 2234
2467 2235
2886 2235
5614 2235
2468 2236
2469 2237
2471 2238
2472 2239
5696 2239
2473 2240
2474 2241
2475 2242
2476 2243
2477 2244
2479 2245
2481 2246
2482 2247
2483 2248
2500 2248
2485 2249
2486 2250
2487 2251
2488 2252
2490 2253
2491 2254
2492 2255
2494 2256
2495 2257
2496 2258
2498 2259
2499 2260
2501 2261
2503 2262
2504 2263
2505 2264
2506 2265
2508 2266
2509 2267
2510 2268
2511 2269
2512 2270
2513 2271
2514 2272
2516 2273
2517 2274
6232 2274
7278 2274
2518 2275
2519 2276
2520 2277
2521 2278
2522 2279
2523 2280
9143 2280
2524 2281
2525 2282
2526 2283
2527 2284
2528 2285
2530 2286
3825 2286
2531 2287
2532 2288
2533 2289
2534 2290
2535 2291
2536 2292
2537 2293
2538 2294
2539 2295
8526 2295
2540 2296
2541 2297
2543 2298
2544 2299
2545 2300
2546 2301
2548 2302
2549 2303
2550 2304
2551 2305
2552 2306
2553 2307
2554 2308
2555 2309
2556 2310
2558 2311
2559 2312
2560 2313
3959 2313
2561 2314
2562 2315
2564 2316
2565 2317
2566 2318
2567 2319
2568 2320
2570 2321
2571 2322
2572 2323
2573 2324
2574 2325
2576 2326
2577 2327
2578 2328
2579 2329
9239 2329
2580 2330
2581 2331
2582 2332
2583 2333
2584 2334
8017 2334
2585 2335
2586 2336
3016 2336
5825 2336
2587 2337
2588 2338
2589 2339
2590 2340
2592 2341
2593 2342
4708 2342
5695 2342
8188 2342
2594 2343
2595 2344
2596 2345
5105 2345
5229 2345
2597 2346
2598 2347
2599 2348
2600 2349
2601 2350
2602 2351
2603 2352
2604 2353
2606 2354
2607 2355
2608 2356
2609 2357
2610 2358
2611 2359
2613 2360
3960 2360
2614 2361
2615 2362
2617 2363
2618 2364
2619 2365
2620 2366
2621 2367
2622 2368
2623 2369
7080 2369
2624 2370
2727 2370
2625 2371
2626 2372
2627 2373
2628 2374
2629 2375
6230 2375
2630 2376
2631 2377
2632 2378
2633 2379
2634 2380
2635 2381
2636 2382
2637 2383
2638 2384
3678 2384
2639 2385
2640 2386
2641 2387
3185 2387
4227 2387
2642 2388
2643 2389
2644 2390
2645 2391
2646 2392
2649 2393
2650 2394
2651 2395
2652 2396
2653 2397
2654 2398
2655 2399
2656 2400
2657 2401
9269 2401
2659 2402
2660 2403
2661 2404
2662 2405
2806 2405
2663 2406
2664 2407
2665 2408
2666 2409
2667 2410
2668 2411
2669 2412
2670 2413
2858 2413
2671 2414
2672 2415
2673 2416
2674 2417
2675 2418
2676 2419
2677 2420
2679 2421
2680 2422
2682 2423
2683 2424
2684 2425
2685 2426
2686 2427
2687 2428
2688 2429
2689 2430
2690 2431
2691 2432
2692 2433
2694 2434
4770 2434
2696 2435
2697 2436
2700 2437
2702 2438
2703 2439
2704 2440
2705 2441
2833 2441
2706 2442
2841 2442
2707 2443
2708 2444
2710 2445
2711 2446
2712 2447
2713 2448
2714 2449
2715 2450
2716 2451
2717 2452
2718 2453
2719 2454
2721 2455
2722 2456
5022 2456
2723 2457
2726 2458
2728 2459
2729 2460
2730 2461
2731 2462
2732 2463
2733 2464
2734 2465
2735 2466
2736 2467
2738 2468
2739 2469
2740 2470
2741 2471
2742 2472
2830 2472
2743 2473
2745 2474
2746 2475
2748 2476
2749 2477
2751 2478
2752 2479
2753 2480
2754 2481
2756 2482
2757 2483
2758 2484
5513 2484
2759 2485
3877 2485
2760 2486
8760 2486
2762 2487
2765 2488
2766 2489
2767 2490
2957 2490
2768 2491
2769 2492
2770 2493
2771 2494
2772 2495
2773 2496
2774 2497
2775 2498
2776 2499
2777 2500
2778 2501
2780 2502
2781 2503
2783 2504
2784 2505
2785 2506
3309 2506
2786 2507
2787 2508
2788 2509
2789 2510
2790 2511
2791 2512
2792 2513
2793 2514
2794 2515
2795 2516
2796 2517
2797 2518
2798 2519
2800 2520
2801 2521
2803 2522
2804 2523
5596 2523
2805 2524
5714 2524
2807 2525
2808 2526
2809 2527
3183 2527
2810 2528
2811 2529
2812 2530
2813 2531
2814 2532
2815 2533
2816 2534
2819 2535
2820 2536
2821 2537
2822 2538
2823 2539
2824 2540
2825 2541
2826 2542
2827 2543
2828 2544
2829 2545
2831 2546
2832 2547
2834 2548
2835 2549
2836 2550
5541 2550
2837 2551
2838 2552
2839 2553
2840 2554
2843 2555
2845 2556
2846 2557
2847 2558
2848 2559
2849 2560
2850 2561
2851 2562
2852 2563
2853 2564
2854 2565
2855 2566
2856 2567
2857 2568
2859 2569
2860 2570
2861 2571
2862 2572
2863 2573
7996 2573
2864 2574
3693 2574
2865 2575
4734 2575
2866 2576
2867 2577
3118 2577
4745 2577
2868 2578
2869 2579
4724 2579
2870 2580
2871 2581
2872 2582
2873 2583
2972 2583
3017 2583
2874 2584
2875 2585
4626 2585
7550 2585
2876 2586
5263 2586
8264 2586
2877 2587
2878 2588
2879 2589
2880 2590
4747 2590
8364 2590
2881 2591
2882 2592
2883 2593
2884 2594
4923 2594
2885 2595
8005 2595
2887 2596
2888 2597
2889 2598
2890 2599
2891 2600
2892 2601
2893 2602
2894 2603
8126 2603
9557 2603
2896 2604
2897 2605
8208 2605
2898 2606
2899 2607
5078 2607
2900 2608
2901 2609
2902 2610
2903 2611
4155 2611
5191 2611
2904 2612
2905 2613
2906 2614
2907 2615
2908 2616
2909 2617
2910 2618
2911 2619
3133 2619
2912 2620
3048 2620
2913 2621
2914 2622
2915 2623
2916 2624
2917 2625
2918 2626
2919 2627
2920 2628
2921 2629
3859 2629
2922 2630
2923 2631
2924 2632
2925 2633
2926 2634
2927 2635
2928 2636
2929 2636
3654 2636
2930 2637
7937 2637
2931 2638
4729 2638
2932 2639
2936 2640
4935 2640
2937 2641
4936 2641
2938 2642
4937 2642
2940 2643
5331 2643
7476 2643
2941 2644
2942 2645
2943 2646
3456 2646
2944 2647
2945 2648
2946 2649
2947 2650
4943 2650
7757 2650
2948 2651
2949 2652
2952 2652
3053 2652
2950 2653
2951 2654
2953 2655
2954 2656
2955 2657
2956 2658
2958 2659
2959 2660
3055 2660
2960 2661
3479 2661
4588 2661
2961 2662
2962 2663
2963 2664
2964 2665
2965 2666
2967 2667
2968 2668
2969 2669
2970 2669
7967 2669
2971 2670
5182 2670
2975 2671
2977 2672
8479 2672
2978 2673
2979 2674
7970 2674
2980 2675
2981 2676
2982 2677
4723 2677
2983 2678
7941 2678
2984 2679
7943 2679
2986 2680
7942 2680
2987 2681
2988 2682
2989 2683
5133 2683
8205 2683
2990 2684
2991 2685
2992 2686
3685 2686
2993 2687
2994 2688
3040 2688
2995 2689
7982 2689
2996 2690
2997 2691
2998 2692
2999 2693
3000 2694
3001 2695
3002 2696
3003 2697
3004 2698
3005 2699
3006 2700
3007 2701
3008 2702
3009 2703
5091 2703
3010 2704
3011 2705
3012 2706
8132 2706
3013 2707
3014 2708
3015 2709
3018 2710
5163 2710
3019 2711
3020 2712
3021 2713
3022 2714
3023 2715
3024 2716
3025 2717
3026 2718
3027 2719
3028 2720
3029 2721
3030 2722
3032 2723
3033 2724
3067 2724
3034 2725
3035 2726
3037 2727
3038 2728
3039 2729
3041 2730
3043 2731
3045 2732
3046 2733
3047 2734
3049 2735
3050 2735
3051 2736
3052 2737
3054 2738
3056 2739
3057 2739
3058 2740
3059 2741
3060 2742
3061 2743
3062 2744
3063 2745
3064 2746
3065 2747
3066 2748
3068 2749
3069 2750
3070 2751
5224 2751
3071 2752
3072 2753
3073 2754
3074 2755
3075 2756
3076 2757
3077 2758
7946 2758
7947 2758
3078 2759
3079 2760
3080 2761
9541 2761
3081 2762
3082 2763
3083 2763
3084 2763
3085 2764
5142 2764
3086 2765
7954 2765
3087 2766
3088 2767
3089 2768
3090 2769
3091 2770
3092 2771
9526 2771
3093 2772
3094 2773
5165 2773
3095 2774
7965 2774
3096 2775
3097 2776
3098 2777
3099 2778
5141 2778
3100 2779
5232 2779
3101 2780
4738 2780
3102 2781
3103 2782
3104 2783
7980 2783
3105 2784
4741 2784
3107 2785
4113 2785
8274 2785
3108 2786
3109 2787
3111 2788
3611 2788
3113 2789
3114 2790
7988 2790
3115 2791
8095 2791
3116 2792
3117 2793
4744 2793
3119 2794
5255 2794
3120 2795
3840 2795
3121 2796
3122 2797
3123 2798
3124 2798
3125 2798
3126 2799
3127 2800
3128 2801
3129 2802
3850 2802
3130 2803
3131 2804
3132 2805
8018 2805
3134 2806
8209 2806
3135 2807
3136 2808
8145 2808
3137 2809
3138 2810
3139 2811
3140 2812
3141 2812
3142 2812
3853 2812
6712 2812
8021 2812
8148 2812
3143 2813
4761 2813
3144 2814
9553 2814
3145 2815
3146 2816
3148 2817
3149 2818
3150 2819
3151 2820
3152 2821
3153 2822
3154 2823
3156 2824
3157 2825
3158 2826
3159 2827
3160 2828
3161 2829
3162 2830
3163 2831
3164 2832
3165 2833
3166 2834
3168 2835
3171 2836
3172 2837
3173 2837
3174 2838
7342 2838
3175 2839
5124 2839
3176 2840
4946 2840
3177 2841
3178 2842
3179 2843
4947 2843
3180 2844
5336 2844
3181 2845
5341 2845
3182 2846
3184 2847
4229 2847
6429 2847
3186 2848
3187 2849
3188 2850
3189 2851
3190 2851
3191 2852
3192 2853
5646 2853
3193 2854
3194 2854
3195 2855
3196 2855
3197 2855
3200 2855
3198 2856
3199 2856
3202 2856
3203 2856
3201 2857
3204 2858
3205 2859
3206 2860
5669 2860
3207 2861
3208 2862
3209 2863
3210 2864
3211 2864
3212 2865
3213 2866
3214 2867
3215 2868
3216 2869
3217 2870
3218 2871
3219 2872
3220 2873
3221 2874
3222 2875
3223 2876
3224 2877
3225 2878
3226 2879
3227 2880
3228 2881
3229 2882
3230 2883
3231 2884
3232 2885
3233 2886
3234 2887
3235 2888
3236 2889
3237 2890
3238 2891
3239 2892
3240 2893
3241 2894
3242 2895
3243 2896
3244 2897
3245 2898
3246 2899
3247 2900
3248 2901
3249 2902
3250 2903
3251 2904
3252 2905
3253 2906
3254 2907
3255 2908
3256 2909
3257 2910
3258 2911
3259 2912
3260 2913
3261 2914
3262 2915
3263 2916
3264 2917
3265 2918
3266 2919
3267 2920
3268 2921
6072 2921
3269 2922
3270 2923
3271 2924
3272 2925
3273 2926
3274 2927
3275 2927
3276 2928
3277 2929
3278 2930
3279 2931
3280 2932
3281 2933
3282 2934
3283 2935
3284 2936
3285 2937
3286 2938
3287 2939
3288 2940
3289 2941
3290 2942
3291 2943
3292 2944
3293 2945
3294 2946
3295 2947
3296 2948
3297 2949
3298 2950
3299 2951
3300 2952
3301 2953
3302 2954
3304 2955
3305 2956
3306 2957
3307 2958
4615 2958
3308 2959
3310 2960
3311 2961
7378 2961
3312 2962
5909 2962
3313 2963
3314 2964
3315 2965
3316 2966
3317 2967
3318 2968
3319 2969
3320 2970
3321 2971
3322 2972
3323 2973
7454 2973
3324 2974
3325 2975
3326 2976
3327 2977
3328 2978
3329 2979
3330 2980
3331 2981
3332 2982
3333 2983
3334 2984
3335 2985
3336 2986
3337 2987
3338 2988
3340 2989
3341 2990
5149 2990
3342 2991
3343 2992
3344 2993
3345 2994
3346 2995
5236 2995
3347 2996
7409 2996
3349 2997
3350 2998
3351 2999
9989 2999
3352 3000
3353 3001
3354 3002
3355 3003
3356 3004
3358 3005
3359 3006
3360 3007
3361 3008
3362 3009
5458 3009
3363 3010
3364 3011
3365 3012
3366 3013
3367 3014
4885 3014
3368 3015
3369 3016
3370 3017
3371 3018
3372 3019
3373 3020
3374 3021
3375 3022
3376 3023
9987 3023
3377 3024
7384 3024
3378 3025
7350 3025
3379 3026
3380 3027
3381 3028
3382 3029
3383 3030
3384 3031
3385 3032
3386 3033
3387 3034
3389 3035
3390 3036
3391 3037
3392 3038
3393 3039
3395 3039
3399 3039
3400 3039
3401 3039
3394 3040
3396 3041
3397 3042
5369 3042
3398 3043
3402 3044
3403 3045
3404 3046
3405 3047
5917 3047
3406 3048
3407 3049
3408 3050
3409 3051
3410 3052
3411 3053
3412 3054
3413 3055
3414 3056
3415 3057
3416 3058
3417 3059
3418 3060
3421 3061
3422 3062
3423 3063
3424 3064
3425 3064
3426 3064
3428 3064
3427 3065
3429 3066
3431 3067
3432 3068
3433 3068
3434 3069
3435 3069
3436 3070
3437 3071
3438 3072
3439 3073
3440 3074
3441 3075
3442 3076
3443 3077
3444 3078
3446 3079
3447 3080
3448 3081
3449 3082
3450 3083
3451 3084
3452 3085
3453 3086
3454 3087
5243 3087
3455 3088
3457 3089
5283 3089
3458 3090
5280 3090
3459 3091
5044 3091
6091 3091
3460 3092
5200 3092
3461 3093
5176 3093
3462 3094
3464 3095
3465 3096
3466 3097
5108 3097
6131 3097
3467 3098
5214 3098
3469 3099
3470 3100
5080 3100
6629 3100
3471 3101
5177 3101
3472 3102
3473 3103
4152 3103
3474 3104
7956 3104
3475 3105
3476 3106
8150 3106
3477 3107
3478 3108
3480 3109
4578 3109
6453 3109
3481 3110
4954 3110
3482 3111
3483 3112
3484 3113
3485 3114
3486 3115
3487 3116
3488 3117
8212 3117
3489 3118
3490 3119
3491 3120
3492 3121
4791 3121
3493 3122
3494 3123
3495 3124
3496 3125
3497 3126
3498 3127
3499 3128
3501 3129
3502 3130
3503 3131
3504 3132
3505 3133
3506 3133
3507 3134
3508 3135
3509 3136
3510 3137
3511 3138
3512 3139
3513 3140
3514 3141
3515 3142
3516 3143
3517 3144
5402 3144
3518 3145
3519 3146
3520 3147
3521 3148
3522 3149
3523 3150
3524 3151
3525 3152
3526 3153
3527 3154
3528 3155
3529 3156
3530 3157
6619 3157
3531 3158
3532 3159
3533 3160
3534 3161
3535 3162
3536 3163
3537 3164
3538 3165
3539 3166
3540 3167
3541 3168
3542 3169
3543 3170
3544 3171
3545 3172
3546 3173
3547 3174
3548 3175
3549 3176
3550 3177
3551 3178
3552 3179
3553 3180
3554 3181
5894 3181
3555 3182
3556 3183
3557 3184
4917 3184
3558 3185
3559 3186
3560 3187
3561 3188
3562 3189
3563 3190
3564 3191
3565 3192
3566 3193
3567 3194
8400 3194
3568 3195
3569 3196
3570 3197
3571 3198
3572 3199
3573 3200
3574 3201
3575 3202
3576 3203
3577 3204
3578 3205
3579 3206
3580 3207
3581 3208
3582 3209
3583 3210
3584 3211
3585 3212
3586 3213
8726 3213
3587 3214
3588 3215
3589 3216
3590 3217
3591 3217
3592 3218
3593 3219
3594 3220
3595 3221
3596 3222
6426 3222
3597 3223
3598 3224
3599 3225
3600 3226
3601 3227
8217 3227
8218 3227
8219 3227
3602 3228
3603 3229
7518 3229
3604 3230
8158 3230
3605 3231
3606 3232
3607 3233
3608 3234
3609 3235
3612 3236
4373 3236
3613 3237
3614 3238
3616 3238
3615 3239
3617 3240
3618 3241
3619 3242
5474 3242
3620 3243
3621 3244
3622 3245
3623 3246
3624 3247
5139 3247
3625 3248
5014 3248
3627 3249
5069 3249
3628 3250
5026 3250
3629 3251
5087 3251
3630 3252
6101 3252
7332 3252
3631 3253
5131 3253
3632 3254
5110 3254
3633 3255
5253 3255
3634 3256
5050 3256
3635 3257
3636 3257
5011 3257
5123 3257
3637 3258
3638 3259
5072 3259
3639 3260
5227 3260
3640 3261
3641 3262
5197 3262
3642 3263
5128 3263
3643 3264
3644 3265
5079 3265
3645 3266
5130 3266
3646 3267
5067 3267
3647 3268
5062 3268
3648 3269
3649 3270
5013 3270
3650 3271
6120 3271
7301 3271
7418 3271
7543 3271
3651 3272
5092 3272
3652 3273
5045 3273
3653 3274
5220 3274
3655 3275
3656 3276
5198 3276
3657 3277
5266 3277
3658 3278
5089 3278
3659 3279
3660 3280
5168 3280
3661 3281
5031 3281
3662 3282
3663 3283
3664 3284
3665 3285
5207 3285
3666 3286
3667 3287
3668 3288
3669 3289
3670 3290
3671 3291
3672 3292
3673 3293
3674 3294
3701 3294
3675 3295
3677 3296
3679 3297
3680 3298
3681 3299
3682 3300
3683 3301
3684 3302
3686 3303
3687 3304
3688 3305
3689 3306
3690 3307
5275 3307
3691 3308
5042 3308
3694 3309
3695 3310
3696 3311
4661 3311
5219 3311
3697 3312
3698 3313
3700 3314
3702 3315
3703 3316
3704 3317
3705 3318
3706 3319
3707 3320
8539 3320
3708 3321
3709 3321
3710 3321
5568 3321
8937 3321
9323 3321
3711 3322
3712 3323
8938 3323
3713 3324
3714 3325
3715 3326
3716 3327
3717 3328
3718 3329
5256 3329
6138 3329
3719 3330
5174 3330
3720 3331
5039 3331
6141 3331
3721 3332
5192 3332
3722 3333
5157 3333
3723 3334
5085 3334
6143 3334
3724 3335
3725 3336
5451 3336
3726 3337
5147 3337
6145 3337
9380 3337
3727 3338
5029 3338
3728 3339
5066 3339
6147 3339
8749 3339
3729 3340
3730 3341
3731 3342
5083 3342
6151 3342
8751 3342
3732 3343
5016 3343
3733 3344
5284 3344
6149 3344
3734 3345
5162 3345
6150 3345
3735 3346
5109 3346
3736 3347
5218 3347
6155 3347
3737 3348
5134 3348
6156 3348
3738 3349
3739 3350
5189 3350
6157 3350
3740 3351
5245 3351
6158 3351
3741 3352
5216 3352
6160 3352
8740 3352
3742 3353
5098 3353
6163 3353
8548 3353
3743 3354
3744 3355
3745 3356
5199 3356
3746 3357
5135 3357
6165 3357
3747 3358
5281 3358
6166 3358
3748 3359
5121 3359
6167 3359
3749 3360
5101 3360
3750 3361
5251 3361
6171 3361
3751 3362
3752 3363
5023 3363
3753 3364
5036 3364
3754 3365
3755 3366
3757 3367
3758 3368
3759 3369
3761 3370
3762 3371
3763 3372
3764 3373
3765 3374
3766 3374
3767 3375
3768 3375
3769 3376
3770 3377
3771 3378
7935 3378
3772 3379
3773 3380
7936 3380
3774 3381
8128 3381
3775 3382
8201 3382
3776 3383
5261 3383
3778 3384
3781 3385
3782 3386
3783 3387
3784 3388
3785 3389
8262 3389
3786 3390
9540 3390
3787 3391
8135 3391
3788 3392
3790 3393
8263 3393
3791 3394
5024 3394
5040 3394
5127 3394
5258 3394
5267 3394
3792 3395
3793 3396
3794 3397
3795 3398
3796 3399
3797 3400
3798 3401
7957 3401
3799 3402
3800 3403
8083 3403
9514 3403
3803 3404
7969 3404
3804 3405
8272 3405
3806 3406
3808 3407
7971 3407
3809 3408
3810 3409
7972 3409
9533 3409
3811 3410
8090 3410
3812 3411
3813 3412
3814 3413
3815 3414
3816 3415
3818 3416
3821 3417
3822 3418
6883 3418
3824 3419
3827 3420
7994 3420
3828 3421
3830 3422
7997 3422
3831 3423
9520 3423
3832 3424
7999 3424
9519 3424
3833 3425
8138 3425
9538 3425
3834 3426
3836 3427
3838 3428
8002 3428
3839 3429
9481 3429
3841 3430
3842 3431
3843 3431
4932 3431
5240 3431
5264 3431
3844 3432
3845 3433
3846 3434
3903 3434
5019 3434
3848 3435
8016 3435
3849 3436
8146 3436
3851 3437
5180 3437
8020 3437
3854 3438
3855 3439
3856 3440
8025 3440
3860 3441
8029 3441
3861 3442
8210 3442
3862 3443
8030 3443
3863 3444
5274 3444
3864 3445
8151 3445
3866 3446
5136 3446
3867 3447
4489 3447
5326 3447
3868 3448
5315 3448
3870 3449
5206 3449
3872 3450
5316 3450
3879 3451
5186 3451
3880 3452
3881 3453
3882 3454
5277 3454
3883 3455
5212 3455
3884 3456
6508 3456
3885 3457
5015 3457
3886 3458
4546 3458
5137 3458
3888 3459
5233 3459
3889 3460
5319 3460
3890 3461
5012 3461
3891 3462
5102 3462
3892 3463
5132 3463
3893 3464
3894 3465
5318 3465
3895 3466
5143 3466
3896 3467
5071 3467
3897 3468
5183 3468
3898 3469
5626 3469
5775 3469
3900 3470
5064 3470
3901 3471
5222 3471
3902 3472
5211 3472
3904 3473
5086 3473
3905 3474
5096 3474
3906 3475
5225 3475
3907 3476
5173 3476
3908 3477
5115 3477
3909 3478
6676 3478
3910 3479
8366 3479
3911 3480
5279 3480
3912 3481
5246 3481
3913 3482
6450 3482
3914 3483
5193 3483
3915 3484
5151 3484
3916 3485
5184 3485
8370 3485
3917 3486
5321 3486
3918 3487
5223 3487
3919 3488
5470 3488
3920 3489
3921 3489
5027 3489
5322 3489
3922 3490
5272 3490
3923 3491
5323 3491
3924 3492
5205 3492
3925 3493
5195 3493
3926 3494
5077 3494
3927 3495
5122 3495
3928 3496
5325 3496
3929 3497
5153 3497
3930 3498
5111 3498
3931 3499
5201 3499
3932 3500
5273 3500
3933 3501
3935 3502
5049 3502
3936 3503
5075 3503
3937 3504
5230 3504
7626 3504
3938 3505
5169 3505
3939 3506
5235 3506
3940 3507
5178 3507
3941 3508
5114 3508
7627 3508
3942 3509
3943 3510
3944 3511
3945 3512
3947 3513
3948 3514
3949 3515
3950 3516
3951 3517
3952 3518
3953 3519
3962 3520
7635 3520
3963 3521
7636 3521
3964 3522
3965 3523
4585 3523
3966 3524
4950 3524
7403 3524
3967 3525
7758 3525
3968 3526
7637 3526
3969 3527
3970 3528
3971 3529
3972 3530
7316 3530
3973 3531
4952 3531
7271 3531
3974 3532
4953 3532
3975 3533
3976 3534
3977 3535
3978 3536
3979 3537
3980 3538
3981 3539
3982 3540
3983 3541
3984 3542
3985 3543
3986 3544
3987 3545
3988 3546
3989 3547
3990 3548
3991 3549
3992 3550
3993 3551
3994 3551
3995 3552
3996 3553
3997 3554
3998 3555
3999 3556
6454 3556
4000 3557
4001 3557
4002 3558
4003 3559
4004 3560
4005 3561
4006 3562
4007 3563
4008 3564
4009 3565
4010 3566
4011 3567
4012 3568
4013 3569
4014 3570
4015 3571
4016 3572
4017 3573
4018 3574
4019 3575
4020 3576
4021 3577
4022 3578
4023 3579
7644 3579
4024 3580
4025 3581
4026 3582
6878 3582
4027 3583
4028 3584
4029 3585
9393 3585
4030 3586
4031 3587
8042 3587
4032 3588
4033 3589
4034 3590
4035 3591
4036 3592
4037 3593
4038 3594
4039 3595
4040 3596
4041 3597
4042 3598
4043 3599
8043 3599
4044 3600
6455 3600
7645 3600
4045 3601
8044 3601
4046 3602
4047 3603
4048 3604
4049 3605
8045 3605
4050 3606
4051 3607
6518 3607
4052 3608
4053 3609
4054 3610
4055 3611
4056 3612
8046 3612
4057 3613
4058 3614
4059 3615
9347 3615
4060 3616
8389 3616
4061 3617
4062 3618
4063 3619
4064 3620
4065 3620
4066 3621
4067 3622
8879 3622
4068 3623
4069 3624
4070 3625
4559 3625
4071 3626
4072 3627
4073 3628
8215 3628
4074 3629
4075 3630
9350 3630
4076 3631
8880 3631
4077 3632
4078 3633
4079 3634
4080 3635
4081 3636
4082 3637
4083 3638
4084 3639
4085 3640
4086 3641
4087 3642
4088 3643
4089 3644
4090 3645
4091 3646
4092 3647
4093 3648
4094 3649
4095 3650
4096 3651
4097 3652
4098 3653
4099 3654
4100 3655
4101 3656
4102 3657
4103 3658
4104 3659
4105 3660
4107 3661
4108 3662
4109 3663
4110 3664
4111 3665
4112 3666
4114 3667
4115 3668
4116 3669
4117 3670
4118 3671
4119 3672
9209 3672
4120 3673
4121 3674
4122 3675
4123 3676
4124 3677
4125 3678
4126 3679
4127 3680
4128 3681
8051 3681
4129 3682
4130 3683
4131 3684
4132 3685
4133 3686
4134 3687
4135 3688
4136 3689
4137 3690
4138 3691
4139 3692
4140 3693
4141 3694
4142 3695
4143 3696
4144 3697
4145 3698
7312 3698
4146 3699
4147 3700
4148 3701
4149 3702
4150 3703
4151 3704
4153 3705
5412 3705
4154 3706
4156 3707
4157 3708
4158 3708
4159 3708
4160 3708
4161 3709
6525 3709
4162 3710
4163 3711
4164 3711
4165 3711
4166 3712
4167 3713
4168 3714
4169 3715
4170 3716
4810 3716
4171 3717
4172 3718
4173 3719
4174 3720
6064 3720
4175 3721
4176 3722
4177 3723
4178 3724
8404 3724
4179 3725
4180 3726
4181 3727
4182 3728
4183 3729
4184 3730
4185 3731
4186 3732
4187 3733
4188 3734
4189 3735
4190 3736
7113 3736
4191 3737
6063 3737
4192 3738
4193 3739
4194 3740
7343 3740
8408 3740
4195 3741
4196 3742
4197 3743
4198 3744
7358 3744
4199 3745
4200 3746
4201 3747
4202 3748
4814 3748
4203 3749
8014 3749
4204 3750
4205 3751
4206 3752
4207 3753
4208 3754
4209 3754
4210 3754
4212 3754
4211 3755
9214 3755
4213 3756
4214 3757
4215 3758
6662 3758
4216 3759
4217 3760
4218 3761
4219 3761
4220 3762
4221 3763
4222 3764
4223 3765
4225 3766
4226 3766
4228 3767
4230 3768
4231 3769
6415 3769
4232 3770
4233 3771
4235 3772
4236 3773
4237 3774
4238 3775
4239 3776
4240 3777
4241 3778
4242 3779
4243 3780
4244 3781
4245 3782
4246 3783
4247 3784
4248 3785
4249 3786
4250 3787
4251 3788
4252 3789
4253 3790
4254 3791
4255 3792
4256 3793
4257 3794
4258 3795
4259 3796
4260 3797
4261 3798
4262 3799
4263 3800
4264 3801
4265 3802
4266 3803
4267 3804
4268 3805
4269 3806
4270 3807
4271 3808
4272 3809
4273 3810
4274 3810
4275 3811
4276 3812
4277 3813
4278 3814
4279 3815
4280 3816
4281 3817
4282 3818
4283 3819
4284 3820
4285 3821
4286 3822
4287 3823
4288 3824
5361 3824
4289 3825
4290 3826
4291 3827
4292 3828
4293 3829
4294 3830
4295 3831
4296 3832
7242 3832
9994 3832
4297 3833
4298 3834
7334 3834
4299 3835
4300 3836
4303 3837
4304 3838
4308 3839
4309 3840
4310 3841
4311 3842
4471 3842
4312 3843
5365 3843
4314 3844
4315 3845
4316 3846
4317 3847
4319 3848
4320 3849
4321 3850
4322 3851
4323 3852
4324 3853
4325 3854
4326 3855
4327 3856
4328 3857
4329 3858
4330 3859
4331 3860
4332 3861
4333 3862
4334 3863
4335 3864
4336 3865
4337 3866
4339 3867
4340 3868
5916 3868
4341 3869
4342 3870
4344 3871
4345 3872
4346 3873
4347 3874
4348 3875
8312 3875
4349 3876
4350 3877
4351 3878
4352 3879
4353 3880
4354 3881
4355 3882
4357 3883
4358 3884
4359 3885
4360 3886
4361 3887
4362 3888
4363 3888
4364 3889
4365 3890
4366 3891
4367 3892
4368 3892
4369 3893
4371 3894
4372 3895
4374 3896
4375 3897
4376 3898
4377 3899
4378 3900
4379 3901
4380 3902
5619 3902
4381 3903
4382 3904
4383 3905
4384 3906
4385 3907
4386 3908
5063 3908
4387 3909
4388 3910
5475 3910
5975 3910
4389 3911
4390 3912
7551 3912
4391 3913
5476 3913
4392 3914
4393 3915
4394 3915
4395 3916
4397 3917
4398 3918
4399 3919
4401 3920
5381 3920
4402 3921
5383 3921
6020 3921
7898 3921
4403 3922
4404 3923
4405 3924
4406 3925
4407 3926
4408 3927
4409 3928
4410 3929
4411 3930
6378 3930
6379 3930
7055 3930
7579 3930
4412 3931
4413 3932
4414 3933
4415 3934
4416 3935
4417 3936
4418 3937
4419 3938
4420 3939
4421 3940
4422 3941
4423 3942
4424 3943
4425 3944
4426 3945
4427 3946
4428 3947
4429 3948
4430 3949
4431 3950
4432 3951
4433 3952
4434 3953
5152 3953
4435 3954
5444 3954
4436 3955
5030 3955
4437 3956
5129 3956
4438 3957
5093 3957
4440 3958
5244 3958
5774 3958
4441 3959
5112 3959
5320 3959
4442 3960
5018 3960
7082 3960
4443 3961
5327 3961
4444 3962
5231 3962
4445 3963
6861 3963
4446 3964
5203 3964
7083 3964
4448 3965
4449 3966
4450 3967
4451 3968
7182 3968
7352 3968
4452 3969
7223 3969
4453 3970
5902 3970
4454 3971
4975 3971
4455 3972
7178 3972
4456 3973
6765 3973
4457 3974
4458 3975
5286 3975
4460 3976
6601 3976
4461 3977
9138 3977
4462 3978
5654 3978
4463 3979
4464 3980
6623 3980
4465 3981
5423 3981
6666 3981
7152 3981
4467 3982
5097 3982
4468 3983
4989 3983
5483 3983
4469 3984
4470 3985
4472 3986
4473 3987
7330 3987
4474 3988
4475 3989
4476 3990
4477 3991
4478 3992
4479 3993
4480 3994
4481 3995
4482 3996
4483 3997
7562 3997
4484 3998
4485 3999
4542 3999
4486 4000
4487 4001
4488 4001
7567 4001
9160 4001
4490 4002
4491 4003
4492 4004
4493 4005
4494 4006
4495 4007
4496 4008
4497 4009
4498 4010
4499 4011
4500 4012
4501 4013
4502 4014
8851 4014
4503 4015
8930 4015
4504 4016
7572 4016
4505 4017
4506 4018
5385 4018
6019 4018
7897 4018
4507 4019
4508 4020
4509 4021
4510 4022
4511 4023
4512 4024
4513 4025
4514 4026
4515 4027
4516 4028
4517 4029
4518 4030
4519 4031
4520 4032
4521 4033
4522 4034
4523 4035
4524 4036
4525 4037
7924 4037
4526 4038
4527 4039
4528 4040
4529 4041
4530 4042
4531 4043
4532 4044
4533 4045
4534 4046
4535 4047
4536 4048
4537 4049
4538 4050
4539 4051
4540 4052
4541 4053
4543 4054
4544 4055
4545 4056
8019 4056
4548 4057
7634 4057
4549 4058
7522 4058
4550 4059
4945 4059
4551 4060
4944 4060
4552 4061
4948 4061
4553 4062
4949 4062
4554 4063
7322 4063
4555 4064
4556 4065
8746 4065
4557 4066
4558 4067
4560 4068
4561 4069
4562 4070
9155 4070
4563 4071
7135 4071
4564 4072
4566 4073
4567 4074
4568 4075
6470 4075
4569 4076
4969 4076
5679 4076
4570 4077
4571 4078
6664 4078
4572 4079
4573 4080
4576 4080
4574 4081
6290 4081
4575 4082
7184 4082
4577 4083
4579 4084
5418 4084
4580 4085
4972 4085
4581 4086
4590 4086
5943 4086
6962 4086
4582 4087
4973 4087
4583 4088
4971 4088
4584 4089
4587 4090
5028 4090
6802 4090
4589 4091
4591 4092
4592 4093
4593 4094
4594 4095
4595 4096
6585 4096
4596 4097
4597 4098
4598 4099
4599 4100
4600 4101
4601 4102
4986 4102
4602 4103
4603 4104
4604 4105
4605 4106
4606 4107
4607 4108
4608 4109
4611 4110
6690 4110
4612 4111
4613 4112
4614 4113
4617 4114
4618 4115
7501 4115
4619 4116
4620 4117
6744 4117
7412 4117
4622 4118
4623 4119
4624 4120
4625 4121
4627 4122
4628 4123
4629 4124
4630 4125
4631 4126
4632 4127
4633 4127
4634 4128
4635 4129
4636 4130
4637 4131
4638 4132
4639 4133
4640 4134
4641 4135
4642 4136
4643 4137
4644 4138
5527 4138
4645 4139
8161 4139
4646 4140
4647 4141
4648 4142
4649 4143
4650 4144
4651 4145
4652 4146
4653 4147
4654 4148
4655 4149
4656 4150
4658 4150
5299 4150
5300 4150
4657 4151
4660 4152
4662 4153
4663 4154
4664 4155
4665 4156
4666 4157
4667 4158
4668 4159
4669 4160
4670 4161
4671 4162
4672 4163
4673 4164
4674 4165
4675 4166
4676 4167
4677 4168
4678 4169
4681 4170
4682 4171
4683 4172
4684 4173
4685 4174
4686 4175
4687 4176
4688 4177
4689 4178
4690 4179
4691 4180
4692 4181
6747 4181
8119 4181
9162 4181
4693 4182
4694 4183
4695 4184
4696 4185
4697 4186
4698 4187
4699 4188
4700 4189
6739 4189
8765 4189
4701 4190
6939 4190
4702 4191
4703 4191
4704 4192
4705 4193
4706 4194
4707 4195
4709 4196
4710 4197
4711 4198
4712 4199
4713 4200
4714 4201
4715 4202
6948 4202
4716 4203
4718 4204
4719 4205
4720 4206
4721 4206
4722 4207
7940 4207
4725 4208
8202 4208
4726 4209
4728 4210
7949 4210
4730 4211
4731 4212
4732 4213
7951 4213
4736 4214
4737 4215
4739 4216
7975 4216
4742 4217
8094 4217
9506 4217
9507 4217
9508 4217
4743 4218
7986 4218
4746 4219
7998 4219
4748 4220
8140 4220
4749 4221
5260 4221
4750 4222
4751 4222
4752 4223
9560 4223
4753 4224
4755 4225
4756 4226
4763 4227
8023 4227
4764 4228
4765 4229
4773 4230
4774 4231
4775 4232
5776 4232
4776 4233
5777 4233
4777 4234
4778 4235
4835 4235
5899 4235
4779 4236
4780 4237
7763 4237
4781 4238
4782 4239
4783 4240
7638 4240
4784 4241
7640 4241
4785 4242
4786 4243
7494 4243
4787 4244
4788 4245
4789 4246
4790 4247
4792 4248
4793 4249
4794 4250
4795 4251
9206 4251
4796 4252
4797 4253
4798 4254
5671 4254
4799 4255
4800 4256
4801 4257
4802 4258
4803 4259
4804 4260
4805 4261
4806 4262
4807 4263
8401 4263
4808 4264
4809 4265
4811 4266
4812 4267
4813 4268
7410 4268
4815 4269
4816 4270
4817 4271
4819 4272
4822 4273
4823 4274
7130 4274
4824 4275
4825 4276
4826 4277
6616 4277
4827 4278
4828 4279
6288 4279
7139 4279
8223 4279
8889 4279
4829 4280
4830 4281
4831 4282
6754 4282
4832 4283
4833 4284
4834 4285
4842 4285
4857 4285
4901 4285
4836 4286
4837 4287
6668 4287
4838 4288
6469 4288
4839 4289
4840 4290
7166 4290
4841 4291
4843 4292
4845 4293
4846 4294
7179 4294
4847 4295
6598 4295
4848 4296
4849 4297
4850 4298
4851 4299
6650 4299
4853 4300
5054 4300
4854 4301
7829 4301
4855 4302
4856 4303
4858 4304
4866 4304
5683 4304
4859 4305
6759 4305
4860 4306
6553 4306
4861 4307
4862 4308
4864 4309
5799 4309
6770 4309
4865 4310
5803 4310
6549 4310
9095 4310
4867 4311
4868 4312
6661 4312
4869 4313
7187 4313
4870 4314
8425 4314
4871 4315
4872 4316
5237 4316
8579 4316
4873 4317
6609 4317
7200 4317
7786 4317
4874 4318
4876 4319
4877 4320
5656 4320
6478 4320
4878 4321
4879 4322
6191 4322
4880 4323
4881 4324
6531 4324
4882 4325
4883 4326
5690 4326
4884 4327
4886 4328
5691 4328
6617 4328
7217 4328
4887 4329
6586 4329
4888 4330
4889 4331
6573 4331
7221 4331
4890 4332
4891 4333
4892 4334
4894 4335
4895 4336
4896 4337
4897 4338
4898 4339
4899 4340
4900 4341
7426 4341
4902 4342
4903 4343
6969 4343
4904 4344
4905 4345
5424 4345
5945 4345
7193 4345
7208 4345
7536 4345
4906 4346
6752 4346
4907 4347
7372 4347
4908 4348
4909 4349
4910 4350
4911 4351
4912 4352
4913 4353
4914 4354
4915 4355
4916 4356
4918 4357
4919 4358
4920 4359
4921 4360
4922 4361
4924 4362
4925 4363
8079 4363
4926 4364
7955 4364
4927 4365
4928 4366
7958 4366
4929 4367
8204 4367
4930 4368
8271 4368
4931 4369
4933 4370
8022 4370
4955 4371
5677 4371
7482 4371
4956 4372
4957 4373
7172 4373
4958 4374
4959 4375
4960 4376
4961 4377
4962 4378
4963 4379
4964 4380
4965 4381
4966 4382
4967 4383
4968 4384
4970 4385
7218 4385
4974 4386
4976 4387
4977 4388
4978 4389
7520 4389
4979 4390
4980 4391
6473 4391
7191 4391
4981 4392
5904 4392
6569 4392
4982 4393
4983 4394
7206 4394
4984 4395
5047 4395
4985 4396
4987 4397
4988 4398
4990 4399
4991 4400
4992 4401
9146 4401
4993 4402
4994 4403
4995 4404
4996 4405
4998 4406
4999 4407
5000 4408
5001 4409
5002 4410
5003 4411
5004 4412
5005 4413
5006 4414
5007 4415
5008 4416
5951 4416
5009 4417
5010 4418
5017 4419
7989 4419
5020 4420
5021 4421
6580 4421
5025 4422
5032 4423
5033 4424
8169 4424
5034 4425
5037 4426
5038 4427
5041 4428
5043 4429
5046 4430
5048 4431
7639 4431
5051 4432
6068 4432
6572 4432
5052 4433
5053 4434
5055 4435
6610 4435
5056 4436
5057 4437
5058 4438
5059 4439
8254 4439
5060 4440
5061 4441
6615 4441
5065 4442
5118 4442
5068 4443
5073 4444
6626 4444
5074 4445
5076 4446
5081 4447
6177 4447
5082 4448
7243 4448
5088 4449
5094 4450
5095 4451
5099 4452
5100 4453
5103 4454
6637 4454
5104 4455
5106 4456
7652 4456
5107 4457
5116 4458
5117 4459
5119 4460
5120 4461
6851 4461
5125 4462
7146 4462
5126 4463
5138 4464
5140 4465
6859 4465
5144 4466
5148 4467
5154 4468
5404 4468
5421 4468
5155 4469
5158 4470
5159 4471
7181 4471
5160 4472
7262 4472
5161 4473
5166 4474
5167 4475
5187 4475
5170 4476
7488 4476
5172 4477
5175 4478
6559 4478
5179 4479
5181 4480
5185 4481
5188 4482
5190 4483
5194 4484
5196 4485
5202 4486
9222 4486
5204 4487
7367 4487
5208 4488
5209 4489
5210 4490
5215 4491
5217 4492
5221 4493
5234 4494
5238 4495
5239 4496
5242 4497
5247 4498
5248 4499
5249 4500
5252 4501
5257 4502
5259 4503
5262 4504
5265 4505
5268 4506
5270 4507
6965 4507
5271 4508
7628 4508
5276 4509
5282 4510
5285 4511
5287 4512
5969 4512
5288 4513
5289 4514
5290 4515
5292 4516
5293 4517
5294 4518
5968 4518
5295 4519
5296 4520
5297 4521
5298 4522
5301 4523
6577 4523
8110 4523
5302 4524
5303 4525
6011 4525
9385 4525
5304 4526
6931 4526
5305 4527
6933 4527
5306 4528
5307 4529
6938 4529
5308 4530
5309 4531
5310 4532
5311 4533
7923 4533
5312 4534
5313 4535
5314 4536
8031 4536
5324 4537
7389 4537
5328 4538
5329 4539
5330 4540
5333 4541
5334 4542
6413 4542
5335 4543
5337 4544
5338 4545
5339 4546
5340 4547
5342 4548
5343 4549
5344 4550
5345 4551
5346 4552
7127 4552
5347 4553
6958 4553
7402 4553
5348 4554
6564 4554
5349 4555
5350 4556
5351 4557
8454 4557
5352 4558
7168 4558
5353 4559
5354 4560
7516 4560
5355 4561
5356 4562
6793 4562
5357 4563
6769 4563
5358 4564
5359 4565
5360 4566
5362 4567
5363 4568
5364 4569
9991 4569
5366 4570
5367 4571
5368 4572
5370 4573
5371 4574
5372 4574
5373 4574
5374 4575
5375 4576
5376 4577
5377 4578
5378 4579
5379 4580
5380 4581
5382 4582
5384 4583
5386 4584
5387 4585
5388 4586
5389 4587
5390 4588
5391 4589
5392 4590
5393 4591
6035 4591
8947 4591
5394 4592
5395 4593
5396 4594
5397 4595
5398 4596
5465 4596
5621 4596
7990 4596
7991 4596
7992 4596
5399 4597
5400 4598
5401 4599
5403 4600
5405 4601
5406 4602
5407 4603
5408 4604
5409 4605
5410 4606
5411 4607
5413 4608
7157 4608
5414 4609
5415 4610
6607 4610
5416 4611
6627 4611
5417 4612
5419 4613
6591 4613
5420 4614
5428 4614
6600 4614
6651 4614
5422 4615
5425 4616
5950 4616
6884 4616
5426 4617
5427 4618
5946 4618
5429 4619
5430 4620
5431 4621
5432 4622
7995 4622
9546 4622
5433 4623
6482 4623
5434 4624
5435 4625
5436 4625
5437 4626
5438 4627
5439 4628
5440 4629
5441 4630
5442 4631
5443 4632
5445 4633
5447 4634
5448 4635
5449 4636
6287 4636
7154 4636
7767 4636
5450 4637
5452 4638
7953 4638
5453 4639
6291 4639
7176 4639
5454 4640
5455 4641
5456 4642
5457 4643
5459 4644
5460 4645
5461 4646
7624 4646
5462 4647
5463 4648
5464 4649
5466 4650
6678 4650
7229 4650
5467 4651
6575 4651
5468 4652
5469 4653
5471 4654
5472 4655
5473 4656
6647 4656
6671 4656
9436 4656
9437 4656
5477 4657
5478 4658
5479 4659
5480 4660
5481 4661
5482 4662
6154 4662
5484 4663
5485 4664
5486 4665
5487 4666
5488 4667
5489 4668
5490 4669
5495 4670
8176 4670
5497 4671
9267 4671
5498 4672
6850 4672
5499 4673
9268 4673
5500 4674
5501 4675
9316 4675
5502 4676
8510 4676
5503 4677
5504 4678
6824 4678
5505 4679
6819 4679
5506 4680
6822 4680
5507 4681
6799 4681
5508 4682
6862 4682
5509 4683
5510 4684
5511 4685
6860 4685
5514 4686
8512 4686
5515 4687
6820 4687
5516 4688
9280 4688
5517 4689
6805 4689
5518 4690
9273 4690
5519 4691
6854 4691
5520 4692
6830 4692
5521 4693
9079 4693
5522 4694
9276 4694
5524 4695
5526 4696
5528 4697
5716 4697
5529 4698
5532 4699
5535 4700
5539 4701
5542 4702
5546 4703
5547 4704
6835 4704
5548 4705
9166 4705
5549 4706
6823 4706
5550 4707
6842 4707
5551 4708
8780 4708
5552 4709
9082 4709
5553 4710
9173 4710
5554 4711
9161 4711
5555 4712
6132 4712
6809 4712
7541 4712
5556 4713
6845 4713
5557 4714
9191 4714
5558 4715
6816 4715
5559 4716
6814 4716
5560 4717
8542 4717
5561 4718
8532 4718
5562 4719
9084 4719
5563 4720
6801 4720
5564 4721
5565 4722
9151 4722
5566 4723
5856 4723
5569 4724
6828 4724
5570 4725
9293 4725
5571 4726
6815 4726
5572 4727
6803 4727
5573 4728
6853 4728
5574 4729
5575 4730
9294 4730
5576 4731
6797 4731
5577 4732
9379 4732
5578 4733
5579 4734
6864 4734
5580 4735
6826 4735
5581 4736
5582 4737
6800 4737
5583 4738
9296 4738
5584 4739
9297 4739
5585 4740
6811 4740
5586 4741
8549 4741
5587 4742
6865 4742
5588 4743
6813 4743
5589 4744
8946 4744
5590 4745
6837 4745
5591 4746
6836 4746
5592 4747
6827 4747
5593 4748
5594 4749
6855 4749
9386 4749
5595 4750
6848 4750
5597 4751
5600 4752
5601 4752
5602 4753
5603 4754
6657 4754
5604 4755
6628 4755
7159 4755
5605 4756
6760 4756
5606 4757
5607 4758
8458 4758
5608 4759
5609 4760
5610 4761
5611 4762
5613 4763
5615 4764
5616 4765
6602 4765
5618 4766
5620 4767
5622 4768
5625 4769
5627 4770
5628 4771
7228 4771
5629 4772
5630 4773
5631 4774
5632 4775
5633 4776
5634 4777
5635 4778
5636 4779
5637 4780
5638 4781
5639 4782
5640 4783
5641 4784
5642 4785
5686 4785
7641 4785
7670 4785
5643 4786
5644 4787
5645 4788
5647 4789
5648 4789
5649 4789
5650 4790
5651 4791
5652 4792
5653 4793
5689 4793
5802 4793
6639 4793
5655 4794
6659 4794
9358 4794
5657 4795
5658 4796
5659 4797
5660 4798
5661 4799
5662 4800
5663 4801
5664 4802
5665 4803
5666 4804
6293 4804
6887 4804
5667 4805
5668 4806
5670 4807
6608 4807
5672 4808
5673 4809
5674 4810
7899 4810
5675 4811
5676 4812
5678 4813
5680 4814
7156 4814
5681 4815
6669 4815
5682 4816
5684 4817
5685 4818
6656 4818
5687 4819
5688 4820
5692 4821
5693 4822
5694 4823
5697 4824
5698 4825
5699 4826
5701 4827
9180 4827
5702 4828
9184 4828
5703 4829
9077 4829
5704 4830
9185 4830
5705 4831
9067 4831
5706 4832
9372 4832
5707 4833
5708 4834
9186 4834
5709 4835
9311 4835
5710 4836
8916 4836
5711 4837
9319 4837
5712 4838
5713 4839
8171 4839
5715 4840
5717 4841
5718 4842
5721 4843
8528 4843
5722 4844
8540 4844
5723 4845
8917 4845
5724 4846
5725 4847
8112 4847
5726 4848
6134 4848
6325 4848
6326 4848
7733 4848
7734 4848
9085 4848
9321 4848
5727 4849
5728 4850
5729 4851
5730 4852
9286 4852
5731 4853
5733 4854
8940 4854
5734 4855
8860 4855
5735 4856
9317 4856
5736 4857
8849 4857
5737 4858
5738 4859
9144 4859
5739 4860
8853 4860
5740 4861
8941 4861
5741 4862
5742 4863
8854 4863
5743 4864
8868 4864
5744 4865
8861 4865
5745 4866
8117 4866
5746 4867
8862 4867
5747 4868
5748 4869
5749 4870
8865 4870
5750 4871
9328 4871
5751 4872
8121 4872
5752 4873
5753 4874
9197 4874
5754 4875
8867 4875
5755 4876
5756 4877
8866 4877
5757 4878
5758 4879
8547 4879
5759 4880
5760 4881
5761 4882
9364 4882
5762 4883
8871 4883
5763 4884
5764 4885
9336 4885
5765 4886
8873 4886
5766 4887
8554 4887
5767 4888
8874 4888
5768 4889
9329 4889
5769 4890
8735 4890
5770 4891
8869 4891
5771 4892
8122 4892
5778 4893
7475 4893
5779 4894
5780 4895
5781 4896
5782 4897
5783 4898
6057 4898
5784 4899
5785 4900
5786 4901
5787 4902
5788 4903
5789 4904
5790 4905
5791 4906
5792 4907
7134 4907
5793 4908
5794 4909
7158 4909
7768 4909
5795 4910
6961 4910
5796 4911
5797 4912
5798 4913
8494 4913
5800 4914
5801 4915
7185 4915
5804 4916
6479 4916
5805 4917
5806 4918
5807 4919
5808 4920
5809 4921
5810 4922
5811 4923
5812 4924
5813 4925
5814 4926
5816 4927
5817 4928
5818 4929
5819 4930
5820 4931
5821 4932
5822 4933
8173 4933
5823 4934
5826 4935
9283 4935
5827 4936
6333 4936
6974 4936
5828 4937
6976 4937
5829 4938
6977 4938
5831 4939
6667 4939
6979 4939
5832 4940
6339 4940
6981 4940
5833 4941
6986 4941
5834 4942
6346 4942
6988 4942
5835 4943
6993 4943
5836 4944
6356 4944
5837 4945
5838 4946
5839 4947
8181 4947
5840 4948
8163 4948
5841 4949
5842 4950
5843 4951
5844 4952
7004 4952
5846 4953
7010 4953
5847 4954
7011 4954
5848 4955
7019 4955
7874 4955
5849 4956
5850 4957
5852 4958
6604 4958
7032 4958
5853 4959
5854 4960
5855 4961
5857 4962
6367 4962
5858 4963
7045 4963
5859 4964
7046 4964
5860 4965
6370 4965
5861 4966
6584 4966
7050 4966
7051 4966
7052 4966
7928 4966
5862 4967
6672 4967
7056 4967
5863 4968
7058 4968
5864 4969
6384 4969
7059 4969
5865 4970
6387 4970
7060 4970
5866 4971
5867 4972
5868 4973
7068 4973
5869 4974
7070 4974
5870 4975
5871 4976
5872 4977
6401 4977
7071 4977
5873 4978
7073 4978
5874 4979
6581 4979
7075 4979
5875 4980
6634 4980
7077 4980
5876 4981
5877 4982
7629 4982
5878 4983
6172 4983
7084 4983
5879 4984
5880 4985
5881 4986
5882 4987
5883 4988
5884 4989
8154 4989
5885 4990
5886 4991
5887 4992
5888 4993
5889 4994
5890 4995
8216 4995
5891 4996
5892 4997
5893 4998
5895 4999
5896 5000
5897 5001
6551 5001
7132 5001
5898 5002
7137 5002
5900 5003
5987 5003
5901 5004
5903 5005
5905 5006
7201 5006
5906 5007
6477 5007
5907 5008
5908 5009
5910 5010
5911 5011
5912 5012
5913 5013
5914 5014
5915 5015
5918 5016
5919 5016
5920 5016
5921 5016
5922 5017
5924 5018
5925 5019
5926 5020
5927 5021
5928 5022
5929 5023
5930 5024
5931 5025
5932 5026
6046 5026
5933 5027
6594 5027
7650 5027
5934 5028
6756 5028
5935 5029
5936 5030
7141 5030
5937 5031
5938 5032
5939 5033
6588 5033
5940 5034
6655 5034
7212 5034
5941 5035
6550 5035
5942 5036
5944 5037
6858 5037
5947 5038
6966 5038
7676 5038
5948 5039
5949 5040
6840 5040
5952 5041
6545 5041
5953 5042
5954 5043
5955 5044
5956 5045
5957 5046
5959 5047
5960 5048
5963 5049
5964 5050
6922 5050
5965 5051
7890 5051
5966 5052
9287 5052
5967 5053
9288 5053
5970 5054
6894 5054
7855 5054
5971 5055
7857 5055
5972 5056
7856 5056
5973 5057
6895 5057
7858 5057
5974 5058
7859 5058
5976 5059
6898 5059
5977 5060
8511 5060
9075 5060
5978 5061
6899 5061
5979 5062
8801 5062
5980 5063
8515 5063
5981 5064
7862 5064
8748 5064
5982 5065
5983 5065
9278 5065
5984 5066
7863 5066
5985 5067
6901 5067
5986 5068
6902 5068
7866 5068
5988 5069
5989 5070
9188 5070
5990 5071
7869 5071
5991 5072
5992 5073
5993 5074
5994 5075
6904 5075
7871 5075
5996 5076
7872 5076
5997 5077
6905 5077
7873 5077
5998 5078
6910 5078
5999 5079
6000 5080
6001 5081
7877 5081
6002 5082
7879 5082
6003 5083
6914 5083
6004 5084
7880 5084
6005 5085
6006 5086
6917 5086
6007 5087
6918 5087
6919 5087
8920 5087
6008 5088
6742 5088
7883 5088
6009 5089
8929 5089
6010 5090
7892 5090
6012 5091
6013 5092
6014 5093
7894 5093
6015 5094
6928 5094
6016 5095
6929 5095
6017 5096
6687 5096
9175 5096
6018 5097
6930 5097
7896 5097
6021 5098
8811 5098
6022 5099
6934 5099
7908 5099
6023 5100
7909 5100
6024 5101
7911 5101
6025 5102
6936 5102
6026 5103
6702 5103
6027 5104
6937 5104
6028 5105
6029 5106
6942 5106
6030 5107
6725 5107
7851 5107
6031 5108
6944 5108
7870 5108
6032 5109
6033 5110
7922 5110
6034 5111
6036 5112
6037 5113
8123 5113
6038 5114
7926 5114
6039 5115
7927 5115
6040 5116
6951 5116
6041 5117
7930 5117
6042 5118
7932 5118
6043 5119
6044 5120
6045 5121
8558 5121
6047 5122
6048 5123
6049 5124
6050 5125
6051 5126
6052 5127
6053 5128
6054 5129
6055 5130
6056 5131
6058 5132
6059 5133
6060 5134
6061 5135
6062 5136
6065 5137
6066 5138
6856 5138
6067 5139
6480 5139
6786 5139
6069 5140
6070 5141
6071 5142
6073 5143
6074 5144
6075 5145
6077 5146
6078 5147
6079 5148
6080 5149
6081 5150
6082 5151
6083 5152
6084 5153
6085 5154
8162 5154
6086 5155
6087 5156
7525 5156
6088 5157
7306 5157
6089 5158
7355 5158
6090 5159
6092 5160
7260 5160
6093 5161
6094 5162
8102 5162
6095 5163
6096 5164
7295 5164
6097 5165
9309 5165
6098 5166
6099 5167
7329 5167
6100 5168
9181 5168
6102 5169
6103 5170
7361 5170
6104 5171
6105 5171
7313 5171
9182 5171
6106 5172
6107 5173
9370 5173
6108 5174
6109 5175
7298 5175
6110 5176
8517 5176
6111 5177
7429 5177
6112 5178
7511 5178
6113 5179
7419 5179
6114 5180
7399 5180
6115 5181
6116 5182
7364 5182
6117 5183
9078 5183
6118 5184
7471 5184
6119 5185
7515 5185
6121 5186
8729 5186
6122 5187
7400 5187
6123 5188
9281 5188
6124 5189
6125 5190
7369 5190
6126 5191
6127 5192
6128 5193
6129 5194
6248 5194
6130 5195
6133 5196
6135 5197
7265 5197
6136 5198
7468 5198
6137 5199
7397 5199
6139 5200
7340 5200
6140 5201
6142 5202
6144 5203
7335 5203
6146 5204
8720 5204
6148 5205
6152 5206
7430 5206
6153 5207
7479 5207
6159 5208
6161 5209
7401 5209
6162 5210
7531 5210
6164 5211
9087 5211
6168 5212
7486 5212
6169 5213
7320 5213
6170 5214
9157 5214
6173 5215
6174 5216
6175 5216
6176 5217
6178 5218
6522 5218
6179 5219
6180 5220
6181 5221
6182 5222
6183 5223
6184 5223
6185 5224
7138 5224
6186 5225
7143 5225
8463 5225
6187 5226
7162 5226
6188 5227
6190 5228
7192 5228
6192 5229
6595 5229
6193 5230
6194 5231
6195 5232
7795 5232
6196 5233
6197 5234
6198 5235
6199 5236
6200 5237
6201 5238
6202 5239
6203 5240
7311 5240
6205 5241
6206 5242
6207 5243
6208 5244
6209 5245
6210 5246
6211 5247
6212 5248
6213 5249
7642 5249
7668 5249
6214 5250
6215 5251
6216 5252
7415 5252
6217 5253
6218 5254
6219 5255
7404 5255
6220 5256
7318 5256
6221 5257
6222 5258
7497 5258
6223 5259
7319 5259
6224 5260
9312 5260
6225 5261
9313 5261
6226 5262
6227 5263
7000 5263
9275 5263
6228 5264
6229 5265
9189 5265
6231 5266
6235 5267
7478 5267
6239 5268
7502 5268
6240 5269
7290 5269
6241 5270
7539 5270
6242 5271
7272 5271
6243 5272
7449 5272
6244 5273
7526 5273
6247 5274
6249 5275
6250 5276
6251 5277
6252 5278
7284 5278
6253 5279
7300 5279
6254 5280
7523 5280
6255 5281
7498 5281
6256 5282
6257 5283
7484 5283
7490 5283
6258 5284
7261 5284
6259 5285
6260 5286
6261 5287
6262 5288
6263 5289
7588 5289
6264 5290
7590 5290
6265 5291
7591 5291
6266 5292
7592 5292
6267 5293
7593 5293
6268 5294
7594 5294
6269 5295
7595 5295
6270 5296
7596 5296
6271 5297
7598 5297
6272 5298
7600 5298
6273 5299
7601 5299
6274 5300
7602 5300
6275 5301
7603 5301
6276 5302
7604 5302
6277 5303
7605 5303
6278 5304
7606 5304
6279 5305
7607 5305
6280 5306
7608 5306
6281 5307
6282 5308
7612 5308
6283 5309
7613 5309
6284 5310
7615 5310
6285 5311
7617 5311
6286 5312
7621 5312
6289 5313
7160 5313
6292 5314
6294 5315
7773 5315
6295 5316
7230 5316
6296 5317
7231 5317
7687 5317
8071 5317
6297 5318
6298 5319
6299 5320
6300 5321
6301 5322
6302 5323
7003 5323
6303 5324
7030 5324
6304 5325
7034 5325
6305 5326
7721 5326
6306 5327
7007 5327
7723 5327
6307 5328
7008 5328
7724 5328
6308 5329
7725 5329
6309 5330
6310 5331
7568 5331
6311 5332
7569 5332
6312 5333
7035 5333
7737 5333
9285 5333
6313 5334
6314 5335
7728 5335
9292 5335
6315 5336
7014 5336
7729 5336
6316 5337
6317 5337
7013 5337
7015 5337
6318 5338
7016 5338
6319 5339
7017 5339
6320 5340
7018 5340
6321 5341
6322 5342
6323 5343
7033 5343
6327 5344
7028 5344
7735 5344
6329 5345
6330 5346
6971 5346
7708 5346
6331 5347
6972 5347
7709 5347
6332 5348
7710 5348
6334 5349
6393 5349
7712 5349
7741 5349
6335 5350
6579 5350
7147 5350
6336 5351
7713 5351
6337 5352
6980 5352
6338 5353
7552 5353
6340 5354
6983 5354
6341 5355
6982 5355
6342 5356
7714 5356
6343 5357
6985 5357
6344 5358
7553 5358
6345 5359
7554 5359
6347 5360
6987 5360
6348 5361
6989 5361
6349 5362
7715 5362
6350 5363
6990 5363
6351 5364
6352 5365
6992 5365
6353 5366
7556 5366
6354 5367
7717 5367
6355 5368
7716 5368
6357 5369
7563 5369
6358 5370
7564 5370
6359 5371
7566 5371
6360 5372
6997 5372
6361 5373
7036 5373
7738 5373
6362 5374
7696 5374
6363 5375
6364 5376
6365 5377
7697 5377
6366 5378
7576 5378
6368 5379
7578 5379
6369 5380
7698 5380
8756 5380
6371 5381
7048 5381
6372 5382
7700 5382
6373 5383
7049 5383
7699 5383
6374 5384
7701 5384
6375 5385
7053 5385
6376 5386
7702 5386
9295 5386
6377 5387
7703 5387
6380 5388
7580 5388
6381 5389
7582 5389
6382 5390
7704 5390
6383 5391
7705 5391
6385 5392
7583 5392
6386 5393
7584 5393
7918 5393
6388 5394
7706 5394
6389 5395
7586 5395
6390 5396
6391 5397
6392 5398
7739 5398
6394 5399
7063 5399
6395 5400
7547 5400
6396 5401
7548 5401
6397 5402
7066 5402
6398 5403
7067 5403
7745 5403
6399 5404
7069 5404
6400 5405
7746 5405
6402 5406
7747 5406
6403 5407
7614 5407
6404 5408
7618 5408
6405 5409
7620 5409
6406 5410
6407 5411
6408 5412
6409 5413
6410 5414
8164 5414
6411 5415
6412 5416
6414 5417
6416 5418
6417 5419
6418 5420
6419 5421
6420 5422
6421 5423
6422 5424
6423 5425
6424 5426
6425 5427
6427 5428
6430 5429
7489 5429
6431 5430
6432 5431
6433 5432
6434 5433
6435 5434
6436 5435
6437 5436
6438 5437
6439 5438
6440 5439
6441 5440
6442 5441
6443 5442
8298 5442
6444 5443
6445 5444
6446 5445
6447 5446
6449 5447
6451 5448
8139 5448
6452 5449
6456 5450
6457 5451
6458 5452
6459 5453
6460 5454
6461 5455
6462 5456
6463 5457
6464 5458
6465 5459
6466 5460
6467 5461
6468 5462
7131 5462
6471 5463
6472 5464
6474 5465
7196 5465
6475 5466
7790 5466
6476 5467
7209 5467
6481 5468
6483 5469
6484 5470
6485 5471
6486 5472
6487 5473
6488 5474
6489 5475
6490 5476
6491 5477
6492 5478
6493 5479
6494 5480
6495 5481
6496 5482
6654 5482
6688 5482
6497 5483
6996 5483
7718 5483
6498 5484
6499 5485
7006 5485
7722 5485
6500 5486
7012 5486
7727 5486
6501 5487
6502 5488
7021 5488
7731 5488
6503 5489
7031 5489
6504 5490
6505 5491
7062 5491
7740 5491
6506 5492
7065 5492
7742 5492
6509 5493
8035 5493
6510 5494
7754 5494
6511 5495
7140 5495
6512 5496
6513 5497
6514 5498
6515 5499
6516 5500
6517 5501
6519 5502
6520 5503
6521 5504
6523 5505
6524 5506
6526 5507
6527 5508
6528 5509
6529 5510
8066 5510
6530 5511
7656 5511
6532 5512
7222 5512
6533 5513
6534 5514
6535 5515
8299 5515
6536 5516
6537 5517
6538 5518
6539 5519
6540 5520
6541 5521
6542 5522
6543 5523
6544 5524
6546 5525
6547 5526
6548 5527
6994 5527
6552 5528
6554 5529
6555 5530
6556 5531
6557 5532
6558 5533
6560 5534
6562 5535
6563 5536
6565 5537
6566 5538
8840 5538
6567 5539
8839 5539
6568 5540
6570 5541
6732 5541
8430 5541
6571 5542
7169 5542
6574 5543
6576 5544
6578 5545
7054 5545
8758 5545
6582 5546
8572 5546
9599 5546
6583 5547
9064 5547
6587 5548
8310 5548
6589 5549
6590 5550
6592 5551
6593 5552
7171 5552
6596 5553
6597 5554
6599 5555
6603 5556
6605 5557
8858 5557
6606 5558
6611 5559
6612 5560
6613 5561
6614 5562
6618 5563
6620 5564
6621 5565
7188 5565
6622 5566
6624 5567
6625 5568
8074 5568
6630 5569
7769 5569
6631 5570
7303 5570
6632 5571
7651 5571
6633 5572
6635 5573
6636 5574
6638 5575
6640 5576
7142 5576
6641 5577
7072 5577
6642 5578
7129 5578
6643 5579
7149 5579
6644 5580
6645 5581
6646 5582
8078 5582
6648 5583
7165 5583
6649 5584
6652 5585
6653 5586
6658 5587
6660 5588
6663 5589
6665 5590
6670 5591
6673 5592
6674 5593
6675 5594
6677 5595
6679 5596
9236 5596
6680 5597
6681 5598
7225 5598
6682 5599
6684 5600
6685 5601
6896 5601
6686 5602
8838 5602
6689 5603
6691 5604
6692 5605
6693 5606
8581 5606
6694 5607
6695 5608
8689 5608
6696 5609
8691 5609
6697 5610
6698 5611
6699 5612
9122 5612
6700 5613
6701 5614
9374 5614
6703 5615
6704 5616
8544 5616
6705 5617
6706 5618
8845 5618
6707 5619
6708 5620
6709 5621
6710 5622
6711 5623
6713 5624
6714 5625
9086 5625
6715 5626
8710 5626
6716 5627
6717 5628
8535 5628
6718 5629
8716 5629
6719 5630
9135 5630
6720 5631
6721 5632
8852 5632
6722 5633
6723 5634
6724 5635
6726 5636
7438 5636
6727 5637
6728 5638
6729 5639
8836 5639
6730 5640
6731 5641
8520 5641
6733 5642
6734 5643
6735 5644
6736 5645
8844 5645
6737 5646
6738 5647
6740 5648
6741 5649
8855 5649
6743 5650
8891 5650
6746 5651
8529 5651
6749 5652
8546 5652
6750 5653
6751 5654
6753 5655
6755 5656
8787 5656
6757 5657
6758 5658
8775 5658
6761 5659
6762 5660
8534 5660
6763 5661
6764 5662
6766 5663
7492 5663
6767 5664
6768 5665
8559 5665
6771 5666
8527 5666
6772 5667
8792 5667
6773 5668
6774 5669
6776 5670
9081 5670
6777 5671
6778 5672
6779 5673
6780 5674
6781 5675
6782 5676
6783 5677
6784 5678
6785 5679
6787 5680
8810 5680
6788 5681
6789 5682
6790 5683
8818 5683
6791 5684
6792 5685
8541 5685
6794 5686
9325 5686
6795 5687
6796 5688
6798 5689
6804 5690
7686 5690
6806 5691
6807 5692
8172 5692
6808 5693
7390 5693
6810 5694
8841 5694
6812 5695
6817 5696
6818 5697
6821 5698
9327 5698
6825 5699
6829 5700
8842 5700
6831 5701
7366 5701
6832 5702
6833 5703
6834 5704
7441 5704
7784 5704
6838 5705
6927 5705
6839 5706
6841 5707
6843 5708
9330 5708
6844 5709
6846 5710
9318 5710
6847 5711
9335 5711
6849 5712
6852 5713
9324 5713
6857 5714
6863 5715
8835 5715
6866 5716
6867 5717
6868 5718
6869 5719
6870 5720
6871 5721
7654 5721
6872 5722
7336 5722
6873 5723
7776 5723
6874 5724
6875 5725
6876 5726
6877 5727
7679 5727
6879 5728
6880 5729
6881 5730
6882 5731
6885 5732
7496 5732
6886 5733
6888 5734
6889 5735
6890 5736
6891 5737
6892 5738
6926 5738
6893 5739
6897 5740
6900 5741
6903 5742
6906 5743
6907 5744
6908 5745
6909 5746
6911 5747
8187 5747
6912 5748
6913 5749
8847 5749
6915 5750
6916 5751
6920 5752
6921 5753
8850 5753
6923 5754
6924 5755
6925 5756
6932 5757
8943 5757
6935 5758
8864 5758
6940 5759
8872 5759
6941 5760
6943 5761
6945 5762
7891 5762
6946 5763
7743 5763
6947 5764
6949 5765
6950 5766
6952 5767
7931 5767
6953 5768
8166 5768
6954 5769
7440 5769
6955 5770
6956 5771
7759 5771
6957 5772
7215 5772
6959 5773
6960 5774
8283 5774
6963 5775
6964 5776
6967 5777
6968 5778
6970 5779
8334 5779
6973 5780
9368 5780
6975 5781
6978 5782
6984 5783
6991 5784
6995 5785
6998 5786
6999 5786
9170 5786
7001 5787
7002 5788
7005 5789
7009 5790
7020 5791
7730 5791
7022 5792
8184 5792
7023 5793
7024 5793
7025 5793
7026 5794
7027 5795
7029 5796
7037 5797
7038 5798
7530 5798
7039 5799
7040 5800
7041 5801
7042 5802
7043 5803
7044 5804
7047 5805
7057 5806
7061 5807
7064 5808
8721 5808
7074 5809
8168 5809
7076 5810
7748 5810
7078 5811
8177 5811
7079 5812
7085 5813
7755 5813
7086 5814
7088 5815
7089 5816
7090 5817
7091 5818
7092 5819
7093 5820
7423 5820
7094 5821
7095 5822
7096 5823
7097 5824
7098 5825
7099 5826
7145 5826
7100 5827
7101 5828
7102 5829
7103 5830
8155 5830
7104 5831
7105 5832
7106 5833
7107 5834
7108 5835
7109 5836
7110 5837
7111 5838
9513 5838
7112 5839
7114 5840
7115 5841
7116 5842
7117 5843
7118 5843
7119 5844
7120 5845
7121 5846
7122 5847
7123 5848
7124 5849
7125 5849
7126 5850
7128 5851
7133 5852
7136 5853
7144 5854
7148 5855
7150 5856
8493 5856
7151 5857
7153 5858
7155 5859
7161 5860
7163 5861
7164 5862
7167 5863
8077 5863
7170 5864
7778 5864
7173 5865
7174 5866
7175 5867
7177 5868
7180 5869
7183 5870
7186 5871
7189 5872
7190 5873
7194 5874
7195 5875
7197 5876
7198 5877
8175 5877
7199 5878
7785 5878
7202 5879
7203 5880
7766 5880
7204 5881
7205 5882
7211 5883
7792 5883
7213 5884
7214 5885
7216 5886
7219 5887
7447 5887
7220 5888
7224 5889
7226 5890
7227 5891
7232 5892
7233 5893
7234 5894
7235 5895
7236 5896
7237 5897
7238 5898
7239 5899
7240 5900
7241 5901
7244 5902
7245 5903
7246 5904
7247 5905
7248 5906
7249 5907
7250 5908
7251 5909
7252 5910
7253 5911
7836 5911
7254 5912
7255 5913
8907 5913
7256 5914
7258 5915
7673 5915
7259 5916
7263 5917
7264 5918
7266 5919
7267 5920
7268 5921
7269 5922
7273 5923
7274 5924
7317 5924
7333 5924
7437 5924
7793 5924
7276 5925
9635 5925
7277 5926
7279 5927
7280 5928
7281 5929
7282 5930
7283 5931
7285 5932
7286 5933
7287 5934
7765 5934
7288 5935
7289 5936
7524 5936
7799 5936
7810 5936
7819 5936
7291 5937
7292 5938
7293 5939
7294 5940
7469 5940
7296 5941
7297 5942
7299 5943
7302 5944
7304 5945
7305 5946
8182 5946
7307 5947
7309 5948
7310 5949
7314 5950
7321 5951
7413 5951
7323 5952
7324 5953
7325 5954
7326 5955
7327 5956
8180 5956
7328 5957
8503 5957
8702 5957
8733 5957
8813 5957
8819 5957
7331 5958
7573 5958
7337 5959
7338 5960
7339 5961
7341 5962
7344 5963
7345 5964
7346 5965
7771 5965
7347 5966
7349 5967
7353 5968
7354 5969
7356 5970
7357 5971
7359 5972
7360 5973
7362 5974
7363 5975
7365 5976
7368 5977
7370 5978
7371 5979
7373 5980
7374 5981
7680 5981
7375 5982
7376 5983
7377 5984
7379 5985
7380 5986
7381 5987
7382 5988
7383 5989
7385 5990
7387 5991
7388 5992
7391 5993
7772 5993
7392 5994
7393 5995
7394 5996
7395 5997
7396 5998
7398 5999
8321 5999
7405 6000
7406 6001
7407 6002
7408 6003
7411 6004
7414 6005
7420 6006
7422 6007
7424 6008
7425 6009
7427 6010
7428 6011
7431 6012
7462 6012
7432 6013
9266 6013
9543 6013
7433 6014
7434 6015
7435 6016
7436 6017
7439 6018
7442 6019
7443 6020
7444 6021
7446 6022
7448 6023
7450 6023
7451 6024
7452 6025
7453 6026
7455 6027
7456 6028
7457 6029
7458 6030
7459 6031
7460 6032
7461 6033
7463 6034
7464 6035
7466 6036
7467 6037
7470 6038
7472 6039
7473 6040
7474 6041
7477 6042
7480 6043
7481 6044
7483 6045
7485 6046
7487 6047
7491 6048
7493 6049
7685 6049
9261 6049
9542 6049
7495 6050
7499 6051
7500 6052
7503 6053
7504 6054
7505 6055
7506 6056
7508 6057
7509 6058
7510 6059
7512 6060
7513 6061
7514 6062
7517 6063
7521 6064
7527 6065
7528 6066
7529 6067
7533 6068
7534 6069
7535 6070
7540 6071
7542 6072
7544 6073
7545 6074
7546 6075
7549 6076
7555 6077
7557 6078
7558 6079
7559 6080
7560 6081
7561 6081
7565 6082
7570 6083
7571 6084
7574 6085
7893 6085
7575 6086
7577 6087
7581 6088
7585 6089
7587 6090
7589 6091
7597 6092
7599 6093
7609 6094
7610 6095
7611 6096
7616 6097
7619 6098
7622 6099
7623 6100
8224 6100
7630 6101
7631 6102
7632 6103
7643 6104
7646 6105
7647 6106
7648 6107
7649 6108
7653 6109
7655 6110
7657 6111
7658 6112
7659 6113
7660 6114
7661 6115
7662 6116
7663 6117
7664 6118
7665 6119
7666 6120
7797 6120
7667 6121
7669 6122
7671 6123
7677 6123
7674 6124
7675 6125
7678 6126
7681 6127
7682 6128
7683 6129
7684 6130
7688 6131
7689 6132
7690 6133
7691 6134
7692 6135
7693 6136
7694 6137
7695 6138
7707 6139
7750 6139
7711 6140
7719 6141
7720 6142
7726 6143
7732 6144
7736 6145
7744 6146
7749 6147
8170 6147
7751 6148
7752 6149
7753 6150
7760 6151
7761 6152
7762 6153
7764 6154
7770 6155
7774 6156
7775 6157
7777 6158
7779 6159
7780 6160
7781 6161
7782 6162
7783 6163
7787 6164
7788 6165
7789 6166
7791 6167
7794 6168
7796 6169
7798 6170
7800 6171
7801 6171
7802 6172
7803 6173
7804 6174
7805 6175
7806 6176
7807 6177
7808 6178
7809 6179
7811 6180
7812 6181
7813 6182
7814 6183
7815 6184
7816 6185
7817 6186
7818 6187
7820 6188
7821 6189
7822 6190
7823 6191
7824 6192
7825 6193
7826 6194
7827 6195
7828 6196
9956 6196
7830 6197
7831 6198
8796 6198
7832 6199
7833 6200
7834 6201
7835 6202
7837 6203
7838 6204
7839 6205
7840 6206
7841 6207
8773 6207
8790 6207
7842 6208
7843 6209
7844 6209
7845 6210
7846 6211
7847 6212
7848 6213
7849 6214
7850 6215
7852 6216
7853 6217
7854 6218
8097 6218
7860 6219
7861 6220
7864 6221
7865 6222
7867 6223
7868 6224
7875 6225
7876 6226
8179 6226
7878 6227
7881 6228
7882 6229
7884 6230
7885 6231
7886 6232
7887 6233
7888 6234
7889 6235
7895 6236
7900 6237
7901 6238
7902 6239
7903 6240
7904 6241
7905 6242
7906 6243
7907 6244
7910 6245
7912 6246
7913 6247
7914 6248
7915 6249
8167 6249
7916 6250
7917 6251
7919 6252
7920 6253
7921 6254
7925 6255
8178 6255
7929 6256
7933 6257
8174 6257
7938 6258
7939 6259
7944 6260
7945 6261
8129 6261
7948 6262
7950 6263
8133 6263
7952 6264
7959 6265
7960 6266
7961 6267
7962 6268
7968 6269
7973 6270
7974 6270
7976 6271
7977 6272
7978 6273
7979 6274
7981 6275
7983 6276
7985 6277
7987 6278
8000 6279
8001 6280
8003 6281
8004 6281
8006 6282
8007 6283
8008 6284
8142 6284
8009 6285
8010 6286
8012 6287
8013 6287
8015 6288
8024 6289
8026 6290
8027 6291
8028 6291
8032 6292
8034 6292
8033 6293
8036 6294
8037 6295
8251 6295
8038 6296
8039 6297
8040 6298
8041 6299
8047 6300
8048 6301
8049 6302
8050 6303
8052 6304
8053 6305
8054 6306
8055 6307
8056 6308
8057 6309
8058 6310
8059 6311
9226 6311
8060 6312
8061 6312
8062 6312
8063 6313
8064 6314
8065 6315
8067 6316
8068 6317
8069 6318
8070 6319
8072 6320
8073 6321
8075 6322
8076 6323
8080 6324
8085 6325
8086 6326
8087 6327
8088 6328
8089 6329
8091 6330
8093 6331
8096 6332
8098 6333
9271 6333
8099 6334
8100 6335
8101 6336
8103 6337
8104 6338
8105 6339
8106 6340
8107 6341
8108 6342
9190 6342
8109 6343
8111 6344
8113 6345
8114 6346
8115 6347
8116 6347
8118 6348
8769 6348
8120 6349
8124 6350
9165 6350
8125 6351
8127 6352
8130 6353
8131 6354
8134 6355
8136 6356
8137 6357
8141 6358
8143 6359
8144 6360
8147 6361
8149 6362
8950 6362
8153 6363
8156 6364
8157 6365
8159 6366
8160 6367
8165 6368
8183 6369
8185 6370
8189 6371
8190 6372
8191 6373
8192 6374
8193 6375
8194 6376
8195 6377
8196 6378
8197 6379
8198 6380
8199 6381
8203 6382
8206 6383
8207 6384
8211 6385
8213 6386
8214 6387
8220 6388
8221 6389
8222 6390
8225 6391
8227 6392
8228 6393
8229 6394
8230 6395
8231 6396
8346 6396
8232 6397
8233 6398
8235 6398
8234 6399
8236 6400
8237 6401
8238 6402
8239 6403
8240 6404
8241 6405
8242 6406
8243 6407
8244 6408
8245 6408
8246 6408
8247 6408
8248 6408
8249 6408
8250 6408
8252 6409
8253 6410
8255 6411
8256 6412
8257 6413
8258 6414
8350 6414
8259 6415
8353 6415
8260 6416
8261 6417
8265 6418
9518 6418
8266 6419
8267 6420
8268 6421
8269 6421
8270 6421
8273 6422
8275 6423
8276 6424
8277 6425
8278 6426
8279 6427
8280 6428
8281 6429
8282 6430
8284 6431
8285 6432
8286 6433
8287 6434
8288 6435
8289 6436
8330 6436
8290 6437
8291 6438
8292 6439
8293 6440
8294 6441
8295 6442
8296 6443
8297 6444
8300 6445
8301 6446
8302 6447
8303 6448
8304 6449
8305 6450
8306 6451
8307 6452
8308 6452
8309 6453
8311 6454
8313 6455
8314 6456
8315 6457
8316 6458
8317 6459
8318 6460
8972 6460
9019 6460
8319 6461
8320 6462
8322 6463
8323 6464
8324 6465
8325 6466
8326 6467
8327 6468
8328 6469
8438 6469
8329 6470
8331 6471
8332 6472
8333 6473
9262 6473
8335 6474
8336 6475
8337 6476
9097 6476
8339 6477
8340 6478
8341 6479
8342 6480
8343 6481
8344 6482
8345 6483
8347 6484
8348 6485
8349 6486
8351 6487
8352 6488
8354 6489
8355 6490
8356 6491
8358 6491
8357 6492
8359 6493
8360 6494
8361 6495
8362 6496
8363 6497
8365 6498
8367 6499
8369 6500
8371 6501
8372 6502
8373 6503
8374 6504
8375 6505
8376 6506
8377 6507
8378 6508
8379 6509
8380 6510
8381 6511
8382 6512
8383 6513
8384 6514
8385 6515
8386 6516
8387 6517
8388 6518
8390 6519
8391 6520
8569 6520
8392 6521
8393 6522
8394 6523
8395 6524
8396 6525
8397 6526
8398 6527
8399 6528
8402 6529
8403 6530
8405 6531
8406 6532
8407 6533
8409 6534
8410 6535
8762 6535
9521 6535
8411 6536
8412 6537
8413 6538
8414 6539
8415 6540
8416 6541
8417 6542
8418 6543
8419 6544
8420 6545
8421 6546
8422 6546
8423 6547
8424 6548
8495 6548
8426 6549
8427 6550
8428 6551
8429 6552
8431 6553
8432 6554
8436 6554
8433 6555
8434 6556
8435 6557
8437 6558
8439 6559
8448 6559
8440 6560
8441 6561
9247 6561
8442 6562
8443 6563
8444 6564
8445 6565
8446 6566
8447 6567
8449 6568
8450 6569
8451 6570
8452 6571
8453 6572
8455 6573
8456 6574
8457 6575
8459 6576
8460 6577
8461 6578
8462 6579
8464 6580
8465 6581
8466 6582
8468 6583
8469 6584
8470 6585
8471 6586
8472 6587
8473 6588
8474 6589
8476 6590
8477 6591
8478 6592
8480 6593
9088 6593
8481 6594
8482 6595
8483 6596
8484 6597
8485 6598
8486 6599
8487 6600
8488 6601
8489 6602
8490 6603
8491 6604
8492 6605
8496 6606
8497 6607
8498 6608
8499 6609
8673 6609
8500 6610
8501 6611
8502 6612
8504 6613
8505 6614
8506 6615
8507 6616
8508 6617
8509 6618
8513 6619
8514 6620
8516 6621
8518 6622
8519 6623
8521 6624
8786 6624
8522 6625
8523 6626
8524 6627
8803 6627
8525 6628
8530 6629
8531 6630
8738 6630
8536 6631
8537 6632
8538 6633
8543 6634
8545 6635
8550 6636
8551 6637
8552 6638
8553 6639
8555 6640
8556 6641
8557 6642
8560 6643
8561 6644
8562 6645
8563 6646
8564 6647
8565 6648
8566 6649
8567 6650
8568 6651
8699 6651
8570 6652
9244 6652
8571 6653
8573 6654
8574 6655
8575 6656
9114 6656
9123 6656
8576 6657
8577 6658
8578 6659
8580 6660
8582 6661
9068 6661
8583 6662
8585 6663
8586 6664
8587 6665
8588 6666
8589 6667
8590 6668
8591 6669
8627 6669
8592 6670
8593 6671
8594 6672
8595 6673
8596 6674
8597 6675
8598 6676
8599 6677
8600 6678
8601 6679
8602 6680
8603 6681
8604 6682
8605 6683
8606 6684
8607 6685
8608 6686
8609 6687
8610 6688
8611 6689
8612 6690
8613 6691
8614 6692
8615 6693
8616 6694
8617 6695
8618 6696
8619 6697
8620 6698
8621 6699
8622 6700
9413 6700
8623 6701
8624 6702
8625 6703
8626 6704
8628 6705
8629 6706
8630 6707
8631 6708
8632 6709
8633 6710
8634 6711
8635 6712
8636 6713
8637 6714
8638 6715
8639 6716
8640 6717
8641 6718
8642 6719
8643 6720
8644 6720
8645 6720
8646 6721
8647 6722
8648 6723
8649 6724
8650 6725
8651 6726
8666 6726
8652 6727
8653 6728
8654 6729
8655 6730
8656 6731
8657 6732
8658 6733
8659 6734
8660 6735
8661 6736
8662 6737
8663 6738
8664 6739
8665 6739
8667 6740
8668 6741
8669 6741
8670 6741
8671 6741
8672 6741
8674 6742
8675 6743
8676 6744
8677 6745
8678 6746
8679 6747
8680 6748
8681 6749
8682 6750
8683 6751
8684 6752
8685 6753
8686 6754
8687 6755
8688 6756
8690 6757
8692 6758
8693 6759
8694 6760
8695 6761
8696 6762
8697 6763
8698 6764
8700 6765
8707 6765
8715 6765
8804 6765
8701 6766
8703 6767
8704 6768
8705 6769
8706 6770
8708 6771
8711 6772
8712 6773
8713 6774
8714 6775
8717 6776
8718 6777
8719 6778
8722 6779
8723 6780
8724 6781
8725 6782
8727 6783
8728 6784
8730 6785
8731 6786
8732 6787
8734 6788
8806 6788
8736 6789
8737 6790
8739 6791
8741 6792
8744 6792
8742 6793
8743 6794
8788 6794
8745 6795
8747 6796
8750 6797
8752 6798
8753 6799
8754 6800
8755 6801
8757 6802
8759 6803
8761 6804
8763 6805
8764 6806
8766 6807
8767 6808
8768 6809
8770 6810
8771 6811
8772 6812
8774 6813
8776 6814
8778 6815
8779 6816
8781 6817
8782 6818
8783 6819
8784 6820
8785 6821
8789 6822
8791 6823
8793 6824
8794 6825
8795 6826
8797 6827
8798 6828
8799 6829
8800 6830
8802 6831
9176 6831
8805 6832
8807 6833
8808 6834
8809 6835
8812 6836
8814 6837
8815 6838
8816 6839
8817 6840
8820 6841
8821 6842
8822 6843
8824 6844
8825 6845
8826 6846
8827 6847
8828 6848
8829 6849
8830 6850
8831 6851
8832 6852
8833 6853
8834 6854
8837 6855
9270 6855
8843 6856
8846 6857
8856 6858
8857 6859
8859 6860
8863 6861
8870 6862
8875 6863
8876 6864
8877 6865
8878 6866
8881 6867
8882 6868
8883 6869
8884 6870
8885 6871
8886 6872
8887 6872
8957 6872
8888 6873
8890 6874
8892 6875
8893 6876
8894 6877
8895 6878
8896 6879
8897 6880
8898 6881
8899 6882
8900 6883
8901 6884
8902 6885
8903 6886
8904 6887
8905 6888
8906 6889
8908 6890
9051 6890
9052 6890
8909 6891
8910 6892
8911 6893
8912 6894
8913 6895
8914 6896
8915 6897
8918 6898
8919 6899
8921 6900
8922 6901
8923 6902
8924 6903
8925 6904
8926 6905
8927 6906
8928 6907
8931 6908
8932 6909
8933 6910
8934 6911
8935 6912
8936 6913
8939 6914
8942 6915
8944 6916
8945 6917
8948 6918
8949 6919
8951 6920
8952 6921
8953 6922
8954 6923
8955 6924
8956 6925
8958 6926
8959 6927
8960 6928
8961 6929
8962 6930
8963 6931
8964 6932
8965 6933
8966 6934
8967 6935
8968 6936
8969 6937
8970 6938
8971 6939
8973 6940
8974 6941
9031 6941
8975 6942
8976 6943
8977 6944
8978 6945
8979 6946
8980 6947
8981 6948
8982 6949
8983 6950
8984 6951
8985 6952
9229 6952
8986 6953
8987 6954
8988 6955
8989 6956
8990 6957
8991 6958
8992 6959
8993 6960
8994 6961
8995 6962
8996 6963
8997 6964
8998 6965
8999 6966
9000 6967
9001 6968
9002 6969
9003 6970
9004 6971
9005 6972
9006 6973
9007 6974
9008 6975
9009 6976
9010 6977
9011 6978
9012 6979
9013 6980
9014 6981
9015 6981
9016 6982
9017 6983
9018 6984
9020 6985
9021 6986
9022 6987
9023 6988
9024 6989
9025 6990
9026 6991
9027 6992
9028 6993
9029 6994
9030 6995
9032 6996
9033 6997
9034 6997
9035 6998
9036 6999
9037 7000
9038 7001
9039 7002
9040 7003
9041 7004
9042 7005
9043 7006
9044 7007
9045 7008
9046 7009
9047 7010
9048 7011
9049 7012
9050 7013
9053 7014
9054 7015
9055 7016
9056 7017
9057 7018
9058 7019
9059 7020
9060 7021
9061 7022
9062 7023
9063 7024
9065 7025
9066 7026
9069 7027
9070 7028
9071 7029
9072 7030
9073 7031
9074 7032
9076 7033
9080 7034
9083 7035
9089 7036
9090 7037
9092 7038
9093 7039
9094 7040
9096 7041
9098 7042
9099 7043
9100 7044
9101 7045
9102 7046
9103 7047
9104 7048
9105 7049
9106 7050
9107 7051
9108 7052
9109 7053
9110 7054
9111 7055
9112 7056
9113 7057
9115 7058
9116 7059
9148 7059
9117 7060
9118 7061
9119 7062
9120 7063
9121 7064
9124 7065
9125 7066
9127 7067
9128 7068
9129 7069
9130 7070
9131 7071
9132 7072
9134 7073
9136 7074
9139 7075
9154 7075
9140 7076
9141 7077
9142 7078
9145 7079
9147 7080
9149 7081
9227 7081
9150 7082
9152 7083
9332 7083
9153 7084
9156 7085
9158 7086
9159 7087
9163 7088
9164 7089
9251 7089
9167 7090
9168 7091
9178 7091
9169 7092
9171 7093
9172 7094
9174 7095
9177 7096
9179 7097
9183 7098
9187 7099
9192 7100
9193 7101
9255 7101
9194 7102
9195 7103
9196 7104
9198 7105
9199 7106
9200 7107
9201 7108
9202 7109
9203 7110
9204 7111
9205 7112
9207 7113
9208 7114
9210 7115
9211 7116
9212 7117
9213 7118
9215 7119
9216 7120
9217 7121
9218 7122
9219 7123
9220 7124
9221 7125
9223 7126
9224 7127
9225 7128
9228 7129
9230 7130
9231 7131
9232 7132
9233 7133
9234 7134
9235 7135
9237 7136
9238 7137
9240 7138
9241 7139
9242 7140
9243 7141
9245 7142
9246 7143
9248 7144
9249 7145
9250 7146
9253 7147
9254 7148
9256 7149
9257 7150
9258 7151
9259 7152
9260 7153
9263 7154
9264 7155
9265 7156
9272 7157
9274 7158
9277 7159
9279 7160
9282 7161
9284 7162
9289 7163
9290 7164
9291 7165
9298 7166
9299 7167
9300 7168
9301 7169
9302 7170
9303 7171
9304 7172
9305 7173
9306 7174
9307 7175
9308 7176
9310 7177
9314 7178
9320 7179
9322 7180
9326 7181
9331 7182
9333 7183
9334 7184
9337 7185
9339 7186
9340 7187
9341 7188
9342 7189
9343 7190
9344 7191
9345 7192
9346 7193
9348 7194
9349 7195
9351 7196
9352 7197
9353 7198
9354 7199
9355 7200
9356 7201
9357 7202
9359 7203
9360 7204
9361 7205
9362 7206
9363 7207
9365 7208
9366 7209
9367 7210
9369 7211
9371 7212
9373 7213
9375 7214
9376 7215
9377 7216
9378 7217
9381 7218
9382 7218
9389 7218
9383 7219
9384 7220
9387 7221
9388 7222
9390 7223
9391 7224
9394 7225
9395 7226
9396 7227
9397 7228
9398 7229
9399 7230
9400 7231
9401 7232
9402 7233
9403 7234
9404 7235
9405 7236
9406 7237
9407 7238
9408 7239
9409 7240
9410 7241
9411 7242
9412 7243
9414 7244
9415 7245
9416 7246
9417 7247
9418 7248
9419 7249
9420 7250
9421 7251
9422 7252
9423 7253
9424 7254
9425 7255
9426 7256
9427 7257
9428 7258
9429 7259
9430 7259
9431 7260
9432 7261
9433 7262
9434 7263
9435 7264
9438 7265
9439 7266
9440 7267
9441 7268
9442 7269
9443 7270
9445 7271
9446 7272
9447 7273
9448 7274
9449 7275
9450 7276
9451 7277
9452 7278
9453 7279
9454 7279
9455 7279
9456 7279
9457 7280
9458 7281
9459 7282
9460 7283
9461 7284
9462 7285
9463 7286
9464 7287
9465 7288
9466 7289
9467 7290
9468 7291
9469 7292
9470 7293
9471 7294
9472 7295
9473 7296
9474 7297
9478 7297
9475 7298
9476 7299
9477 7300
9479 7301
9480 7302
9482 7303
9483 7304
9484 7305
9485 7306
9489 7306
9490 7306
9486 7307
9487 7308
9495 7308
9497 7308
9498 7308
9488 7309
9491 7310
9492 7311
9493 7312
9494 7313
9496 7314
9500 7315
9501 7316
9502 7317
9504 7318
9624 7318
9505 7319
9509 7320
9510 7321
9511 7322
9512 7323
9515 7324
9516 7325
9517 7326
9522 7327
9523 7328
9524 7329
9525 7330
9527 7331
9528 7332
9529 7333
9530 7334
9531 7335
9532 7335
9534 7335
9535 7335
9536 7335
9537 7335
9539 7336
9544 7337
9545 7338
9547 7339
9548 7340
9549 7341
9570 7341
9550 7342
9551 7343
9552 7344
9554 7345
9555 7346
9556 7347
9558 7348
9561 7349
9562 7350
9563 7351
9564 7352
9565 7353
9566 7354
9567 7355
9568 7356
9575 7356
9579 7356
9611 7356
9631 7356
9643 7356
9668 7356
9676 7356
9569 7357
9571 7358
9572 7359
9573 7360
9574 7361
9576 7362
9577 7363
9578 7364
9581 7365
9582 7366
9743 7366
9583 7367
9584 7368
9585 7369
9586 7370
9587 7371
9588 7372
9589 7373
9590 7374
9591 7375
9592 7376
9593 7377
9594 7378
9595 7379
9596 7380
9597 7381
9598 7382
9600 7383
9601 7384
9602 7385
9603 7385
9604 7386
9605 7387
9606 7388
9607 7388
9608 7389
9609 7390
9610 7391
9612 7392
9613 7393
9614 7394
9615 7395
9616 7396
9617 7397
9618 7398
9619 7399
9620 7400
9621 7401
9622 7402
9623 7403
9625 7404
9626 7405
9627 7406
9628 7407
9629 7408
9630 7409
9634 7410
9636 7411
9637 7412
9639 7413
9640 7414
9641 7415
9642 7416
9644 7417
9645 7418
9646 7418
9647 7419
9648 7419
9649 7420
9650 7421
9651 7422
9652 7423
9653 7424
9654 7425
9655 7426
9656 7427
9657 7428
9658 7429
9659 7430
9660 7431
9661 7432
9662 7433
9663 7434
9664 7435
9665 7436
9666 7437
9667 7438
9669 7439
9670 7440
9671 7441
9673 7441
9672 7442
9674 7443
9675 7444
9677 7445
9678 7446
9679 7447
9680 7448
9681 7449
9682 7450
9683 7451
9684 7452
9685 7453
9686 7454
9687 7455
9688 7456
9689 7457
9690 7458
9691 7459
9692 7460
9693 7461
9694 7462
9695 7463
9696 7464
9697 7465
9698 7466
9699 7467
9700 7468
9701 7469
9702 7470
9703 7471
9704 7472
9705 7473
9706 7474
9707 7475
9708 7476
9709 7477
9710 7478
9711 7479
9712 7480
9713 7481
9750 7481
9762 7481
9851 7481
9877 7481
9714 7482
9715 7483
9716 7484
9717 7485
9718 7486
9719 7487
9720 7488
9721 7489
9722 7490
9723 7491
9724 7492
9725 7493
9726 7494
9727 7495
9728 7496
9729 7497
9730 7498
9731 7499
9732 7500
9733 7501
9734 7502
9735 7503
9736 7504
9737 7505
9738 7506
9739 7507
9740 7508
9741 7509
9742 7510
9744 7511
9745 7512
9746 7513
9748 7514
9749 7515
9751 7516
9752 7517
9753 7518
9754 7519
9755 7520
9756 7521
9757 7522
9758 7523
9759 7524
9760 7525
9761 7526
9763 7527
9764 7528
9765 7529
9766 7530
9767 7531
9768 7532
9769 7533
9770 7534
9771 7535
9772 7536
9773 7537
9774 7538
9775 7539
9776 7540
9777 7541
9778 7542
9779 7543
9780 7544
9781 7545
9782 7546
9783 7547
9784 7548
9785 7549
9786 7550
9787 7551
9788 7552
9789 7553
9790 7554
9791 7555
9792 7556
9793 7557
9794 7558
9795 7559
9796 7560
9797 7561
9798 7562
9799 7563
9800 7564
9801 7565
9802 7566
9803 7567
9804 7568
9805 7569
9806 7570
9807 7571
9808 7572
9809 7573
9810 7574
9811 7575
9812 7576
9813 7577
9814 7578
9815 7579
9816 7580
9817 7581
9818 7582
9819 7583
9820 7584
9821 7585
9822 7586
9823 7587
9824 7588
9825 7589
9826 7590
9827 7591
9828 7592
9829 7593
9830 7594
9831 7595
9832 7596
9833 7597
9834 7598
9835 7599
9836 7600
9837 7601
9838 7602
9840 7603
9841 7604
9843 7605
9844 7606
9845 7607
9846 7608
9847 7609
9848 7610
9849 7611
9850 7612
9852 7613
9853 7614
9854 7615
9855 7616
9865 7616
9857 7617
9858 7618
9859 7619
9860 7620
9861 7621
9862 7622
9863 7623
9864 7624
9866 7625
9867 7626
9868 7627
9869 7628
9870 7629
9871 7630
9872 7631
9873 7632
9874 7633
9875 7634
9876 7635
9878 7636
9879 7637
9880 7638
9881 7639
9882 7640
9883 7641
9884 7642
9885 7643
9886 7644
9887 7645
9888 7646
9889 7647
9890 7648
9891 7649
9892 7650
9893 7651
9894 7652
9895 7653
9896 7654
9897 7655
9898 7656
9899 7657
9900 7658
9901 7659
9902 7660
9903 7661
9904 7662
9905 7663
9906 7664
9907 7665
9908 7666
9909 7667
9910 7668
9911 7669
9912 7670
9913 7671
9914 7672
9915 7673
9916 7674
9917 7675
9918 7676
9919 7677
9920 7678
9921 7679
9922 7680
9923 7681
9924 7682
9925 7683
9926 7684
9927 7685
9928 7686
9929 7687
9930 7688
9931 7689
9932 7690
9933 7691
9934 7692
9935 7693
9936 7694
9937 7695
9938 7696
9939 7697
9940 7698
9969 7725
9941 7699
9942 7700
9943 7701
9944 7702
9945 7703
9946 7704
9947 7705
9948 7706
9949 7707
9950 7708
9951 7709
9952 7710
9953 7711
9954 7712
9955 7713
9957 7714
9958 7715
9959 7716
9960 7717
9961 7718
9962 7719
9963 7720
9964 7721
9965 7722
9966 7723
9967 7724
9968 7725
9970 7726
9971 7727
9972 7728
9973 7729
9974 7730
9975 7731
9976 7732
9977 7733
9978 7734
9979 7735
9980 7736
9981 7737
9982 7738
9983 7739
9984 7740
9985 7741
9986 7742
9988 7743
9990 7744
9992 7745
9993 7746
9995 7747
9996 7748
