0 0
1 1
2 1
5 1
8 1
460 1
3 2
4 2
6 2
7 2
9 3
10 4
11 5
12 6
13 6
14 6
15 6
16 7
17 8
18 9
19 10
20 11
21 12
22 13
23 14
24 15
25 15
26 15
27 16
430 16
28 17
495 17
29 18
30 19
742 19
31 20
32 21
33 22
3500 22
34 23
35 24
36 25
37 26
38 27
39 28
752 28
5164 28
7275 28
40 29
904 29
41 30
288 30
42 31
936 31
43 32
44 33
45 34
46 35
422 35
47 36
48 37
782 37
49 38
815 38
50 39
924 39
51 40
52 41
681 41
53 42
54 43
55 44
657 44
56 45
4106 45
57 46
188 46
58 47
59 48
60 49
61 50
62 51
647 51
63 52
916 52
64 53
1185 53
65 54
66 55
67 56
68 57
69 58
70 59
71 60
1613 60
72 61
73 62
655 62
801 62
74 63
802 63
75 64
3837 64
76 65
77 66
78 67
1528 67
4447 67
4951 67
79 68
80 69
81 70
82 71
83 72
3858 72
84 73
85 74
86 75
87 76
798 76
88 77
89 78
90 79
91 80
92 81
93 82
94 83
95 84
339 84
4459 84
6745 84
96 85
97 86
764 86
98 87
5491 87
7672 87
99 88
100 89
675 89
772 89
1855 89
4821 89
101 90
102 91
103 92
104 93
105 94
106 95
107 96
108 97
109 98
110 99
111 100
7538 100
112 101
113 102
114 103
115 104
116 105
117 106
127 106
118 107
119 108
120 109
121 110
122 111
123 112
124 113
3789 113
4733 113
125 114
126 115
128 116
129 117
4818 117
130 118
692 118
131 119
132 120
133 121
134 122
135 123
136 124
137 125
138 126
139 127
851 127
3610 127
5148 127
6428 127
140 128
141 129
142 130
9839 130
143 131
144 132
145 133
146 134
147 135
148 136
149 137
1215 137
150 138
151 139
152 140
153 141
154 142
155 143
156 144
157 145
158 146
159 147
160 148
161 149
162 150
163 151
164 152
165 153
166 154
167 155
168 156
169 157
1379 157
170 158
171 159
172 160
173 161
174 162
175 163
176 164
177 165
178 166
179 167
180 168
181 169
182 170
925 170
183 171
4307 171
184 172
185 173
4621 173
186 174
187 175
189 176
190 177
191 178
192 179
294 179
193 180
194 181
195 182
196 183
4466 183
4875 183
7537 183
9444 183
197 184
198 185
7257 185
199 186
200 187
4769 187
201 188
202 189
203 190
271 190
863 190
204 191
205 192
206 193
207 194
208 195
209 196
325 196
210 197
211 198
212 199
213 200
214 201
215 202
216 203
217 204
9091 204
218 205
219 206
220 207
221 208
222 209
223 210
446 210
224 211
225 212
226 213
227 214
4768 214
228 215
229 216
4565 216
8226 216
230 217
231 218
232 219
233 220
234 221
235 222
236 223
237 224
789 224
238 225
239 226
240 227
241 228
242 229
243 230
244 231
245 232
4338 232
246 233
448 233
247 234
3348 234
248 235
249 236
250 237
251 238
252 239
253 240
254 241
4356 241
255 242
256 243
269 243
257 244
258 245
259 246
915 246
260 247
4370 247
261 248
262 249
263 250
264 251
265 252
3805 252
266 253
267 254
330 254
670 254
268 255
270 256
272 257
273 258
336 258
805 258
274 259
3826 259
5146 259
275 260
3430 260
276 261
277 262
278 263
279 264
280 265
281 266
282 267
283 268
284 269
285 270
286 271
651 271
287 272
2933 272
289 273
290 274
291 275
292 276
293 277
416 277
7315 277
7934 277
295 278
296 279
297 280
298 281
715 281
299 282
300 283
6204 283
301 284
302 285
303 286
304 287
305 288
306 289
307 290
308 291
309 292
310 293
311 294
312 295
313 296
4754 296
8011 296
314 297
315 298
316 299
317 300
592 300
4609 300
4610 300
318 301
319 302
320 303
321 304
322 305
323 306
7207 306
324 307
3869 307
5156 307
326 308
327 309
328 310
329 311
331 312
332 313
333 314
334 315
5241 315
7993 315
335 316
850 316
867 316
337 317
338 318
340 319
341 320
342 321
343 322
6683 322
344 323
589 323
345 324
346 325
705 325
347 326
348 327
349 328
350 329
351 330
3110 330
352 331
353 332
354 333
355 334
356 335
357 336
358 337
359 338
360 339
361 340
362 341
363 342
364 343
365 344
366 345
367 346
368 347
369 348
370 349
371 350
372 351
373 352
550 352
374 353
375 354
376 355
377 356
378 357
458 357
379 358
380 359
381 360
382 361
383 362
384 363
7270 363
385 364
386 365
387 366
388 367
389 368
390 369
391 370
459 370
462 370
540 370
548 370
842 370
392 371
393 372
3155 372
394 373
395 374
396 375
397 376
398 377
399 378
400 379
535 379
3418 379
3419 379
3420 379
5923 379
401 380
402 381
4301 381
403 382
404 383
5090 383
405 384
406 385
407 386
408 387
409 388
410 389
411 390
412 391
413 392
414 393
415 394
417 395
418 396
419 397
420 398
421 399
423 400
4306 400
424 401
425 402
426 403
427 404
428 405
429 406
431 407
432 408
2166 408
433 409
434 410
750 410
435 411
436 412
437 413
438 414
9392 414
439 415
587 415
440 416
441 417
4305 417
442 418
443 419
444 420
445 421
447 422
449 423
450 424
451 425
452 426
453 427
454 428
3946 428
455 429
456 430
457 431
461 432
785 432
463 433
464 434
465 435
466 436
467 437
468 438
469 439
470 440
471 441
472 442
473 443
824 443
474 444
475 445
590 445
476 446
477 447
756 447
478 448
3865 448
479 449
480 450
481 451
482 452
483 453
484 454
485 455
486 456
3170 456
487 457
488 458
2935 458
489 459
490 460
491 461
492 462
493 463
494 464
496 465
497 466
498 467
499 468
500 469
2725 469
501 470
502 471
503 472
504 473
505 474
506 475
507 476
508 477
1623 477
509 478
510 479
511 480
512 481
513 482
514 483
515 484
516 485
517 486
518 487
519 488
520 489
521 490
522 491
523 492
524 493
525 494
526 495
527 496
528 497
529 498
530 499
531 500
532 501
533 502
534 503
536 504
537 505
538 506
539 507
541 508
542 509
543 510
3445 510
5612 510
544 511
545 512
546 513
547 514
549 515
4616 515
551 516
552 517
2163 517
3899 517
553 518
3339 518
554 519
3857 519
555 520
4318 520
556 521
557 522
558 523
559 524
2939 524
560 525
5150 525
561 526
562 527
563 528
564 529
565 530
566 531
567 532
568 533
569 534
570 535
571 536
572 537
573 538
574 539
575 540
576 541
5250 541
7087 541
8823 541
577 542
578 543
579 544
580 545
581 546
582 547
9137 547
583 548
584 549
585 550
586 551
588 552
591 553
4893 553
593 554
594 555
595 556
596 557
716 557
758 557
873 557
597 558
598 559
599 560
826 560
600 561
3303 561
601 562
3807 562
602 563
603 564
604 565
605 566
606 567
4766 567
607 568
608 569
841 569
609 570
610 571
754 571
611 572
612 573
613 574
614 575
615 576
616 577
617 578
618 579
619 580
620 581
621 582
622 583
623 584
624 585
625 586
626 587
627 588
628 589
629 590
2895 590
630 591
631 592
632 593
633 594
634 595
635 596
636 597
637 598
4844 598
638 599
639 600
640 601
641 602
642 603
643 604
644 605
645 606
646 607
648 608
3112 608
649 609
650 610
761 610
652 611
653 612
654 613
4740 613
656 614
658 615
659 616
660 617
661 618
662 619
663 620
664 621
665 622
666 623
3780 623
667 624
668 625
669 626
671 627
672 628
673 629
674 630
676 631
677 632
678 633
679 634
680 635
682 636
683 637
684 638
685 639
686 640
687 641
688 642
852 642
689 643
5617 643
8584 643
690 644
691 645
693 646
694 647
9252 647
695 648
6448 648
696 649
697 650
698 651
699 652
700 653
701 654
702 655
3388 655
703 656
704 657
706 658
707 659
708 660
709 661
710 662
711 663
712 664
713 665
714 666
3852 666
717 667
718 668
2934 668
719 669
720 670
721 671
722 672
723 673
724 674
3357 674
725 675
726 676
727 677
728 678
729 679
730 680
3835 680
731 681
732 682
733 683
734 684
735 685
3823 685
736 686
737 687
738 688
739 689
740 690
741 691
743 692
744 693
745 694
746 695
747 696
748 697
749 698
751 699
4586 699
753 700
755 701
757 702
759 703
760 704
762 705
763 706
765 707
3169 707
4767 707
766 708
767 709
768 710
769 711
2431 711
770 712
771 713
773 714
774 715
775 716
776 717
777 718
778 719
779 720
780 721
781 722
783 723
784 724
786 725
787 726
788 727
790 728
791 729
792 730
3874 730
793 731
794 732
795 733
846 733
796 734
797 735
799 736
800 737
6189 737
803 738
804 739
806 740
807 741
808 742
809 743
810 744
7308 744
811 745
812 746
813 747
814 748
816 749
822 749
817 750
818 751
819 752
820 753
821 754
2844 754
823 755
825 756
827 757
828 758
829 759
830 760
831 761
832 762
833 763
834 764
835 765
836 766
837 767
838 768
839 769
840 770
843 771
5962 771
844 772
5815 772
845 773
847 774
848 775
849 776
853 777
854 778
855 779
856 780
857 781
858 782
888 782
859 783
860 784
861 785
5035 785
5228 785
862 786
864 787
865 788
866 789
868 790
869 791
4760 791
870 792
871 793
872 794
874 795
875 796
876 797
877 798
878 799
879 800
880 801
901 801
881 802
882 803
883 804
884 805
885 806
886 807
887 808
1244 808
889 809
890 810
891 811
892 812
893 813
894 814
895 815
896 816
897 817
898 818
899 819
900 820
902 821
4313 821
903 822
905 823
906 824
907 825
908 826
909 827
910 828
911 829
6748 829
912 830
913 831
914 832
3167 832
917 833
918 834
919 835
920 836
921 837
922 838
923 839
926 840
927 841
5623 841
7210 841
928 842
929 843
930 844
931 845
932 846
933 847
934 848
935 849
937 850
938 851
939 852
940 853
1492 853
941 854
942 855
943 856
944 857
5512 857
945 858
946 859
947 860
948 861
2328 861
2761 861
949 862
950 863
951 864
952 865
953 866
7963 866
7964 866
8081 866
8082 866
954 867
1347 867
2214 867
5700 867
955 868
1386 868
1562 868
2842 868
956 869
1230 869
957 870
958 871
959 872
960 873
2507 873
961 874
962 875
2059 875
963 876
964 877
965 878
966 879
967 880
968 881
1813 881
969 882
970 883
971 884
972 885
973 886
974 887
975 888
976 889
5531 889
977 890
1324 890
978 891
979 892
980 893
3760 893
981 894
982 895
983 896
984 897
6507 897
8152 897
985 898
986 899
8777 899
987 900
988 901
989 902
990 903
991 904
1709 904
2112 904
2817 904
992 905
4759 905
993 906
994 907
995 908
996 909
997 910
998 911
999 912
1000 913
1001 914
1002 915
1003 916
1311 916
1004 917
1005 918
1006 919
1007 920
1008 921
1009 922
1010 923
1011 924
1012 925
1013 926
1014 927
1929 927
1015 928
1016 929
3934 929
1017 930
1018 931
1019 932
1020 933
5567 933
6561 933
1021 934
1022 935
1023 936
1024 937
1025 938
1026 939
1027 940
1028 941
1029 942
1030 943
1031 944
1032 945
3779 945
1033 946
1034 947
1035 948
1036 949
1037 950
2365 950
1038 951
1039 952
1040 953
1041 954
1042 955
1043 956
1044 957
8709 957
1045 958
7386 958
1046 959
1047 960
1048 961
1049 962
1050 963
1051 964
1052 965
1053 966
2325 966
1054 967
5492 967
1055 968
2720 968
1056 969
1057 970
1058 971
1059 972
1060 973
1061 974
1352 974
1062 975
2763 975
1063 976
1064 977
1065 978
2424 978
2435 978
1066 979
7465 979
1067 980
1068 981
1069 982
1070 983
1071 984
1072 985
4820 985
1073 986
3042 986
1074 987
1883 987
1075 988
1223 988
1631 988
4679 988
1076 989
1729 989
1077 990
1078 991
1079 992
1080 993
2097 993
1081 994
1082 995
1083 996
1084 997
1085 998
1086 999
1087 1000
1088 1001
2359 1001
1089 1002
1090 1003
1091 1004
1092 1005
1093 1006
1094 1007
1095 1008
1096 1009
1097 1010
1098 1011
1099 1012
1100 1013
1101 1014
1102 1015
1103 1016
1104 1017
1105 1018
1106 1019
1107 1020
1108 1021
2693 1021
1109 1022
1110 1023
1111 1024
1112 1025
1113 1026
1114 1027
1115 1028
1116 1029
1117 1030
1118 1031
1609 1031
1119 1032
1120 1033
2973 1033
1121 1034
1122 1035
1529 1035
1123 1036
2041 1036
1124 1037
1125 1038
2470 1038
1126 1039
1127 1040
1128 1041
1129 1042
5961 1042
1130 1043
1131 1044
1132 1045
1320 1045
1133 1046
1134 1047
1135 1048
8848 1048
1136 1049
2976 1049
1137 1050
1138 1051
2658 1051
1139 1052
1140 1053
2080 1053
1141 1054
1142 1055
1143 1056
1144 1057
1145 1058
1472 1058
2459 1058
1146 1059
1147 1060
1148 1061
1587 1061
2529 1061
5773 1061
1149 1062
1150 1063
1151 1064
1152 1065
1153 1066
1154 1067
1155 1068
1156 1069
1913 1069
2208 1069
2755 1069
1157 1070
1158 1071
1159 1072
1160 1073
1903 1073
2386 1073
2648 1073
1161 1074
1162 1075
1841 1075
1163 1076
2502 1076
1164 1077
1165 1078
1166 1079
1167 1080
1168 1081
1435 1081
5537 1081
1169 1082
1170 1083
1171 1084
1172 1085
1173 1086
1174 1087
1914 1087
1175 1088
2347 1088
1176 1089
1415 1089
1177 1090
1950 1090
1178 1091
1179 1092
1180 1093
2709 1093
1181 1094
1182 1095
2086 1095
1183 1096
1184 1097
1186 1098
1187 1099
1188 1100
1189 1101
1190 1102
1191 1103
8533 1103
1192 1104
1193 1105
1194 1106
2073 1106
1195 1107
1196 1108
1197 1109
1198 1110
1199 1111
1200 1112
1201 1113
1454 1113
1202 1114
1203 1115
1204 1116
1205 1117
1206 1118
1207 1119
1208 1120
1209 1121
1210 1122
1211 1123
1212 1124
1213 1125
1214 1126
1216 1127
1217 1128
1218 1129
1219 1130
1220 1131
2433 1131
1221 1132
1222 1133
1224 1134
1225 1135
1226 1136
1227 1137
2060 1137
2374 1137
1228 1138
1229 1139
1231 1140
2114 1140
1232 1141
1233 1142
1420 1142
1234 1143
1235 1144
2087 1144
1236 1145
1237 1146
1238 1147
1239 1148
5543 1148
1240 1149
1241 1150
1242 1151
1243 1152
1245 1153
1246 1154
1712 1154
1247 1155
1248 1156
1249 1157
1250 1158
2381 1158
1251 1159
1252 1160
2782 1160
1253 1161
1254 1162
4757 1162
5615 1162
9499 1162
1255 1163
5536 1163
1256 1164
2076 1164
1257 1165
1258 1166
1259 1167
1260 1168
1261 1169
1262 1170
1373 1170
1263 1171
1264 1172
1265 1173
1266 1174
1267 1175
1268 1176
1269 1177
1270 1178
2591 1178
1271 1179
1272 1180
1273 1181
1274 1182
1275 1183
2025 1183
2557 1183
1276 1184
5493 1184
1277 1185
1278 1186
1279 1187
2203 1187
1280 1188
1281 1189
1282 1190
1283 1191
1284 1192
1285 1193
2202 1193
1286 1194
5530 1194
1287 1195
1288 1196
1289 1197
1290 1198
1291 1199
1292 1200
1293 1201
1294 1202
1295 1203
1790 1203
1296 1204
1297 1205
1298 1206
1299 1207
1300 1208
1301 1209
1302 1210
1303 1211
1304 1212
1305 1213
1321 1213
1306 1214
1307 1215
1308 1216
1309 1217
1310 1218
1312 1219
1313 1220
1314 1221
1315 1222
1316 1223
1317 1224
1318 1225
1319 1226
1322 1227
1323 1228
1325 1229
1326 1230
1327 1231
1328 1232
1329 1233
1330 1234
1331 1235
1332 1236
1333 1237
1334 1238
1335 1239
1336 1240
6076 1240
1337 1241
1338 1242
5830 1242
1339 1243
1340 1244
1341 1245
2478 1245
3044 1245
1342 1246
1343 1247
5254 1247
9503 1247
1344 1248
1345 1249
1346 1250
1348 1251
1667 1251
5824 1251
1349 1252
1350 1253
1351 1254
1353 1255
1354 1256
1355 1257
1715 1257
1356 1258
1661 1258
1357 1259
1358 1260
1359 1261
2142 1261
2647 1261
1360 1262
3777 1262
1361 1263
1362 1264
2750 1264
1363 1265
1364 1266
1365 1267
1366 1268
1367 1269
1368 1270
1369 1271
1370 1272
2181 1272
1371 1273
2189 1273
2818 1273
1372 1274
1374 1275
1540 1275
1375 1276
1376 1277
1377 1278
1378 1279
1380 1280
1381 1281
1382 1282
1383 1283
1695 1283
1384 1284
1385 1285
1387 1286
1388 1287
2493 1287
2575 1287
1389 1288
1390 1289
2678 1289
1391 1290
1392 1291
6775 1291
1393 1292
1394 1293
1395 1294
1396 1295
1397 1296
1398 1297
1399 1298
2542 1298
1400 1299
2032 1299
1401 1300
1402 1301
5538 1301
1403 1302
1404 1303
1405 1304
1943 1304
1406 1305
1407 1306
1408 1307
2199 1307
2612 1307
1409 1308
1410 1309
1411 1310
1412 1311
1413 1312
1414 1313
1416 1314
1417 1315
1882 1315
2437 1315
1418 1316
4762 1316
1419 1317
1421 1318
1422 1319
1423 1320
1424 1321
1425 1322
1426 1323
1427 1324
1464 1324
1500 1324
2343 1324
5544 1324
5545 1324
5720 1324
5851 1324
1428 1325
1429 1326
1430 1327
1431 1328
3801 1328
7966 1328
1432 1329
1433 1330
1434 1331
1436 1332
1437 1333
2292 1333
1438 1334
1439 1335
1440 1336
1441 1337
4302 1337
8200 1337
1442 1338
1443 1339
1444 1340
1445 1341
4343 1341
1446 1342
1447 1343
1448 1344
2289 1344
1449 1345
1450 1346
1451 1347
1452 1348
1453 1349
5995 1349
1455 1350
7633 1350
1456 1351
1523 1351
2445 1351
5719 1351
1457 1352
1458 1353
1459 1354
1460 1355
1461 1356
1462 1357
4852 1357
1463 1358
1465 1359
1466 1360
1467 1361
1468 1362
1469 1363
1470 1364
1471 1365
7756 1365
1473 1366
1474 1367
1475 1368
1476 1369
1477 1370
1478 1371
1479 1372
1480 1373
1481 1374
1482 1375
1483 1376
1484 1377
1485 1378
4942 1378
5958 1378
1486 1379
1487 1380
1488 1381
1489 1382
1490 1383
1491 1384
1493 1385
1494 1386
1495 1387
2497 1387
6237 1387
6238 1387
7351 1387
1496 1388
1689 1388
1497 1389
1498 1390
6236 1390
7507 1390
1499 1391
1501 1392
1502 1393
1783 1393
3887 1393
9580 1393
9632 1393
9633 1393
9638 1393
1503 1394
1766 1394
3626 1394
1504 1395
1505 1396
1506 1397
1507 1398
1508 1399
1509 1400
1510 1401
1511 1402
1512 1403
4997 1403
1513 1404
1514 1405
1515 1406
1516 1407
1517 1408
4758 1408
1518 1409
3699 1409
1519 1410
1520 1411
1521 1412
1522 1413
2724 1413
1524 1414
1525 1415
1526 1416
1527 1417
1910 1417
1530 1418
1531 1419
1532 1420
1533 1421
1534 1422
1535 1423
1536 1424
1537 1425
1538 1426
1539 1427
1541 1428
1542 1429
1543 1430
3875 1430
5145 1430
9338 1430
1544 1431
2409 1431
1545 1432
4940 1432
1546 1433
1547 1434
1548 1435
1549 1436
1550 1437
1551 1438
1552 1439
1553 1440
1554 1441
1555 1442
1556 1443
1557 1444
1558 1445
1559 1446
6233 1446
7416 1446
1560 1447
1561 1448
1563 1449
1564 1450
1565 1451
1566 1452
2061 1452
1567 1453
1568 1454
1569 1455
1570 1456
1571 1457
1572 1458
1573 1459
1574 1460
1575 1461
1576 1462
3954 1462
1577 1463
1578 1464
1579 1465
1580 1466
1581 1467
1582 1468
5084 1468
1583 1469
1584 1470
1585 1471
1586 1472
1635 1472
2043 1472
3819 1472
3820 1472
1588 1473
1589 1474
1590 1475
1591 1476
8338 1476
1592 1477
1593 1478
1594 1479
1595 1480
1596 1481
1597 1482
1598 1483
1599 1484
1600 1485
1601 1486
1602 1487
3676 1487
6234 1487
7417 1487
1603 1488
1604 1489
1605 1490
1606 1491
3692 1491
1607 1492
1608 1493
1610 1494
2282 1494
2563 1494
1611 1495
4863 1495
1612 1496
1614 1497
1615 1498
1616 1499
1617 1500
1618 1501
1619 1501
1620 1502
1621 1503
1622 1504
1624 1505
1625 1506
1626 1507
1627 1508
1628 1509
1629 1510
1646 1510
1687 1510
2303 1510
2699 1510
1630 1511
1632 1512
4396 1512
1633 1513
1756 1513
1634 1514
1636 1515
1637 1516
1638 1517
4772 1517
1639 1518
1640 1519
2314 1519
1641 1520
2315 1520
2779 1520
1642 1521
1643 1522
1644 1523
1645 1524
1647 1525
1648 1526
1931 1526
1649 1527
1650 1528
1651 1529
1652 1530
1653 1531
1654 1532
1655 1533
1656 1534
1657 1535
2017 1535
1658 1536
1659 1537
1660 1538
1662 1539
1663 1540
1664 1541
1665 1542
1666 1543
1668 1544
1880 1544
2515 1544
2747 1544
1669 1545
1670 1546
1671 1547
1672 1548
4771 1548
1673 1549
1674 1550
1675 1551
1676 1552
1677 1553
1678 1554
1679 1555
1680 1556
1681 1557
1682 1558
5525 1558
1683 1559
1684 1560
1685 1561
1686 1562
5599 1562
1688 1563
1690 1564
1691 1565
1692 1566
1693 1567
1694 1568
1696 1569
1697 1570
1698 1571
1699 1572
1700 1573
1701 1574
1702 1575
1703 1576
1704 1577
1705 1578
1706 1579
3463 1579
1707 1580
1708 1581
1710 1582
2802 1582
1711 1583
5278 1583
1713 1584
1714 1585
1716 1586
1717 1587
1718 1588
1975 1588
1719 1589
2799 1589
1720 1590
1721 1591
4727 1591
9559 1591
1722 1592
1723 1593
1724 1594
1725 1595
1726 1596
1727 1597
1728 1598
1730 1599
1731 1600
1732 1601
1733 1602
3031 1602
1734 1603
1735 1604
1736 1605
3871 1605
1737 1606
1738 1607
1739 1608
1740 1609
1741 1610
1742 1611
2484 1611
2569 1611
1743 1612
1744 1613
1745 1614
1746 1615
1747 1616
1748 1617
1749 1618
1750 1619
1751 1620
3876 1620
5113 1620
1752 1621
1753 1622
1754 1623
1755 1624
1757 1625
1758 1626
1759 1627
1760 1628
1761 1629
1762 1630
1763 1631
1830 1631
5540 1631
1764 1632
1765 1633
1767 1634
1768 1635
1769 1636
1770 1637
1771 1638
1772 1639
1773 1640
1774 1641
1775 1642
1776 1643
1971 1643
2397 1643
1777 1644
1778 1645
1779 1646
1780 1647
1781 1648
1782 1649
1784 1650
1911 1650
2037 1650
1785 1651
1786 1652
1787 1653
1788 1654
1789 1655
1791 1656
1792 1657
2197 1657
1793 1658
1794 1659
1795 1660
1796 1661
1797 1662
1798 1663
1799 1664
1981 1664
1800 1665
1801 1666
1802 1667
1803 1668
1804 1669
1805 1670
1806 1671
1807 1672
1808 1673
1809 1674
9842 1674
1810 1675
1811 1676
1812 1677
1814 1678
1815 1679
4224 1679
1816 1680
1817 1681
1818 1682
5534 1682
1819 1683
1820 1684
1821 1685
1822 1686
1823 1687
1824 1688
1825 1689
1826 1690
1827 1691
2453 1691
1828 1692
1829 1693
5291 1693
1831 1694
1832 1695
1833 1696
1834 1697
1835 1698
1836 1699
1837 1700
1838 1701
1839 1702
1840 1703
1842 1704
1843 1705
3958 1705
1844 1706
2392 1706
6245 1706
6246 1706
7421 1706
7445 1706
1845 1707
1846 1708
1847 1709
1848 1710
1849 1711
1850 1712
1851 1713
5732 1713
1852 1714
1853 1715
1854 1716
1856 1717
1857 1718
1858 1719
1859 1720
1860 1721
1861 1722
2744 1722
1862 1723
2985 1723
1863 1724
1864 1725
1865 1726
1866 1727
1867 1728
1868 1729
1869 1730
1870 1731
6328 1731
9856 1731
1871 1732
1872 1733
1873 1734
1874 1735
1932 1735
2102 1735
6324 1735
1875 1736
1876 1737
1877 1738
1878 1739
1879 1740
1881 1741
1884 1742
4934 1742
1885 1743
1886 1744
1887 1745
1888 1746
1889 1747
1890 1748
1891 1749
1892 1750
1893 1751
1894 1752
1895 1753
1896 1754
1897 1755
1898 1756
1899 1757
1900 1758
1901 1759
1902 1760
1904 1761
3873 1761
5070 1761
1905 1762
8092 1762
1906 1763
1976 1763
1907 1764
1908 1765
1909 1766
1912 1767
1915 1768
1916 1769
1917 1770
1918 1771
1919 1772
1920 1773
1921 1774
1922 1775
1923 1776
1924 1777
1925 1778
1926 1779
1927 1780
1928 1781
1930 1782
1933 1783
1934 1784
1935 1785
1936 1786
1937 1787
2291 1787
3147 1787
1938 1788
1939 1789
1940 1790
1941 1791
5523 1791
1942 1792
1944 1793
1945 1794
1946 1795
1947 1796
1948 1797
1949 1798
1951 1799
9747 1799
1952 1800
1953 1801
1954 1802
2764 1802
1955 1803
1956 1804
1957 1805
1958 1806
1959 1807
1960 1808
9133 1808
1961 1809
1962 1810
1963 1811
1964 1812
1965 1813
1966 1814
1967 1815
1968 1816
1969 1817
1970 1818
1972 1819
1973 1820
1974 1821
1977 1822
1978 1823
1979 1824
1980 1825
4717 1825
1982 1826
2455 1826
1983 1827
1984 1828
1985 1829
1986 1830
4439 1830
5317 1830
5624 1830
7081 1830
1987 1831
9315 1831
1988 1832
1989 1833
1990 1834
1991 1835
1992 1836
1993 1837
1994 1838
1995 1839
1996 1840
2336 1840
1997 1841
1998 1842
1999 1843
2000 1844
2001 1845
2002 1846
2003 1847
2004 1848
2005 1849
2006 1850
2616 1850
2695 1850
2007 1851
4938 1851
2008 1852
2009 1853
2010 1854
2011 1855
2012 1856
2013 1857
2014 1858
2015 1859
2016 1860
3956 1860
2018 1861
2019 1862
2020 1863
2070 1863
2021 1864
2022 1865
2171 1865
2023 1866
2024 1867
2974 1867
4234 1867
2026 1868
2027 1869
2028 1870
5446 1870
2029 1871
2030 1872
2031 1873
2033 1874
2034 1875
2035 1876
2036 1877
2038 1878
2039 1879
2040 1880
2042 1881
2044 1882
2045 1883
2046 1884
2047 1885
2048 1886
2049 1887
2050 1888
2051 1889
2052 1890
2053 1891
4400 1891
2054 1892
2055 1893
2056 1894
5494 1894
2057 1895
2058 1896
2062 1897
2063 1898
2064 1899
2065 1900
2066 1901
2067 1902
2068 1903
2069 1904
2071 1905
2072 1906
2215 1906
2074 1907
7348 1907
7519 1907
2075 1908
2077 1909
2078 1910
2079 1911
2081 1912
2082 1913
2083 1914
2084 1915
2085 1916
2088 1917
2089 1918
2090 1919
8467 1919
2091 1920
2092 1921
2093 1922
2094 1923
4547 1923
2095 1924
2096 1925
2098 1926
3106 1926
3817 1926
7984 1926
8362 1926
2099 1927
2100 1928
2290 1928
2101 1929
2103 1930
2104 1931
2105 1932
2106 1933
2107 1934
2317 1934
2108 1935
2109 1936
2110 1937
2111 1938
2113 1939
2115 1940
2116 1941
2117 1942
2118 1943
2119 1944
2120 1945
2121 1946
2122 1947
2123 1948
2124 1949
2125 1950
2126 1951
2127 1952
2128 1953
2129 1954
3802 1954
8084 1954
2130 1955
2131 1956
2132 1957
2358 1957
2133 1958
2134 1959
2135 1960
2136 1961
2137 1962
2138 1963
2139 1964
2140 1965
2141 1966
2143 1967
2144 1968
2145 1969
2146 1970
2737 1970
2147 1971
2148 1972
2149 1973
2150 1974
2151 1975
2152 1976
2489 1976
2153 1977
2154 1978
2155 1979
2156 1980
2157 1981
2158 1982
2159 1983
2160 1984
2161 1985
2162 1986
2164 1987
2165 1988
2167 1989
2168 1990
2169 1991
2170 1992
2172 1993
2173 1994
2174 1995
2175 1996
2176 1997
2177 1998
2178 1999
2179 2000
2180 2001
2182 2002
2183 2003
2184 2004
2185 2005
2219 2005
2186 2006
2187 2007
5772 2007
2188 2008
2338 2008
2190 2009
2191 2010
2192 2011
2193 2012
2194 2013
2195 2014
2196 2015
2198 2016
2337 2016
2200 2017
2681 2017
2201 2018
5226 2018
2204 2019
5171 2019
2205 2020
2206 2021
2207 2022
2209 2023
2210 2024
2211 2025
2212 2026
2213 2027
2216 2028
2217 2029
2218 2030
2220 2031
2221 2032
2222 2033
5533 2033
2223 2034
2224 2035
2225 2036
2480 2036
2226 2037
2227 2038
3961 2038
5332 2038
2228 2039
2229 2040
2230 2041
2231 2042
2232 2043
2233 2044
2234 2045
5496 2045
2235 2046
2236 2047
2237 2048
2238 2049
2239 2050
2240 2051
2241 2052
2242 2053
2243 2054
2244 2055
2245 2056
2246 2057
2247 2058
2248 2059
2249 2060
2250 2061
2251 2062
2252 2063
2253 2064
2254 2065
2255 2066
2321 2066
2256 2067
2605 2067
2257 2068
3847 2068
2258 2069
2259 2070
2260 2071
2261 2072
2262 2073
2263 2074
2264 2075
2265 2076
2266 2077
4680 2077
2267 2078
2268 2079
3878 2079
5213 2079
5269 2079
7625 2079
2269 2080
2270 2081
2271 2082
2272 2083
2273 2084
2274 2085
2361 2085
2275 2086
2276 2087
2277 2088
2278 2089
2279 2090
2280 2091
2281 2092
2283 2093
3756 2093
2284 2094
2285 2095
2286 2096
2287 2097
2288 2098
2293 2099
2294 2100
2295 2101
2296 2102
3468 2102
2297 2103
2298 2104
2299 2105
2300 2106
8475 2106
2301 2107
2302 2108
2304 2109
8368 2109
2305 2110
2306 2111
2307 2112
2308 2113
2309 2114
2310 2115
2311 2116
2312 2117
2313 2118
2316 2119
2318 2120
2319 2121
2320 2122
2322 2123
2323 2124
2324 2125
2326 2126
2327 2127
2329 2128
2330 2129
8186 2129
2331 2130
2332 2131
2333 2132
2334 2133
2335 2134
2339 2135
2340 2136
2341 2137
2342 2138
2344 2139
2345 2140
2346 2141
2348 2142
2349 2143
2350 2144
2351 2145
2547 2145
2352 2146
2353 2147
3829 2147
2354 2148
2355 2149
2356 2150
2357 2151
4735 2151
2360 2152
2362 2153
2363 2154
2364 2155
2366 2156
2367 2157
2368 2158
2369 2159
2370 2160
2371 2161
2372 2162
2373 2163
2375 2164
3957 2164
4941 2164
2376 2165
2377 2166
2378 2167
2379 2168
2380 2169
2382 2170
2383 2171
2384 2172
2385 2173
2387 2174
2388 2175
2389 2176
2390 2177
2391 2178
2393 2179
2394 2180
2395 2181
2396 2182
2398 2183
2399 2184
2400 2185
2401 2186
2402 2187
2403 2188
2404 2189
2405 2190
7532 2190
2406 2191
2407 2192
2408 2193
5598 2193
2410 2194
2411 2195
2412 2196
2413 2197
2414 2198
2415 2199
2416 2200
2417 2201
2418 2202
2966 2202
2419 2203
2420 2204
2421 2205
2422 2206
2423 2207
2425 2208
2426 2209
2427 2210
2428 2211
2429 2212
2430 2213
2432 2214
2434 2215
2436 2216
2438 2217
2439 2218
2440 2219
2441 2220
2442 2221
2443 2222
2444 2223
9126 2223
2446 2224
2447 2225
2448 2226
2449 2227
2450 2228
2451 2229
3955 2229
4939 2229
2452 2230
5845 2230
2454 2231
2456 2232
2457 2233
2458 2234
2460 2235
2461 2236
2462 2237
2463 2238
2464 2239
2465 2240
2466 2241
2467 2242
2886 2242
5614 2242
2468 2243
2469 2244
2471 2245
2472 2246
5696 2246
2473 2247
2474 2248
2475 2249
2476 2250
2477 2251
2479 2252
2481 2253
2482 2254
2483 2255
2500 2255
2485 2256
2486 2257
2487 2258
2488 2259
2490 2260
2491 2261
2492 2262
2494 2263
2495 2264
2496 2265
2498 2266
2499 2267
2501 2268
2503 2269
2504 2270
2505 2271
2506 2272
2508 2273
2509 2274
2510 2275
2511 2276
2512 2277
2513 2278
2514 2279
2516 2280
2517 2281
6232 2281
7278 2281
2518 2282
2519 2283
2520 2284
2521 2285
2522 2286
2523 2287
9143 2287
2524 2288
2525 2289
2526 2290
2527 2291
2528 2292
2530 2293
3825 2293
2531 2294
2532 2295
2533 2296
2534 2297
2535 2298
2536 2299
2537 2300
2538 2301
2539 2302
8526 2302
2540 2303
2541 2304
2543 2305
2544 2306
2545 2307
2546 2308
2548 2309
2549 2310
2550 2311
2551 2312
2552 2313
2553 2314
2554 2315
2555 2316
2556 2317
2558 2318
2559 2319
2560 2320
3959 2320
2561 2321
2562 2322
2564 2323
2565 2324
2566 2325
2567 2326
2568 2327
2570 2328
2571 2329
2572 2330
2573 2331
2574 2332
2576 2333
2577 2334
2578 2335
2579 2336
9239 2336
2580 2337
2581 2338
2582 2339
2583 2340
2584 2341
8017 2341
2585 2342
2586 2343
3016 2343
5825 2343
2587 2344
2588 2345
2589 2346
2590 2347
2592 2348
2593 2349
4708 2349
5695 2349
8188 2349
2594 2350
2595 2351
2596 2352
5105 2352
5229 2352
2597 2353
2598 2354
2599 2355
2600 2356
2601 2357
2602 2358
2603 2359
2604 2360
2606 2361
2607 2362
2608 2363
2609 2364
2610 2365
2611 2366
2613 2367
3960 2367
2614 2368
2615 2369
2617 2370
2618 2371
2619 2372
2620 2373
2621 2374
2622 2375
2623 2376
7080 2376
2624 2377
2727 2377
2625 2378
2626 2379
2627 2380
2628 2381
2629 2382
6230 2382
2630 2383
2631 2384
2632 2385
2633 2386
2634 2387
2635 2388
2636 2389
2637 2390
2638 2391
3678 2391
2639 2392
2640 2393
2641 2394
3185 2394
4227 2394
2642 2395
2643 2396
2644 2397
2645 2398
2646 2399
2649 2400
2650 2401
2651 2402
2652 2403
2653 2404
2654 2405
2655 2406
2656 2407
2657 2408
9269 2408
2659 2409
2660 2410
2661 2411
2662 2412
2806 2412
2663 2413
2664 2414
2665 2415
2666 2416
2667 2417
2668 2418
2669 2419
2670 2420
2858 2420
2671 2421
2672 2422
2673 2423
2674 2424
2675 2425
2676 2426
2677 2427
2679 2428
2680 2429
2682 2430
2683 2431
2684 2432
2685 2433
2686 2434
2687 2435
2688 2436
2689 2437
2690 2438
2691 2439
2692 2440
2694 2441
4770 2441
2696 2442
2697 2443
2698 2444
2700 2445
2701 2446
2702 2447
2703 2448
2704 2449
2705 2450
2833 2450
2706 2451
2707 2452
2708 2453
2710 2454
2711 2455
2712 2456
2713 2457
2714 2458
2715 2459
2716 2460
2717 2461
2718 2462
2719 2463
2721 2464
2722 2465
5022 2465
2723 2466
2726 2467
2728 2468
2729 2469
2730 2470
2731 2471
2732 2472
2733 2473
2734 2474
2735 2475
2736 2476
2738 2477
2739 2478
2740 2479
2741 2480
2742 2481
2830 2481
2743 2482
2745 2483
2746 2484
2748 2485
2749 2486
2751 2487
2752 2488
2753 2489
2754 2490
2756 2491
2757 2492
2758 2493
5513 2493
2759 2494
3877 2494
2760 2495
8760 2495
2762 2496
2765 2497
2766 2498
2767 2499
2957 2499
2768 2500
2769 2501
2770 2502
2771 2503
2772 2504
2773 2505
2774 2506
2775 2507
2776 2508
2777 2509
2778 2510
2780 2511
2781 2512
2783 2513
2784 2514
2785 2515
3309 2515
2786 2516
2787 2517
2788 2518
2789 2519
2790 2520
2791 2521
2792 2522
2793 2523
2794 2524
2795 2525
2796 2526
2797 2527
2798 2528
2800 2529
2801 2530
2803 2531
2804 2532
5596 2532
2805 2533
5714 2533
2807 2534
2808 2535
2809 2536
3183 2536
2810 2537
2811 2538
2812 2539
2813 2540
2814 2541
2815 2542
2816 2543
2819 2544
2820 2545
2821 2546
2822 2547
2823 2548
2824 2549
2825 2550
2826 2551
2827 2552
2828 2553
2829 2554
2831 2555
2832 2556
2834 2557
2835 2558
2836 2559
5541 2559
2837 2560
2838 2561
2839 2562
2840 2563
2841 2564
2843 2565
2845 2566
2846 2567
2847 2568
2848 2569
2849 2570
2850 2571
2851 2572
2852 2573
2853 2574
2854 2575
2855 2576
2856 2577
2857 2578
2859 2579
2860 2580
2861 2581
2862 2582
2863 2583
7996 2583
2864 2584
3693 2584
2865 2585
4734 2585
2866 2586
2867 2587
3118 2587
4745 2587
2868 2588
2869 2589
4724 2589
2870 2590
2871 2591
2872 2592
2873 2593
2972 2593
3017 2593
2874 2594
2875 2595
4626 2595
7550 2595
2876 2596
5263 2596
8264 2596
2877 2597
2878 2598
2879 2599
2880 2600
4747 2600
8364 2600
2881 2601
2882 2602
2883 2603
2884 2604
4923 2604
2885 2605
8005 2605
2887 2606
2888 2607
2889 2608
2994 2608
3040 2608
2890 2609
2891 2610
2892 2611
2893 2612
2894 2613
8126 2613
9557 2613
2896 2614
2897 2615
8208 2615
2898 2616
2899 2617
5078 2617
2900 2618
2901 2619
2902 2620
2903 2621
4155 2621
5191 2621
2904 2622
2905 2623
2906 2624
2907 2625
2908 2626
2909 2627
2910 2628
2911 2629
3133 2629
2912 2630
3048 2630
2913 2631
2914 2632
2915 2633
2916 2634
2917 2635
2918 2636
2919 2637
2920 2638
2921 2639
3859 2639
2922 2640
2923 2641
2924 2642
2925 2643
2926 2644
2927 2645
2928 2646
2929 2646
3654 2646
2930 2647
7937 2647
2931 2648
4729 2648
2932 2649
2936 2650
4935 2650
2937 2651
4936 2651
2938 2652
4937 2652
2940 2653
5331 2653
7476 2653
2941 2654
2942 2655
2943 2656
3456 2656
2944 2657
2945 2658
2946 2659
2947 2660
4943 2660
7757 2660
2948 2661
2949 2662
2952 2662
3053 2662
2950 2663
2951 2664
2953 2665
2954 2666
2955 2667
2956 2668
2958 2669
2959 2670
3055 2670
2960 2671
3479 2671
4588 2671
2961 2672
2962 2673
2963 2674
2964 2675
2965 2676
2967 2677
2968 2678
2969 2679
2970 2679
7967 2679
2971 2680
5182 2680
2975 2681
2977 2682
8479 2682
2978 2683
2979 2684
7970 2684
2980 2685
2981 2686
2982 2687
4723 2687
2983 2688
7941 2688
2984 2689
7943 2689
2986 2690
7942 2690
2987 2691
2988 2692
2989 2693
5133 2693
8205 2693
2990 2694
2991 2695
2992 2696
3685 2696
2993 2697
2995 2698
7982 2698
2996 2699
2997 2700
2998 2701
2999 2702
3000 2703
3001 2704
3002 2705
3003 2706
3004 2707
3005 2708
3006 2709
3007 2710
3008 2711
3009 2712
5091 2712
3010 2713
3011 2714
3012 2715
8132 2715
3013 2716
3014 2717
3015 2718
3018 2719
5163 2719
3019 2720
3020 2721
3021 2722
3022 2723
3023 2724
3024 2725
3025 2726
3026 2727
3027 2728
3028 2729
3029 2730
3030 2731
3032 2732
3033 2733
3067 2733
3034 2734
3035 2735
3036 2736
3037 2737
3038 2738
3039 2739
3041 2740
3043 2741
3045 2742
3046 2743
3047 2744
3049 2745
3050 2745
3051 2746
3052 2747
3054 2748
3056 2749
3057 2749
3058 2750
3059 2751
3060 2752
3061 2753
3062 2754
3063 2755
3064 2756
3065 2757
3066 2758
3068 2759
3069 2760
3070 2761
5224 2761
3071 2762
3072 2763
3073 2764
3074 2765
3075 2766
3076 2767
3077 2768
7946 2768
7947 2768
3078 2769
3079 2770
3080 2771
9541 2771
3081 2772
3082 2773
3083 2773
3084 2773
3085 2774
5142 2774
3086 2775
7954 2775
3087 2776
3088 2777
3089 2778
3090 2779
3091 2780
3092 2781
9526 2781
3093 2782
3094 2783
5165 2783
3095 2784
7965 2784
3096 2785
3097 2786
3098 2787
3099 2788
5141 2788
3100 2789
5232 2789
3101 2790
4738 2790
3102 2791
3103 2792
3104 2793
7980 2793
3105 2794
4741 2794
3107 2795
4113 2795
8274 2795
3108 2796
3109 2797
3111 2798
3611 2798
3113 2799
3114 2800
7988 2800
3115 2801
8095 2801
3116 2802
3117 2803
4744 2803
3119 2804
5255 2804
3120 2805
3840 2805
3121 2806
3122 2807
3123 2808
3124 2808
3125 2808
3844 2808
3126 2809
3127 2810
3128 2811
3129 2812
3850 2812
3130 2813
3131 2814
3132 2815
8018 2815
3134 2816
8209 2816
3135 2817
3136 2818
8145 2818
3137 2819
3138 2820
3139 2821
3140 2822
3141 2822
3142 2822
3853 2822
6712 2822
8021 2822
8148 2822
3143 2823
4761 2823
3144 2824
9553 2824
3145 2825
3146 2826
3148 2827
3149 2828
3150 2829
3151 2830
3152 2831
3153 2832
3154 2833
3156 2834
3157 2835
3158 2836
3159 2837
3160 2838
3161 2839
3162 2840
3163 2841
3164 2842
3165 2843
3166 2844
3168 2845
3171 2846
3172 2847
3173 2847
3174 2848
7342 2848
3175 2849
5124 2849
3176 2850
4946 2850
3177 2851
3178 2852
3179 2853
4947 2853
3180 2854
5336 2854
3181 2855
5341 2855
3182 2856
4566 2856
3184 2857
4229 2857
6429 2857
3186 2858
3187 2859
3188 2860
3189 2861
3190 2861
3191 2862
3192 2863
5646 2863
3193 2864
3194 2864
3195 2865
3196 2865
3197 2865
3200 2865
3198 2866
3199 2866
3202 2866
3203 2866
3201 2867
3204 2868
3205 2869
3206 2870
5669 2870
3207 2871
3208 2872
3209 2873
3210 2874
3211 2874
3212 2875
3213 2876
3214 2877
3215 2878
3216 2879
3217 2880
3218 2881
3219 2882
3220 2883
3221 2884
3222 2885
3223 2886
3224 2887
3225 2888
3226 2889
3227 2890
3228 2891
3229 2892
3230 2893
3231 2894
3232 2895
3233 2896
3234 2897
3235 2898
3236 2899
3237 2900
3238 2901
3239 2902
3240 2903
3241 2904
3242 2905
3243 2906
3244 2907
3245 2908
3246 2909
3247 2910
3248 2911
3249 2912
3250 2913
3251 2914
3252 2915
3253 2916
3254 2917
3255 2918
3256 2919
3257 2920
3258 2921
3259 2922
3260 2923
3261 2924
3262 2925
3263 2926
3264 2927
3265 2928
3266 2929
3267 2930
3268 2931
6072 2931
3269 2932
3270 2933
3271 2934
3272 2935
3273 2936
3274 2937
3275 2937
3276 2938
3277 2939
3278 2940
3279 2941
3280 2942
3281 2943
3282 2944
3283 2945
3284 2946
3285 2947
3286 2948
3287 2949
3288 2950
3289 2951
3290 2952
3291 2953
3292 2954
3293 2955
3294 2956
3295 2957
3296 2958
3297 2959
3298 2960
3299 2961
3300 2962
3301 2963
3302 2964
3304 2965
3305 2966
3306 2967
3307 2968
4615 2968
3308 2969
3310 2970
3311 2971
7378 2971
3312 2972
5909 2972
3313 2973
3314 2974
3315 2975
3316 2976
3317 2977
3318 2978
3319 2979
3320 2980
3321 2981
3322 2982
3323 2983
7454 2983
3324 2984
3325 2985
3326 2986
3327 2987
3328 2988
3329 2989
3330 2990
3331 2991
3332 2992
3333 2993
3334 2994
3335 2995
3336 2996
3337 2997
3338 2998
3340 2999
3341 3000
5149 3000
3342 3001
3343 3002
3344 3003
3345 3004
3346 3005
5236 3005
3347 3006
7409 3006
3349 3007
3350 3008
3351 3009
9989 3009
3352 3010
3353 3011
3354 3012
3355 3013
3356 3014
3358 3015
3359 3016
3360 3017
3361 3018
3362 3019
5458 3019
3363 3020
3364 3021
3365 3022
3366 3023
3367 3024
4885 3024
3368 3025
3369 3026
3370 3027
3371 3028
3372 3029
3373 3030
3374 3031
3375 3032
3376 3033
9987 3033
3377 3034
7384 3034
3378 3035
7350 3035
3379 3036
3380 3037
3381 3038
3382 3039
3383 3040
3384 3041
3385 3042
3386 3043
3387 3044
3389 3045
3390 3046
3391 3047
3392 3048
3393 3049
3395 3049
3399 3049
3400 3049
3401 3049
3394 3050
3396 3051
3397 3052
5369 3052
3398 3053
3402 3054
3403 3055
3404 3056
3405 3057
5917 3057
3406 3058
3407 3059
3408 3060
3409 3061
3410 3062
3411 3063
3412 3064
3413 3065
3414 3066
3415 3067
3416 3068
3417 3069
3421 3070
3422 3071
3423 3072
3424 3073
3425 3073
3426 3073
3428 3073
3427 3074
3429 3075
3431 3076
3432 3077
3433 3077
3434 3078
3435 3078
3436 3079
3437 3080
3438 3081
3439 3082
3440 3083
3441 3084
3442 3085
3443 3086
3444 3087
3446 3088
3447 3089
3448 3090
3449 3091
3450 3092
3451 3093
3452 3094
3453 3095
3454 3096
5243 3096
3455 3097
3457 3098
5283 3098
3458 3099
5280 3099
3459 3100
5044 3100
6091 3100
3460 3101
5200 3101
3461 3102
5176 3102
3462 3103
3464 3104
3465 3105
3466 3106
5108 3106
6131 3106
3467 3107
5214 3107
3469 3108
3470 3109
5080 3109
6629 3109
3471 3110
5177 3110
3472 3111
3473 3112
4152 3112
3474 3113
7956 3113
3475 3114
3476 3115
8150 3115
3477 3116
3478 3117
3480 3118
4578 3118
6453 3118
3481 3119
4954 3119
3482 3120
3483 3121
3484 3122
3485 3123
3486 3124
3487 3125
3488 3126
8212 3126
3489 3127
3490 3128
3491 3129
3492 3130
4791 3130
3493 3131
3494 3132
3495 3133
3496 3134
3497 3135
3498 3136
3499 3137
3501 3138
3502 3139
3503 3140
3504 3141
3505 3142
3506 3142
3507 3143
3508 3144
3509 3145
3510 3146
3511 3147
3512 3148
3513 3149
3514 3150
3515 3151
3516 3152
3517 3153
5402 3153
3518 3154
3519 3155
3520 3156
3521 3157
3522 3158
3523 3159
3524 3160
3525 3161
3526 3162
3527 3163
3528 3164
3529 3165
3530 3166
6619 3166
3531 3167
3532 3168
3533 3169
3534 3170
3535 3171
3536 3172
3537 3173
3538 3174
3539 3175
3540 3176
3541 3177
3542 3178
3543 3179
3544 3180
3545 3181
3546 3182
3547 3183
3548 3184
3549 3185
3550 3186
3551 3187
3552 3188
3553 3189
3554 3190
5894 3190
3555 3191
3556 3192
3557 3193
4917 3193
3558 3194
3559 3195
3560 3196
3561 3197
3562 3198
3563 3199
3564 3199
3565 3200
3566 3201
3567 3202
8400 3202
3568 3203
3569 3204
3570 3205
3571 3206
3572 3207
3573 3208
3574 3209
3575 3210
3576 3211
3577 3212
3578 3213
3579 3214
3580 3215
3581 3216
3582 3217
3583 3218
3584 3219
3585 3220
3586 3221
8726 3221
3587 3222
3588 3223
3589 3224
3590 3225
3591 3226
3592 3227
3593 3228
3594 3229
3595 3230
3596 3231
6426 3231
3597 3232
3598 3233
3599 3234
3600 3235
3601 3236
8217 3236
8218 3236
8219 3236
3602 3237
3603 3238
7518 3238
3604 3239
8158 3239
3605 3240
3606 3241
3607 3242
3608 3243
3609 3244
3612 3245
4373 3245
3613 3246
3614 3247
3616 3247
3615 3248
3617 3249
3618 3250
3619 3251
5474 3251
3620 3252
3621 3253
3622 3254
3623 3255
3624 3256
5139 3256
3625 3257
5014 3257
3627 3258
5069 3258
3628 3259
5026 3259
3629 3260
5087 3260
3630 3261
6101 3261
7332 3261
3631 3262
5131 3262
3632 3263
5110 3263
3633 3264
5253 3264
3634 3265
5050 3265
3635 3266
3636 3266
5011 3266
5123 3266
3637 3267
3638 3268
5072 3268
3639 3269
5227 3269
3640 3270
3641 3271
5197 3271
3642 3272
5128 3272
3643 3273
3644 3274
5079 3274
3645 3275
5130 3275
3646 3276
5067 3276
3647 3277
5062 3277
3648 3278
3649 3279
5013 3279
3650 3280
6120 3280
7301 3280
7418 3280
7543 3280
3651 3281
5092 3281
3652 3282
5045 3282
3653 3283
5220 3283
3655 3284
3656 3285
5198 3285
3657 3286
5266 3286
3658 3287
5089 3287
3659 3288
3660 3289
5168 3289
3661 3290
5031 3290
3662 3291
3663 3292
3664 3293
3665 3294
5207 3294
3666 3295
3667 3296
3668 3297
3669 3298
3670 3299
3671 3300
3672 3301
3673 3302
3674 3303
3701 3303
3675 3304
3677 3305
3679 3306
3680 3307
3681 3308
3682 3309
3683 3310
3684 3311
3686 3312
3687 3313
3688 3314
3689 3315
3690 3316
5275 3316
3691 3317
5042 3317
3694 3318
3695 3319
3696 3320
4661 3320
5219 3320
3697 3321
3698 3322
3700 3323
3702 3324
3703 3325
3704 3326
3705 3327
3706 3328
3707 3329
8539 3329
3708 3330
3709 3330
5568 3330
8937 3330
9323 3330
3710 3331
3711 3332
3712 3333
8938 3333
3713 3334
3714 3335
3715 3336
3716 3337
3717 3338
3718 3339
5256 3339
6138 3339
3719 3340
5174 3340
3720 3341
5039 3341
6141 3341
3721 3342
5192 3342
3722 3343
5157 3343
3723 3344
5085 3344
6143 3344
3724 3345
3725 3346
5451 3346
3726 3347
5147 3347
6145 3347
9380 3347
3727 3348
5029 3348
3728 3349
5066 3349
6147 3349
8749 3349
3729 3350
3730 3351
3731 3352
5083 3352
6151 3352
8751 3352
3732 3353
5016 3353
3733 3354
5284 3354
6149 3354
3734 3355
5162 3355
6150 3355
3735 3356
5109 3356
3736 3357
5218 3357
6155 3357
3737 3358
5134 3358
6156 3358
3738 3359
3739 3360
5189 3360
6157 3360
3740 3361
5245 3361
6158 3361
3741 3362
5216 3362
6160 3362
8740 3362
3742 3363
5098 3363
6163 3363
8548 3363
3743 3364
3744 3365
3745 3366
5199 3366
3746 3367
5135 3367
6165 3367
3747 3368
5281 3368
6166 3368
3748 3369
5121 3369
6167 3369
3749 3370
5101 3370
3750 3371
5251 3371
6171 3371
3751 3372
3752 3373
5023 3373
3753 3374
5036 3374
3754 3375
3755 3376
3757 3377
3758 3378
3759 3379
3761 3380
3762 3381
3763 3382
3764 3383
3765 3384
3766 3384
3767 3385
3768 3385
3769 3386
3770 3387
3771 3388
7935 3388
3772 3389
3773 3390
7936 3390
3774 3391
8128 3391
3775 3392
8201 3392
3776 3393
5261 3393
3778 3394
3781 3395
3782 3396
3783 3397
3784 3398
3785 3399
8262 3399
3786 3400
9540 3400
3787 3401
8135 3401
3788 3402
3790 3403
8263 3403
3791 3404
5024 3404
5040 3404
5127 3404
5258 3404
5267 3404
3792 3405
3793 3406
3794 3407
3795 3408
3796 3409
3797 3410
3798 3411
7957 3411
3799 3412
3800 3413
8083 3413
3803 3414
7969 3414
3804 3415
8272 3415
3806 3416
3808 3417
7971 3417
3809 3418
3810 3419
7972 3419
9533 3419
3811 3420
8090 3420
3812 3421
3813 3422
3814 3423
3815 3424
3816 3425
3818 3426
3821 3427
3822 3428
6883 3428
3824 3429
3827 3430
7994 3430
3828 3431
3830 3432
7997 3432
3831 3433
9520 3433
3832 3434
7999 3434
9519 3434
3833 3435
8138 3435
9538 3435
3834 3436
3836 3437
3838 3438
8002 3438
3839 3439
9481 3439
3841 3440
3842 3441
3843 3441
4932 3441
5240 3441
5264 3441
3845 3442
3846 3443
3903 3443
5019 3443
3848 3444
8016 3444
3849 3445
8146 3445
3851 3446
5180 3446
8020 3446
3854 3447
3855 3448
3856 3449
8025 3449
3860 3450
8029 3450
3861 3451
8210 3451
3862 3452
8030 3452
3863 3453
5274 3453
3864 3454
8151 3454
3866 3455
5136 3455
3867 3456
5326 3456
3868 3457
5315 3457
3870 3458
5206 3458
3872 3459
5316 3459
3879 3460
5186 3460
3880 3461
3881 3462
3882 3463
5277 3463
3883 3464
5212 3464
3884 3465
6508 3465
3885 3466
5015 3466
3886 3467
4546 3467
5137 3467
3888 3468
5233 3468
3889 3469
5319 3469
3890 3470
5012 3470
3891 3471
5102 3471
3892 3472
5132 3472
3893 3473
3894 3474
5318 3474
3895 3475
5143 3475
3896 3476
5071 3476
3897 3477
5183 3477
3898 3478
5626 3478
5775 3478
3900 3479
5064 3479
3901 3480
5222 3480
3902 3481
5211 3481
3904 3482
5086 3482
3905 3483
5096 3483
3906 3484
5225 3484
3907 3485
5173 3485
3908 3486
5115 3486
3909 3487
6676 3487
3910 3488
8366 3488
3911 3489
5279 3489
3912 3490
5246 3490
3913 3491
6450 3491
3914 3492
5193 3492
3915 3493
5151 3493
3916 3494
5184 3494
8370 3494
3917 3495
5321 3495
3918 3496
5223 3496
3919 3497
5470 3497
3920 3498
3921 3498
5027 3498
5322 3498
3922 3499
5272 3499
3923 3500
5323 3500
3924 3501
5205 3501
3925 3502
5195 3502
3926 3503
5077 3503
3927 3504
5122 3504
3928 3505
5325 3505
3929 3506
5153 3506
3930 3507
5111 3507
3931 3508
5201 3508
3932 3509
5273 3509
3933 3510
3935 3511
5049 3511
3936 3512
5075 3512
3937 3513
5230 3513
7626 3513
3938 3514
5169 3514
3939 3515
5235 3515
3940 3516
5178 3516
3941 3517
5114 3517
7627 3517
3942 3518
3943 3519
3944 3520
3945 3521
3947 3522
3948 3523
3949 3524
3950 3525
3951 3526
3952 3527
3953 3528
3962 3529
7635 3529
3963 3530
7636 3530
3964 3531
3965 3532
4585 3532
3966 3533
4950 3533
7403 3533
3967 3534
7758 3534
3968 3535
7637 3535
3969 3536
3970 3537
3971 3538
3972 3539
7316 3539
3973 3540
4952 3540
7271 3540
3974 3541
4953 3541
3975 3542
3976 3543
3977 3544
3978 3545
3979 3546
3980 3547
3981 3548
3982 3549
3983 3550
3984 3551
3985 3552
3986 3553
3987 3554
3988 3555
3989 3556
3990 3557
3991 3558
3992 3559
3993 3560
3994 3560
3995 3561
3996 3562
3997 3563
3998 3564
3999 3565
6454 3565
4000 3566
4001 3566
4002 3567
4003 3568
4004 3569
4005 3570
4006 3571
4007 3572
4008 3573
4009 3574
4010 3575
4011 3576
4012 3577
4013 3578
4014 3579
4015 3580
4016 3581
4017 3582
4018 3583
4019 3584
4020 3585
4021 3586
4022 3587
4023 3588
7644 3588
4024 3589
4025 3590
4026 3591
6878 3591
4027 3592
4028 3593
4029 3594
9393 3594
4030 3595
4031 3596
8042 3596
4032 3597
4033 3598
4034 3599
4035 3600
4036 3601
4037 3602
4038 3603
4039 3604
4040 3605
4041 3606
4042 3607
4043 3608
8043 3608
4044 3609
6455 3609
7645 3609
4045 3610
8044 3610
4046 3611
4047 3612
4048 3613
4049 3614
8045 3614
4050 3615
4051 3616
6518 3616
4052 3617
4053 3618
4054 3619
4055 3620
4056 3621
8046 3621
4057 3622
4058 3623
4059 3624
9347 3624
4060 3625
8389 3625
4061 3626
4062 3627
4063 3628
4064 3629
4065 3629
4066 3630
4067 3631
8879 3631
4068 3632
4069 3633
4070 3634
4559 3634
4071 3635
4072 3636
4073 3637
8215 3637
4074 3638
4075 3639
9350 3639
4076 3640
8880 3640
4077 3641
4078 3642
4079 3643
4080 3644
4081 3645
4082 3646
4083 3647
4084 3648
4085 3649
4086 3650
4087 3651
4088 3652
4089 3653
4090 3654
4091 3655
4092 3656
4093 3657
4094 3658
4095 3659
4096 3660
4097 3661
4098 3662
4099 3663
4100 3664
4101 3665
4102 3666
4103 3667
4104 3668
4105 3669
4107 3670
4108 3671
4109 3672
4110 3673
4111 3674
4112 3675
4114 3676
4115 3677
4116 3678
7106 3678
4117 3679
4118 3680
4119 3681
9209 3681
4120 3682
4121 3683
4122 3684
4123 3685
4124 3686
4125 3687
4126 3688
4127 3689
4128 3690
8051 3690
4129 3691
4130 3692
4131 3693
4132 3694
4133 3695
4134 3696
4135 3697
4136 3698
4137 3699
4138 3700
4139 3701
4140 3702
4141 3703
4142 3704
4143 3705
4144 3706
4145 3707
7312 3707
4146 3708
4147 3709
4148 3710
4149 3711
4150 3712
4151 3713
4153 3714
5412 3714
4154 3715
4156 3716
4157 3717
4158 3717
4159 3717
4160 3717
4161 3718
6525 3718
4162 3719
4163 3720
4164 3720
4165 3720
4166 3721
4167 3722
4168 3723
4169 3724
4170 3725
4810 3725
4171 3726
4172 3727
4173 3728
4174 3729
6064 3729
4175 3730
4176 3731
4179 3731
4177 3732
4178 3733
8404 3733
4180 3734
4181 3735
4182 3736
4183 3737
4184 3738
4185 3739
4186 3740
4187 3741
4188 3742
4189 3743
4190 3744
7113 3744
4191 3745
6063 3745
4192 3746
4193 3747
4194 3748
7343 3748
8408 3748
4195 3749
4196 3750
4197 3751
4198 3752
7358 3752
4199 3753
4200 3754
4201 3755
4202 3756
4814 3756
4203 3757
8014 3757
4204 3758
4205 3759
4206 3760
4207 3761
4208 3762
4209 3762
4210 3762
4212 3762
4211 3763
9214 3763
4213 3764
4214 3765
4215 3766
6662 3766
4216 3767
4217 3768
4218 3769
4219 3769
4220 3770
4221 3771
4222 3772
4223 3773
4225 3774
4226 3774
4228 3775
4230 3776
4231 3777
6415 3777
4232 3778
4233 3779
4235 3780
4236 3781
4237 3782
4238 3783
4239 3784
4240 3785
4241 3786
4242 3787
4243 3788
4244 3789
4245 3790
4246 3791
4247 3792
4248 3793
4249 3794
4250 3795
4251 3796
4252 3797
4253 3798
4254 3799
4255 3800
4256 3801
4257 3802
4258 3803
4259 3804
4260 3805
4261 3806
4262 3807
4263 3808
4264 3809
4265 3810
4266 3811
4267 3812
4268 3813
4269 3814
4270 3815
4271 3816
4272 3817
4273 3818
4274 3818
4275 3819
4276 3820
4277 3821
4278 3822
4279 3823
4280 3824
4281 3825
4282 3826
4283 3827
4284 3828
4285 3829
4286 3830
4287 3831
4288 3832
5361 3832
4289 3833
4290 3834
4291 3835
4292 3836
4293 3837
4294 3838
4295 3839
4296 3840
7242 3840
9994 3840
4297 3841
4298 3842
7334 3842
4299 3843
4300 3844
4303 3845
4304 3846
4308 3847
4309 3848
4310 3849
4311 3850
4471 3850
4312 3851
5365 3851
4314 3852
4315 3853
4316 3854
4317 3855
4319 3856
4320 3857
4321 3858
4322 3859
4323 3860
4324 3861
4325 3862
4326 3863
4327 3864
4328 3865
4329 3866
4330 3867
4331 3868
4332 3869
4333 3870
4334 3871
4335 3872
4336 3873
4337 3874
4339 3875
4340 3876
5916 3876
4341 3877
4342 3878
4344 3879
4345 3880
4346 3881
4347 3882
4348 3883
8312 3883
4349 3884
4350 3885
4351 3886
4352 3887
4353 3888
4354 3889
4355 3890
4357 3891
4358 3892
4359 3893
4360 3894
4361 3895
4362 3896
4363 3896
4364 3897
4365 3898
4366 3899
4367 3900
4368 3900
4369 3901
4371 3902
4372 3903
4374 3904
4375 3905
4376 3906
4377 3907
4378 3908
4379 3909
4380 3910
5619 3910
4381 3911
4382 3912
4383 3913
4384 3914
4385 3915
4386 3916
5063 3916
4387 3917
4388 3918
5475 3918
5975 3918
4389 3919
4390 3920
7551 3920
4391 3921
5476 3921
4392 3922
4393 3923
4394 3923
4395 3924
4397 3925
4398 3926
4399 3927
4401 3928
5381 3928
4402 3929
5383 3929
6020 3929
7898 3929
4403 3930
4404 3931
4405 3932
4406 3933
4407 3934
4408 3935
4409 3936
4410 3937
4411 3938
4412 3939
4413 3940
4414 3941
4415 3942
4416 3943
4417 3944
4418 3945
4419 3946
4420 3947
4421 3948
4422 3949
4423 3950
4424 3951
4425 3952
4426 3953
4427 3954
4428 3955
4429 3956
4430 3957
4431 3958
4432 3959
4433 3960
4434 3961
5152 3961
4435 3962
5444 3962
4436 3963
5030 3963
4437 3964
5129 3964
4438 3965
5093 3965
4440 3966
5244 3966
5774 3966
4441 3967
5112 3967
5320 3967
4442 3968
5018 3968
7082 3968
4443 3969
5327 3969
4444 3970
5231 3970
4445 3971
6861 3971
4446 3972
5203 3972
7083 3972
4448 3973
4449 3974
4450 3975
4451 3976
7182 3976
7352 3976
4452 3977
7223 3977
4453 3978
5902 3978
4454 3979
4975 3979
4455 3980
7178 3980
4456 3981
6765 3981
4457 3982
4458 3983
5286 3983
4460 3984
6601 3984
4461 3985
9138 3985
4462 3986
5654 3986
4463 3987
4464 3988
6623 3988
4465 3989
5423 3989
6666 3989
7152 3989
4467 3990
5097 3990
4468 3991
4989 3991
5483 3991
4469 3992
4470 3993
4472 3994
4473 3995
7330 3995
4474 3996
4475 3997
4476 3998
4477 3999
4478 4000
4479 4001
4480 4002
4481 4003
4482 4004
4483 4005
7562 4005
4484 4006
4485 4007
4542 4007
4486 4008
4487 4009
4488 4009
7567 4009
9160 4009
4489 4010
4490 4011
4491 4012
4492 4013
4493 4014
4494 4015
4495 4016
4496 4017
4497 4018
4498 4019
4499 4020
4500 4021
4501 4022
4502 4023
8851 4023
4503 4024
8930 4024
4504 4025
7572 4025
4505 4026
4506 4027
5385 4027
6019 4027
7897 4027
4507 4028
4508 4029
4509 4030
4510 4031
4511 4032
4512 4033
4513 4034
4514 4035
4515 4036
4516 4037
4517 4038
4518 4039
4519 4040
4520 4041
4521 4042
4522 4043
4523 4044
4524 4045
4525 4046
7924 4046
4526 4047
4527 4048
4528 4049
4529 4050
4530 4051
4531 4052
4532 4053
4533 4054
4534 4055
4535 4056
4536 4057
4537 4058
4538 4059
4539 4060
4540 4061
4541 4062
4543 4063
4544 4064
4545 4065
8019 4065
4548 4066
7634 4066
4549 4067
7522 4067
4550 4068
4945 4068
4551 4069
4944 4069
4552 4070
4948 4070
4553 4071
4949 4071
4554 4072
7322 4072
4555 4073
4556 4074
8746 4074
4557 4075
4558 4076
4560 4077
4561 4078
4562 4079
9155 4079
4563 4080
7135 4080
4564 4081
4567 4082
4568 4083
4569 4084
4969 4084
5679 4084
4570 4085
4571 4086
6664 4086
4572 4087
4573 4088
4576 4088
4574 4089
6290 4089
4575 4090
7184 4090
4577 4091
4579 4092
5418 4092
4580 4093
4972 4093
4581 4094
4590 4094
5943 4094
6962 4094
4582 4095
4973 4095
4583 4096
4971 4096
4584 4097
4587 4098
5028 4098
6802 4098
4589 4099
4591 4100
4592 4101
4593 4102
4594 4103
4595 4104
6585 4104
4596 4105
4597 4106
4598 4107
4599 4108
4600 4109
4601 4110
4986 4110
4602 4111
4603 4112
4604 4113
4605 4114
4606 4115
4607 4116
4608 4117
4611 4118
6690 4118
4612 4119
4613 4120
4614 4121
4617 4122
4618 4123
7501 4123
4619 4124
4620 4125
6744 4125
7412 4125
4622 4126
4623 4127
4624 4128
4625 4129
4627 4130
4628 4131
4629 4132
4630 4133
4631 4134
4632 4135
4633 4135
4634 4136
4635 4137
4636 4138
4637 4139
4638 4140
4639 4141
4640 4142
4641 4143
4642 4144
4643 4145
4644 4146
5527 4146
4645 4147
8161 4147
4646 4148
4647 4149
4648 4150
4649 4151
4650 4152
4651 4153
4652 4154
4653 4155
4654 4156
4655 4157
4656 4158
4658 4158
4657 4159
4659 4160
4660 4161
4662 4162
4663 4163
4664 4164
4665 4165
4666 4166
4667 4167
4668 4168
4669 4169
4670 4170
4671 4171
4672 4172
4673 4173
4674 4174
4675 4175
4676 4176
4677 4177
4678 4178
4681 4179
4682 4180
4683 4181
4684 4182
4685 4183
4686 4184
4687 4185
4688 4186
4689 4187
4690 4188
4691 4189
4692 4190
6747 4190
8119 4190
9162 4190
4693 4191
4694 4192
4695 4193
4696 4194
4697 4195
4698 4196
4699 4197
4700 4198
6739 4198
8765 4198
4701 4199
6939 4199
4702 4200
4703 4200
4704 4201
4705 4202
4706 4203
4707 4204
4709 4205
4710 4206
4711 4207
4712 4208
4713 4209
4714 4210
4715 4211
6948 4211
4716 4212
4718 4213
4719 4214
4720 4215
4721 4215
4722 4216
7940 4216
4725 4217
8202 4217
4726 4218
4728 4219
7949 4219
4730 4220
4731 4221
4732 4222
7951 4222
4736 4223
4737 4224
4739 4225
7975 4225
4742 4226
8094 4226
9506 4226
9507 4226
9508 4226
4743 4227
7986 4227
4746 4228
7998 4228
4748 4229
8140 4229
4749 4230
5260 4230
4750 4231
4751 4231
4752 4232
9560 4232
4753 4233
4755 4234
4756 4235
4763 4236
8023 4236
4764 4237
4765 4238
4773 4239
4774 4240
4775 4241
5776 4241
4776 4242
5777 4242
4777 4243
4778 4244
4835 4244
5899 4244
4779 4245
4780 4246
7763 4246
4781 4247
4782 4248
4783 4249
7638 4249
4784 4250
7640 4250
4785 4251
4786 4252
7494 4252
4787 4253
4788 4254
4789 4255
4790 4256
4792 4257
4793 4258
4794 4259
4795 4260
9206 4260
4796 4261
4797 4262
4798 4263
5671 4263
4799 4264
4800 4265
4801 4266
4802 4267
4803 4268
4804 4269
4805 4270
4806 4271
4807 4272
8401 4272
4808 4273
4809 4274
4811 4275
4812 4276
4813 4277
7410 4277
4815 4278
4816 4279
4817 4280
4819 4281
4822 4282
4823 4283
7130 4283
4824 4284
4825 4285
4826 4286
6616 4286
4827 4287
4828 4288
6288 4288
7139 4288
8223 4288
8889 4288
4829 4289
4830 4290
4831 4291
6754 4291
4832 4292
4833 4293
4834 4294
4842 4294
4857 4294
4901 4294
4836 4295
4837 4296
6668 4296
4838 4297
6469 4297
4839 4298
4840 4299
7166 4299
4841 4300
4843 4301
4845 4302
4846 4303
7179 4303
4847 4304
6598 4304
4848 4305
4849 4306
4850 4307
4851 4308
6650 4308
4853 4309
5054 4309
4854 4310
7829 4310
4855 4311
4856 4312
4858 4313
4866 4313
5683 4313
4859 4314
6759 4314
4860 4315
6553 4315
4861 4316
4862 4317
4864 4318
5799 4318
6770 4318
4865 4319
5803 4319
6549 4319
9095 4319
4867 4320
4868 4321
6661 4321
4869 4322
7187 4322
4870 4323
8425 4323
4871 4324
4872 4325
5237 4325
8579 4325
4873 4326
6609 4326
7200 4326
7786 4326
4874 4327
4876 4328
4877 4329
5656 4329
6478 4329
4878 4330
4879 4331
6191 4331
4880 4332
4881 4333
6531 4333
4882 4334
4883 4335
5690 4335
4884 4336
4886 4337
5691 4337
6617 4337
7217 4337
4887 4338
6586 4338
4888 4339
4889 4340
6573 4340
7221 4340
4890 4341
4891 4342
4892 4343
4894 4344
4895 4345
4896 4346
4897 4347
4898 4348
4899 4349
4900 4350
7426 4350
4902 4351
4903 4352
6969 4352
4904 4353
4905 4354
5424 4354
5945 4354
7193 4354
7208 4354
7536 4354
4906 4355
6752 4355
4907 4356
7372 4356
4908 4357
4909 4358
4910 4359
4911 4360
4912 4361
4913 4362
4914 4363
4915 4364
4916 4365
4918 4366
4919 4367
4920 4368
4921 4369
4922 4370
4924 4371
4925 4372
8079 4372
4926 4373
7955 4373
4927 4374
4928 4375
7958 4375
4929 4376
8204 4376
4930 4377
8271 4377
4931 4378
4933 4379
8022 4379
4955 4380
5677 4380
7482 4380
4956 4381
4957 4382
7172 4382
4958 4383
4959 4384
4960 4385
4961 4386
4962 4387
4963 4388
4964 4389
4965 4390
4966 4391
4967 4392
4968 4393
4970 4394
7218 4394
4974 4395
4976 4396
4977 4397
4978 4398
7520 4398
4979 4399
4980 4400
6473 4400
7191 4400
4981 4401
5904 4401
6569 4401
4982 4402
4983 4403
7206 4403
4984 4404
5047 4404
4985 4405
4987 4406
4988 4407
4990 4408
4991 4409
4992 4410
9146 4410
4993 4411
4994 4412
4995 4413
4996 4414
4998 4415
4999 4416
5000 4417
5001 4418
5002 4419
5003 4420
5004 4421
5005 4422
5006 4423
5007 4424
5008 4425
5951 4425
5009 4426
5010 4427
5017 4428
7989 4428
5020 4429
5021 4430
6580 4430
5025 4431
5032 4432
5033 4433
8169 4433
5034 4434
5037 4435
5038 4436
5041 4437
5043 4438
5046 4439
5048 4440
7639 4440
5051 4441
6068 4441
6572 4441
5052 4442
5053 4443
5055 4444
6610 4444
5056 4445
5057 4446
5058 4447
5059 4448
8254 4448
5060 4449
5061 4450
6615 4450
5065 4451
5118 4451
5068 4452
5073 4453
6626 4453
5074 4454
5076 4455
5081 4456
6177 4456
5082 4457
7243 4457
5088 4458
5094 4459
5095 4460
5099 4461
5100 4462
5103 4463
6637 4463
5104 4464
5106 4465
7652 4465
5107 4466
5116 4467
5117 4468
5119 4469
5120 4470
6851 4470
5125 4471
7146 4471
5126 4472
5138 4473
5140 4474
6859 4474
5144 4475
5154 4476
5404 4476
5421 4476
5155 4477
5158 4478
5159 4479
7181 4479
5160 4480
7262 4480
5161 4481
5166 4482
5167 4483
5187 4483
5170 4484
7488 4484
5172 4485
5175 4486
6559 4486
5179 4487
5181 4488
5185 4489
5188 4490
5190 4491
5194 4492
5196 4493
5202 4494
9222 4494
5204 4495
7367 4495
5208 4496
5209 4497
5210 4498
5215 4499
5217 4500
5221 4501
5234 4502
5238 4503
5239 4504
5242 4505
5247 4506
5248 4507
5249 4508
5252 4509
5257 4510
5259 4511
5262 4512
5265 4513
5268 4514
5270 4515
6965 4515
5271 4516
7628 4516
5276 4517
5282 4518
5285 4519
5287 4520
5969 4520
5288 4521
5289 4522
5290 4523
5292 4524
5293 4525
5294 4526
5968 4526
5295 4527
5296 4528
5297 4529
5298 4530
5299 4531
5300 4531
5301 4532
6577 4532
8110 4532
5302 4533
5303 4534
6011 4534
9385 4534
5304 4535
6931 4535
5305 4536
6933 4536
5306 4537
5307 4538
6938 4538
5308 4539
5309 4540
5310 4541
5311 4542
7923 4542
5312 4543
5313 4544
5314 4545
8031 4545
5324 4546
7389 4546
5328 4547
5329 4548
5330 4549
5333 4550
5334 4551
6413 4551
5335 4552
5337 4553
5338 4554
5339 4555
5340 4556
5342 4557
5343 4558
5344 4559
5345 4560
5346 4561
7127 4561
5347 4562
6958 4562
7402 4562
5348 4563
6564 4563
5349 4564
5350 4565
5351 4566
8454 4566
5352 4567
7168 4567
5353 4568
5354 4569
7516 4569
5355 4570
5356 4571
6793 4571
5357 4572
6769 4572
5358 4573
5359 4574
5360 4575
5362 4576
5363 4577
5364 4578
9991 4578
5366 4579
5367 4580
5368 4581
5370 4582
5371 4583
5372 4583
5373 4583
5374 4584
5375 4585
5376 4586
5377 4587
5378 4588
5379 4589
5380 4590
5382 4591
5384 4592
5386 4593
5387 4594
5388 4595
5389 4596
5390 4597
5391 4598
5392 4599
5393 4600
6035 4600
8947 4600
5394 4601
5395 4602
5396 4603
5397 4604
5398 4605
5465 4605
5621 4605
7990 4605
7991 4605
7992 4605
5399 4606
5400 4607
5401 4608
5403 4609
5405 4610
5406 4611
5407 4612
5408 4613
5409 4614
5410 4615
5411 4616
5413 4617
7157 4617
5414 4618
5415 4619
6607 4619
5416 4620
6627 4620
5417 4621
5419 4622
6591 4622
5420 4623
5428 4623
6600 4623
6651 4623
5422 4624
5425 4625
5950 4625
6884 4625
5426 4626
5427 4627
5946 4627
5429 4628
5430 4629
5431 4630
5432 4631
7995 4631
9546 4631
5433 4632
6482 4632
5434 4633
5435 4634
5436 4634
5437 4635
5438 4636
5439 4637
5440 4638
5441 4639
5442 4640
5443 4641
5445 4642
5447 4643
5448 4644
5449 4645
6287 4645
7154 4645
7767 4645
5450 4646
5452 4647
7953 4647
5453 4648
6291 4648
7176 4648
5454 4649
5455 4650
5456 4651
5457 4652
5459 4653
5460 4654
5461 4655
7624 4655
5462 4656
5463 4657
5464 4658
5466 4659
6678 4659
7229 4659
5467 4660
6575 4660
5468 4661
5469 4662
5471 4663
5472 4664
5473 4665
6647 4665
6671 4665
9436 4665
9437 4665
5477 4666
5478 4667
5479 4668
5480 4669
5481 4670
5482 4671
6154 4671
5484 4672
5485 4673
5486 4674
5487 4675
5488 4676
5489 4677
5490 4678
5495 4679
8176 4679
5497 4680
9267 4680
5498 4681
6850 4681
5499 4682
9268 4682
5500 4683
5501 4684
9316 4684
5502 4685
8510 4685
5503 4686
5504 4687
6824 4687
5505 4688
6819 4688
5506 4689
6822 4689
5507 4690
6799 4690
5508 4691
6862 4691
5509 4692
5510 4693
5511 4694
6860 4694
5514 4695
8512 4695
5515 4696
6820 4696
5516 4697
9280 4697
5517 4698
6805 4698
5518 4699
9273 4699
5519 4700
6854 4700
5520 4701
6830 4701
5521 4702
9079 4702
5522 4703
9276 4703
5524 4704
5526 4705
5528 4706
5716 4706
5529 4707
5532 4708
5535 4709
5539 4710
5542 4711
5546 4712
5547 4713
6835 4713
5548 4714
9166 4714
5549 4715
6823 4715
5550 4716
6842 4716
5551 4717
8780 4717
5552 4718
9082 4718
5553 4719
9173 4719
5554 4720
9161 4720
5555 4721
6132 4721
6809 4721
7541 4721
5556 4722
6845 4722
5557 4723
9191 4723
5558 4724
6816 4724
5559 4725
6814 4725
5560 4726
8542 4726
5561 4727
8532 4727
5562 4728
9084 4728
5563 4729
6801 4729
5564 4730
5565 4731
9151 4731
5566 4732
5856 4732
5569 4733
6828 4733
5570 4734
9293 4734
5571 4735
6815 4735
5572 4736
6803 4736
5573 4737
6853 4737
5574 4738
5575 4739
9294 4739
5576 4740
6797 4740
5577 4741
9379 4741
5578 4742
5579 4743
6864 4743
5580 4744
6826 4744
5581 4745
5582 4746
6800 4746
5583 4747
9296 4747
5584 4748
9297 4748
5585 4749
6811 4749
5586 4750
8549 4750
5587 4751
6865 4751
5588 4752
6813 4752
5589 4753
8946 4753
5590 4754
6837 4754
5591 4755
6836 4755
5592 4756
6827 4756
5593 4757
5594 4758
6855 4758
9386 4758
5595 4759
6848 4759
5597 4760
5600 4761
5601 4762
5602 4763
5603 4764
6657 4764
5604 4765
6628 4765
7159 4765
5605 4766
6760 4766
5606 4767
5607 4768
8458 4768
5608 4769
5609 4770
5610 4771
5611 4772
5613 4773
5616 4774
6602 4774
5618 4775
5620 4776
5622 4777
5625 4778
5627 4779
5628 4780
7228 4780
5629 4781
5630 4782
5631 4783
5632 4784
5633 4785
5634 4786
5635 4787
5636 4788
5637 4789
5638 4790
5639 4791
5640 4792
5641 4793
5642 4794
5686 4794
7641 4794
7670 4794
5643 4795
5644 4796
5645 4797
5647 4798
5648 4798
5649 4798
5650 4799
5651 4800
5652 4801
5653 4802
5802 4802
5655 4803
6659 4803
9358 4803
5657 4804
5658 4805
5659 4806
5660 4807
5661 4808
5662 4809
5663 4810
5664 4811
5665 4812
5666 4813
6293 4813
6887 4813
5667 4814
5668 4815
5670 4816
6608 4816
5672 4817
5673 4818
5674 4819
5675 4820
5676 4821
5678 4822
5680 4823
7156 4823
5681 4824
6669 4824
5682 4825
5684 4826
5685 4827
6656 4827
5687 4828
5688 4829
5689 4830
6639 4830
5692 4831
5693 4832
5694 4833
5697 4834
5698 4835
5699 4836
5701 4837
9180 4837
5702 4838
9184 4838
5703 4839
9077 4839
5704 4840
9185 4840
5705 4841
9067 4841
5706 4842
9372 4842
5707 4843
5708 4844
9186 4844
5709 4845
9311 4845
5710 4846
8916 4846
5711 4847
9319 4847
5712 4848
5713 4849
8171 4849
5715 4850
5717 4851
5718 4852
5721 4853
8528 4853
5722 4854
8540 4854
5723 4855
8917 4855
5724 4856
5725 4857
8112 4857
5726 4858
6134 4858
6325 4858
6326 4858
7733 4858
7734 4858
9085 4858
9321 4858
5727 4859
5728 4860
5729 4861
5730 4862
9286 4862
5731 4863
5733 4864
8940 4864
5734 4865
8860 4865
5735 4866
9317 4866
5736 4867
8849 4867
5737 4868
5738 4869
9144 4869
5739 4870
8853 4870
5740 4871
8941 4871
5741 4872
5742 4873
8854 4873
5743 4874
8868 4874
5744 4875
8861 4875
5745 4876
8117 4876
5746 4877
8862 4877
5747 4878
5748 4879
5749 4880
8865 4880
5750 4881
9328 4881
5751 4882
8121 4882
5752 4883
5753 4884
9197 4884
5754 4885
8867 4885
5755 4886
5756 4887
8866 4887
5757 4888
5758 4889
8547 4889
5759 4890
5760 4891
5761 4892
9364 4892
5762 4893
8871 4893
5763 4894
5764 4895
9336 4895
5765 4896
8873 4896
5766 4897
8554 4897
5767 4898
8874 4898
5768 4899
9329 4899
5769 4900
8735 4900
5770 4901
8869 4901
5771 4902
8122 4902
5778 4903
7475 4903
5779 4904
5780 4905
5781 4906
5782 4907
5783 4908
6057 4908
5784 4909
5785 4910
5786 4911
5787 4912
5788 4913
5789 4914
5790 4915
5791 4916
5792 4917
7134 4917
5793 4918
5794 4919
7158 4919
7768 4919
5795 4920
6961 4920
5796 4921
5797 4922
5798 4923
8494 4923
5800 4924
5801 4925
7185 4925
5804 4926
6479 4926
5805 4927
5806 4928
5807 4929
5808 4930
5809 4931
5810 4932
5811 4933
5812 4934
5813 4935
5814 4936
5816 4937
5817 4938
5818 4939
5819 4940
5820 4941
5821 4942
5822 4943
8173 4943
5823 4944
5826 4945
9283 4945
5827 4946
6333 4946
6974 4946
5828 4947
6976 4947
5829 4948
6977 4948
5831 4949
6667 4949
6979 4949
5832 4950
6339 4950
6981 4950
5833 4951
6986 4951
5834 4952
6346 4952
6988 4952
5835 4953
6993 4953
5836 4954
6356 4954
5837 4955
5838 4956
5839 4957
8181 4957
5840 4958
8163 4958
5841 4959
5842 4960
5843 4961
5844 4962
7004 4962
5846 4963
7010 4963
5847 4964
7011 4964
5848 4965
7019 4965
7874 4965
5849 4966
5850 4967
5852 4968
6604 4968
7032 4968
5853 4969
5854 4970
5855 4971
5857 4972
6367 4972
5858 4973
7045 4973
5859 4974
7046 4974
5860 4975
6370 4975
6371 4975
7048 4975
5861 4976
6584 4976
7050 4976
7051 4976
7052 4976
7928 4976
5862 4977
6672 4977
7056 4977
5863 4978
7058 4978
5864 4979
6384 4979
7059 4979
5865 4980
6387 4980
7060 4980
5866 4981
5867 4982
5868 4983
7068 4983
5869 4984
7070 4984
5870 4985
8183 4985
5871 4986
5872 4987
6401 4987
7071 4987
5873 4988
7073 4988
5874 4989
6581 4989
7075 4989
5875 4990
6634 4990
7077 4990
5876 4991
5877 4992
7629 4992
5878 4993
6172 4993
7084 4993
5879 4994
5880 4995
5881 4996
5882 4997
5883 4998
5884 4999
8154 4999
5885 5000
5886 5001
5887 5002
5888 5003
5889 5004
5890 5005
8216 5005
5891 5006
5892 5007
5893 5008
5895 5009
5896 5010
5897 5011
6551 5011
7132 5011
5898 5012
7137 5012
5900 5013
5987 5013
5901 5014
5903 5015
5905 5016
7201 5016
5906 5017
6477 5017
5907 5018
5908 5019
5910 5020
5911 5021
5912 5022
5913 5023
5914 5024
5915 5025
5918 5026
5919 5026
5920 5026
5921 5026
5922 5027
5924 5028
5925 5029
5926 5030
5927 5031
5928 5032
5929 5033
5930 5034
5931 5035
5932 5036
6046 5036
5933 5037
6594 5037
7650 5037
5934 5038
6756 5038
5935 5039
5936 5040
7141 5040
5937 5041
5938 5042
5939 5043
6588 5043
5940 5044
6655 5044
7212 5044
5941 5045
6550 5045
5942 5046
5944 5047
6858 5047
5947 5048
6966 5048
7676 5048
5948 5049
5949 5050
6840 5050
5952 5051
6545 5051
5953 5052
5954 5053
5955 5054
5956 5055
5957 5056
5959 5057
5960 5058
5963 5059
5964 5060
6922 5060
5965 5061
7890 5061
5966 5062
9287 5062
5967 5063
9288 5063
5970 5064
6894 5064
7855 5064
5971 5065
7857 5065
5972 5066
7856 5066
5973 5067
6895 5067
7858 5067
5974 5068
7859 5068
5976 5069
6898 5069
5977 5070
8511 5070
9075 5070
5978 5071
6899 5071
5979 5072
8801 5072
5980 5073
8515 5073
5981 5074
7862 5074
8748 5074
5982 5075
5983 5075
9278 5075
5984 5076
7863 5076
5985 5077
6901 5077
5986 5078
6902 5078
7866 5078
5988 5079
5989 5080
9188 5080
5990 5081
7869 5081
5991 5082
5992 5083
5993 5084
5994 5085
6904 5085
7871 5085
5996 5086
7872 5086
5997 5087
6905 5087
7873 5087
5998 5088
6910 5088
5999 5089
6000 5090
6001 5091
7877 5091
6002 5092
7879 5092
6003 5093
6914 5093
6004 5094
7880 5094
6005 5095
6006 5096
6917 5096
6007 5097
6918 5097
6919 5097
8920 5097
6008 5098
6742 5098
7883 5098
6009 5099
8929 5099
6010 5100
7892 5100
6012 5101
6013 5102
6014 5103
7894 5103
6015 5104
6928 5104
6016 5105
6929 5105
6017 5106
6687 5106
9175 5106
6018 5107
6930 5107
7896 5107
6021 5108
8811 5108
6022 5109
6934 5109
7908 5109
6023 5110
7909 5110
6024 5111
7911 5111
6025 5112
6936 5112
6026 5113
6702 5113
6027 5114
6937 5114
6028 5115
6029 5116
6942 5116
6030 5117
6725 5117
7851 5117
6031 5118
6944 5118
7870 5118
6032 5119
6033 5120
7922 5120
6034 5121
6036 5122
6037 5123
8123 5123
6038 5124
7926 5124
6039 5125
7927 5125
6040 5126
6951 5126
6041 5127
7930 5127
6042 5128
7932 5128
6043 5129
6044 5130
6045 5131
8558 5131
6047 5132
6048 5133
6049 5134
6050 5135
6051 5136
6052 5137
6053 5138
6054 5139
6055 5140
6056 5141
6058 5142
6059 5143
6060 5144
6061 5145
6062 5146
6065 5147
6066 5148
6856 5148
6067 5149
6480 5149
6786 5149
6069 5150
6070 5151
6071 5152
6073 5153
6074 5154
6075 5155
6077 5156
6078 5157
6079 5158
6080 5159
6081 5160
6082 5161
6083 5162
6084 5163
6085 5164
8162 5164
6086 5165
6087 5166
7525 5166
6088 5167
7306 5167
6089 5168
7355 5168
6090 5169
6092 5170
7260 5170
6093 5171
6094 5172
8102 5172
6095 5173
6096 5174
7295 5174
6097 5175
9309 5175
6098 5176
6099 5177
7329 5177
6100 5178
9181 5178
6102 5179
6103 5180
7361 5180
6104 5181
6105 5181
7313 5181
9182 5181
6106 5182
6107 5183
9370 5183
6108 5184
6109 5185
7298 5185
6110 5186
8517 5186
6111 5187
7429 5187
6112 5188
7511 5188
6113 5189
7419 5189
6114 5190
7399 5190
6115 5191
6116 5192
7364 5192
6117 5193
9078 5193
6118 5194
7471 5194
6119 5195
7515 5195
6121 5196
8729 5196
6122 5197
7400 5197
6123 5198
9281 5198
6124 5199
6125 5200
7369 5200
6126 5201
6127 5202
6128 5203
6129 5204
6248 5204
6130 5205
6133 5206
6135 5207
7265 5207
6136 5208
7468 5208
6137 5209
7397 5209
6139 5210
7340 5210
6140 5211
6142 5212
6144 5213
7335 5213
6146 5214
8720 5214
6148 5215
6152 5216
7430 5216
6153 5217
7479 5217
6159 5218
6161 5219
7401 5219
6162 5220
7531 5220
6164 5221
9087 5221
6168 5222
7486 5222
6169 5223
7320 5223
6170 5224
9157 5224
6173 5225
6174 5226
6175 5226
6176 5227
6178 5228
6522 5228
6179 5229
6180 5230
6181 5231
6182 5232
6183 5233
6184 5233
6185 5234
7138 5234
6186 5235
7143 5235
8463 5235
6187 5236
7162 5236
6188 5237
6190 5238
7192 5238
6192 5239
6595 5239
6193 5240
6194 5241
6195 5242
7795 5242
6196 5243
6197 5244
6198 5245
6199 5246
6200 5247
6201 5248
6202 5249
6203 5250
7311 5250
6205 5251
6206 5252
6207 5253
6208 5254
6209 5255
6210 5256
6211 5257
6212 5258
6213 5259
7642 5259
7668 5259
6214 5260
6215 5261
6216 5262
7415 5262
6217 5263
6218 5264
6219 5265
7404 5265
6220 5266
7318 5266
6221 5267
6222 5268
7497 5268
6223 5269
7319 5269
6224 5270
9312 5270
6225 5271
9313 5271
6226 5272
6227 5273
7000 5273
9275 5273
6228 5274
6229 5275
9189 5275
6231 5276
6235 5277
7478 5277
6239 5278
7502 5278
6240 5279
7290 5279
6241 5280
7539 5280
6242 5281
7272 5281
6243 5282
7449 5282
6244 5283
7526 5283
6247 5284
6249 5285
6250 5286
6251 5287
6252 5288
7284 5288
6253 5289
7300 5289
6254 5290
7523 5290
6255 5291
7498 5291
6256 5292
6257 5293
7484 5293
7490 5293
6258 5294
7261 5294
6259 5295
6260 5296
6261 5297
6262 5298
6263 5299
7588 5299
6264 5300
7590 5300
6265 5301
7591 5301
6266 5302
7592 5302
6267 5303
7593 5303
6268 5304
7594 5304
6269 5305
7595 5305
6270 5306
7596 5306
6271 5307
7598 5307
6272 5308
7600 5308
6273 5309
7601 5309
6274 5310
7602 5310
6275 5311
7603 5311
6276 5312
7604 5312
6277 5313
7605 5313
6278 5314
7606 5314
6279 5315
7607 5315
6280 5316
7608 5316
6281 5317
6282 5318
7612 5318
6283 5319
7613 5319
6284 5320
7615 5320
6285 5321
7617 5321
6286 5322
7621 5322
6289 5323
7160 5323
6292 5324
6294 5325
7773 5325
6295 5326
7230 5326
6296 5327
7231 5327
7687 5327
8071 5327
6297 5328
6298 5329
6299 5330
6300 5331
6301 5332
6302 5333
7003 5333
6303 5334
7030 5334
6304 5335
7034 5335
6305 5336
7721 5336
6306 5337
7007 5337
7723 5337
6307 5338
7008 5338
7724 5338
6308 5339
7725 5339
6309 5340
6310 5341
7568 5341
6311 5342
7569 5342
6312 5343
7035 5343
7737 5343
9285 5343
6313 5344
6314 5345
7728 5345
9292 5345
6315 5346
7014 5346
7729 5346
6316 5347
6317 5347
7013 5347
7015 5347
6318 5348
7016 5348
6319 5349
7017 5349
6320 5350
7018 5350
6321 5351
6322 5352
6323 5353
7033 5353
6327 5354
7028 5354
7735 5354
6329 5355
6330 5356
6971 5356
7708 5356
6331 5357
6972 5357
7709 5357
6332 5358
7710 5358
6334 5359
6393 5359
7712 5359
7741 5359
6335 5360
6579 5360
7147 5360
6336 5361
7713 5361
6337 5362
6980 5362
6338 5363
7552 5363
6340 5364
6983 5364
6341 5365
6982 5365
6342 5366
7714 5366
6343 5367
6985 5367
6344 5368
7553 5368
6345 5369
7554 5369
6347 5370
6987 5370
6348 5371
6989 5371
6349 5372
7715 5372
6350 5373
6990 5373
6351 5374
6352 5375
6992 5375
6353 5376
7556 5376
6354 5377
7717 5377
6355 5378
7716 5378
6357 5379
7563 5379
6358 5380
7564 5380
6359 5381
7566 5381
6360 5382
6997 5382
6361 5383
7036 5383
7738 5383
6362 5384
7696 5384
6363 5385
6364 5386
6365 5387
7697 5387
6366 5388
7576 5388
6368 5389
7578 5389
6369 5390
7698 5390
8756 5390
6372 5391
7700 5391
6373 5392
7049 5392
7699 5392
6374 5393
7701 5393
6375 5394
7053 5394
6376 5395
7702 5395
9295 5395
6377 5396
7703 5396
6378 5397
6379 5397
7055 5397
7579 5397
6380 5398
7580 5398
6381 5399
7582 5399
6382 5400
7704 5400
6383 5401
7705 5401
6385 5402
7583 5402
6386 5403
7584 5403
7918 5403
6388 5404
7706 5404
6389 5405
7586 5405
6390 5406
6391 5407
6392 5408
7739 5408
6394 5409
7063 5409
6395 5410
7547 5410
6396 5411
7548 5411
6397 5412
7066 5412
6398 5413
7067 5413
7745 5413
6399 5414
7069 5414
6400 5415
7746 5415
6402 5416
7747 5416
6403 5417
7614 5417
6404 5418
7618 5418
6405 5419
7620 5419
6406 5420
6407 5421
6408 5422
6409 5423
6410 5424
8164 5424
6411 5425
6412 5426
6414 5427
6416 5428
6417 5429
6418 5430
6419 5431
6420 5432
6421 5433
6422 5434
6423 5435
6424 5436
6425 5437
6427 5438
6430 5439
7489 5439
6431 5440
6432 5441
6433 5442
6434 5443
6435 5444
6436 5445
6437 5446
6438 5447
6439 5448
6440 5449
6441 5450
6442 5451
6443 5452
8298 5452
6444 5453
6445 5454
6446 5455
6447 5456
6449 5457
6451 5458
8139 5458
6452 5459
6456 5460
6457 5461
6458 5462
6459 5463
6460 5464
6461 5465
6462 5466
6463 5467
6464 5468
6465 5469
6466 5470
6467 5471
6468 5472
7131 5472
6470 5473
6471 5474
6472 5475
6474 5476
7196 5476
6475 5477
7790 5477
6476 5478
7209 5478
6481 5479
6483 5480
6484 5481
6485 5482
6486 5483
6487 5484
6488 5485
6489 5486
6490 5487
6491 5488
6492 5489
6493 5490
6494 5491
6495 5492
6496 5493
6654 5493
6688 5493
6497 5494
6996 5494
7718 5494
6498 5495
6499 5496
7006 5496
7722 5496
6500 5497
7012 5497
7727 5497
6501 5498
6502 5499
7021 5499
7731 5499
6503 5500
7031 5500
6504 5501
6505 5502
7062 5502
7740 5502
6506 5503
7065 5503
7742 5503
6509 5504
8035 5504
6510 5505
7754 5505
6511 5506
7140 5506
6512 5507
6513 5508
6514 5509
6515 5510
6516 5511
6517 5512
6519 5513
6520 5514
6521 5515
6523 5516
6524 5517
6526 5518
6527 5519
6528 5520
6529 5521
8066 5521
6530 5522
7656 5522
6532 5523
7222 5523
6533 5524
6534 5525
6535 5526
6536 5527
6537 5528
6538 5529
6539 5530
6540 5531
6541 5532
6542 5533
6543 5534
6544 5535
6546 5536
6547 5537
6548 5538
6994 5538
6552 5539
6554 5540
6555 5541
6556 5542
6557 5543
6558 5544
6560 5545
6562 5546
6563 5547
6565 5548
6566 5549
8840 5549
6567 5550
8839 5550
6568 5551
6570 5552
6732 5552
8430 5552
6571 5553
7169 5553
6574 5554
6576 5555
6578 5556
7054 5556
8758 5556
6582 5557
8572 5557
9599 5557
6583 5558
9064 5558
6587 5559
6589 5560
6590 5561
6592 5562
6593 5563
7171 5563
6596 5564
6597 5565
6599 5566
6603 5567
6605 5568
8858 5568
6606 5569
6611 5570
6612 5571
6613 5572
6614 5573
6618 5574
6620 5575
6621 5576
7188 5576
6622 5577
6624 5578
6625 5579
8074 5579
6630 5580
7769 5580
6631 5581
7303 5581
6632 5582
7651 5582
6633 5583
6635 5584
6636 5585
6638 5586
6640 5587
7142 5587
6641 5588
7072 5588
6642 5589
7129 5589
6643 5590
7149 5590
6644 5591
6645 5592
6646 5593
8078 5593
6648 5594
7165 5594
6649 5595
6652 5596
6653 5597
6658 5598
6660 5599
6663 5600
6665 5601
6670 5602
6673 5603
6674 5604
6675 5605
6677 5606
6679 5607
9236 5607
6680 5608
6681 5609
7225 5609
6682 5610
6684 5611
6685 5612
6896 5612
6686 5613
8838 5613
6689 5614
6691 5615
6692 5616
6693 5617
8581 5617
6694 5618
6695 5619
8689 5619
6696 5620
8691 5620
6697 5621
6698 5622
6699 5623
9122 5623
6700 5624
6701 5625
9374 5625
6703 5626
6704 5627
8544 5627
6705 5628
6706 5629
8845 5629
6707 5630
6708 5631
6709 5632
6710 5633
6711 5634
6713 5635
6714 5636
9086 5636
6715 5637
8710 5637
6716 5638
6717 5639
8535 5639
6718 5640
8716 5640
6719 5641
9135 5641
6720 5642
6721 5643
8852 5643
6722 5644
6723 5645
6724 5646
6726 5647
7438 5647
6727 5648
6728 5649
6729 5650
8836 5650
6730 5651
6731 5652
8520 5652
6733 5653
6734 5654
6735 5655
6736 5656
8844 5656
6737 5657
6738 5658
6740 5659
6741 5660
8855 5660
6743 5661
8891 5661
6746 5662
8529 5662
6749 5663
8546 5663
6750 5664
6751 5665
6753 5666
6755 5667
8787 5667
6757 5668
6758 5669
8775 5669
6761 5670
6762 5671
8534 5671
6763 5672
6764 5673
6766 5674
7492 5674
6767 5675
6768 5676
8559 5676
6771 5677
8527 5677
6772 5678
8792 5678
6773 5679
6774 5680
6776 5681
9081 5681
6777 5682
6778 5683
6779 5684
6780 5685
6781 5686
6782 5687
6783 5688
6784 5689
6785 5690
6787 5691
8810 5691
6788 5692
6789 5693
6790 5694
8818 5694
6791 5695
6792 5696
8541 5696
6794 5697
9325 5697
6795 5698
6796 5699
6798 5700
6804 5701
7686 5701
6806 5702
6807 5703
8172 5703
6808 5704
7390 5704
6810 5705
8841 5705
6812 5706
6817 5707
6818 5708
6821 5709
9327 5709
6825 5710
6829 5711
8842 5711
6831 5712
7366 5712
6832 5713
6833 5714
6834 5715
7441 5715
7784 5715
6838 5716
6927 5716
6839 5717
6841 5718
6843 5719
9330 5719
6844 5720
6846 5721
9318 5721
6847 5722
9335 5722
6849 5723
6852 5724
9324 5724
6857 5725
6863 5726
8835 5726
6866 5727
6867 5728
6868 5729
6869 5730
6870 5731
6871 5732
7654 5732
6872 5733
7336 5733
6873 5734
7776 5734
6874 5735
6875 5736
6876 5737
6877 5738
7679 5738
6879 5739
6880 5740
6881 5741
6882 5742
6885 5743
7496 5743
6886 5744
6888 5745
6889 5746
6890 5747
6891 5748
6892 5749
6926 5749
6893 5750
6897 5751
6900 5752
6903 5753
6906 5754
6907 5755
6908 5756
6909 5757
6911 5758
8187 5758
6912 5759
6913 5760
8847 5760
6915 5761
6916 5762
6920 5763
6921 5764
8850 5764
6923 5765
6924 5766
6925 5767
6932 5768
8943 5768
6935 5769
8864 5769
6940 5770
8872 5770
6941 5771
6943 5772
6945 5773
7891 5773
6946 5774
7743 5774
6947 5775
6949 5776
6950 5777
6952 5778
7931 5778
6953 5779
8166 5779
6954 5780
7440 5780
6955 5781
6956 5782
7759 5782
6957 5783
7215 5783
6959 5784
6960 5785
8283 5785
6963 5786
6964 5787
6967 5788
6968 5789
6970 5790
8334 5790
6973 5791
9368 5791
6975 5792
6978 5793
6984 5794
6991 5795
6995 5796
6998 5797
6999 5797
9170 5797
7001 5798
7002 5799
7005 5800
7009 5801
7020 5802
7730 5802
7022 5803
8184 5803
7023 5804
7024 5804
7025 5804
7026 5805
7027 5806
7029 5807
7037 5808
7038 5809
7530 5809
7039 5810
7040 5811
7041 5812
7042 5813
7043 5814
7044 5815
7047 5816
7057 5817
7061 5818
7064 5819
8721 5819
7074 5820
8168 5820
7076 5821
7748 5821
7078 5822
8177 5822
7079 5823
7085 5824
7755 5824
7086 5825
7088 5826
7089 5827
7090 5828
7091 5829
7092 5830
7093 5831
7423 5831
7094 5832
7095 5833
7096 5834
7097 5835
7098 5836
7099 5837
7145 5837
7100 5838
7101 5839
7102 5840
7103 5841
8155 5841
7104 5842
7105 5843
7107 5844
7108 5845
7109 5846
7110 5847
7111 5848
9513 5848
7112 5849
7114 5850
7115 5851
7116 5852
7117 5853
7118 5853
7119 5854
7120 5855
7121 5856
7122 5857
7123 5858
7124 5859
7125 5859
7126 5860
7128 5861
7133 5862
7136 5863
7144 5864
7148 5865
7150 5866
8493 5866
7151 5867
8012 5867
8013 5867
7153 5868
7155 5869
7161 5870
7163 5871
7164 5872
7167 5873
8077 5873
7170 5874
7778 5874
7173 5875
7174 5876
7175 5877
7177 5878
7180 5879
7183 5880
7186 5881
7189 5882
7190 5883
7194 5884
7195 5885
7197 5886
7198 5887
8175 5887
7199 5888
7785 5888
7202 5889
7203 5890
7766 5890
7204 5891
7205 5892
7211 5893
7792 5893
7213 5894
7214 5895
7216 5896
7219 5897
7447 5897
7220 5898
7224 5899
7226 5900
7227 5901
7232 5902
7233 5903
7234 5904
7235 5905
7236 5906
7237 5907
7238 5908
7239 5909
7240 5910
7241 5911
7244 5912
7245 5913
7246 5914
7247 5915
7248 5916
7249 5917
7250 5918
7251 5919
7252 5920
7253 5921
7836 5921
7254 5922
7255 5923
8907 5923
7256 5924
7258 5925
7673 5925
7259 5926
7263 5927
7264 5928
7266 5929
7267 5930
7268 5931
7269 5932
7273 5933
7274 5934
7317 5934
7333 5934
7437 5934
7793 5934
7276 5935
9635 5935
7277 5936
7279 5937
7280 5938
7281 5939
7282 5940
7283 5941
7285 5942
7286 5943
7287 5944
7765 5944
7288 5945
7289 5946
7524 5946
7799 5946
7810 6190
7819 5946
7291 5947
7292 5948
7293 5949
7294 5950
7469 5950
7296 5951
7297 5952
7299 5953
7302 5954
7304 5955
7305 5956
8182 5956
7307 5957
7309 5958
7310 5959
7314 5960
7321 5961
7413 5961
7323 5962
7324 5963
7325 5964
7326 5965
7327 5966
8180 5966
7328 5967
8503 5967
8702 5967
8733 5967
8813 5967
8819 5967
7331 5968
7573 5968
7337 5969
7338 5970
7339 5971
7341 5972
7344 5973
7345 5974
7346 5975
7771 5975
7347 5976
7349 5977
7353 5978
7354 5979
7356 5980
7357 5981
7359 5982
7360 5983
7362 5984
7363 5985
7365 5986
7368 5987
7370 5988
7371 5989
7373 5990
7374 5991
7375 5992
7376 5993
7377 5994
7379 5995
7380 5996
7381 5997
7382 5998
7383 5999
7385 6000
7387 6001
7388 6002
7391 6003
7772 6003
7392 6004
7393 6005
7394 6006
7395 6007
7396 6008
7398 6009
8321 6009
7405 6010
7406 6011
7407 6012
7408 6013
7411 6014
7414 6015
7420 6016
7422 6017
7424 6018
7425 6019
7427 6020
7428 6021
7431 6022
7462 6022
7432 6023
9266 6023
9543 6023
7433 6024
7434 6025
7435 6026
7436 6027
7439 6028
7442 6029
7443 6030
7444 6031
7446 6032
7448 6033
7450 6033
7451 6034
7452 6035
7453 6036
7455 6037
7456 6038
7457 6039
7458 6040
7459 6041
7460 6042
7461 6043
7463 6044
7464 6045
7466 6046
7467 6047
7470 6048
7472 6049
7473 6050
7474 6051
7477 6052
7480 6053
7481 6054
7483 6055
7485 6056
7487 6057
7491 6058
7493 6059
7685 6059
9542 6059
7495 6060
7499 6061
7500 6062
7503 6063
7504 6064
7505 6065
7506 6066
7508 6067
7509 6068
7510 6069
7512 6070
7513 6071
7514 6072
7517 6073
7521 6074
7527 6075
7528 6076
7529 6077
7533 6078
7534 6079
7535 6080
7540 6081
7542 6082
7544 6083
7545 6084
7546 6085
7549 6086
7555 6087
7557 6088
7558 6089
7559 6090
7560 6091
7561 6091
7565 6092
7570 6093
7571 6094
7574 6095
7893 6095
7575 6096
7577 6097
7581 6098
7585 6099
7587 6100
7589 6101
7597 6102
7599 6103
7609 6104
7610 6105
7611 6106
7616 6107
7619 6108
7622 6109
7623 6110
8224 6110
7630 6111
7631 6112
7632 6113
7643 6114
7646 6115
7647 6116
7648 6117
7649 6118
7653 6119
7655 6120
7657 6121
7658 6122
7659 6123
7660 6124
7661 6125
7662 6126
7663 6127
7664 6128
7684 6128
7665 6129
7666 6130
7797 6130
7667 6131
7669 6132
7671 6133
7677 6133
7674 6134
7675 6135
7678 6136
7680 6137
7681 6138
7682 6139
7683 6140
7688 6141
7689 6142
7690 6143
7691 6144
7692 6145
7693 6146
7694 6147
7695 6148
7707 6149
7711 6150
7719 6151
7720 6152
7726 6153
7732 6154
7736 6155
7744 6156
7749 6157
8170 6157
7750 6158
7751 6159
7752 6160
7753 6161
7760 6162
7761 6163
7762 6164
7764 6165
7770 6166
7774 6167
7775 6168
7777 6169
7779 6170
7780 6171
7781 6172
7782 6173
7783 6174
7787 6175
7788 6176
7789 6177
7791 6178
7794 6179
7796 6180
7798 6181
7800 6182
7801 6182
7802 6183
7803 6184
7804 6185
7805 6186
7806 6187
7807 6188
7808 6189
7809 6190
7811 6191
7812 6192
7813 6193
7814 6194
7815 6195
7816 6196
7817 6197
7818 6198
7820 6199
7821 6200
7822 6201
7823 6202
7824 6203
7825 6204
7826 6205
7827 6206
7828 6207
9956 6207
7830 6208
7831 6209
8796 6209
7832 6210
7833 6211
7834 6212
7835 6213
7837 6214
7838 6215
7839 6216
7840 6217
7841 6218
8773 6218
8790 6218
7842 6219
7843 6220
7844 6220
7845 6221
7846 6222
7847 6223
7848 6224
7849 6225
7850 6226
7852 6227
7853 6228
7854 6229
7860 6230
7861 6231
7864 6232
7865 6233
7867 6234
7868 6235
7875 6236
7876 6237
8179 6237
7878 6238
7881 6239
7882 6240
7884 6241
7885 6242
7886 6243
7887 6244
7888 6245
7889 6246
7895 6247
7899 6248
7900 6249
7901 6250
7902 6251
7903 6252
7904 6253
7905 6254
7906 6255
7907 6256
7910 6257
7912 6258
7913 6259
7914 6260
7915 6261
8167 6261
7916 6262
7917 6263
7919 6264
7920 6265
7921 6266
7925 6267
8178 6267
7929 6268
7933 6269
8174 6269
7938 6270
7939 6271
7944 6272
7945 6273
8129 6273
7948 6274
7950 6275
8133 6275
7952 6276
7959 6277
9509 6277
7960 6278
7961 6279
7962 6280
7968 6281
7973 6282
7974 6282
7976 6283
7977 6284
7978 6285
7979 6286
7981 6287
7983 6288
7985 6289
7987 6290
8000 6291
8001 6292
8003 6293
8004 6293
8006 6294
8007 6295
8008 6296
8142 6296
8009 6297
8010 6298
8015 6299
8024 6300
8026 6301
8027 6302
8028 6302
8032 6303
8034 6303
8033 6304
8036 6305
8037 6306
8251 6306
8038 6307
8039 6308
8040 6309
8041 6310
8047 6311
8048 6312
8049 6313
8050 6314
8052 6315
8053 6316
8054 6317
8055 6318
8056 6319
8057 6320
8058 6321
8059 6322
9226 6322
8060 6323
8061 6323
8062 6323
8063 6324
8064 6325
8065 6326
8067 6327
8068 6328
8069 6329
8070 6330
8072 6331
8073 6332
8075 6333
8076 6334
8080 6335
8085 6336
8086 6337
8087 6338
8088 6339
8089 6340
8091 6341
8093 6342
8096 6343
8097 6344
8098 6345
9271 6345
8099 6346
8100 6347
8101 6348
8103 6349
8104 6350
8105 6351
8106 6352
8107 6353
8108 6354
9190 6354
8109 6355
8111 6356
8113 6357
8114 6358
8115 6359
8116 6359
8118 6360
8769 6360
8120 6361
8124 6362
9165 6362
8125 6363
8127 6364
8130 6365
8131 6366
8134 6367
8136 6368
8137 6369
8141 6370
8143 6371
8144 6372
8147 6373
8149 6374
8950 6374
8153 6375
8156 6376
8157 6377
8159 6378
8160 6379
8165 6380
8185 6381
8189 6382
8190 6383
8191 6384
8192 6385
8193 6386
8194 6387
8195 6388
8196 6389
8197 6390
8198 6391
8199 6392
8203 6393
8206 6394
8207 6395
8211 6396
8213 6397
8214 6398
8220 6399
8221 6400
8222 6401
8225 6402
8227 6403
8228 6404
8229 6405
8230 6406
8231 6407
8346 6407
8232 6408
8233 6409
8235 6409
8234 6410
8236 6411
8237 6412
8238 6413
8239 6414
8240 6415
8241 6416
8242 6417
8243 6418
8244 6419
8245 6419
8246 6419
8247 6419
8248 6419
8249 6419
8250 6419
8252 6420
8253 6421
8255 6422
8256 6423
8257 6424
8258 6425
8350 6425
8259 6426
8353 6426
8260 6427
8261 6428
8265 6429
9518 6429
8266 6430
8267 6431
8268 6432
8269 6432
8270 6432
8273 6433
8275 6434
8276 6435
8277 6436
8278 6437
8279 6438
8280 6439
8281 6440
8282 6441
8284 6442
8285 6443
8286 6444
8287 6445
8288 6446
8289 6447
8330 6447
8290 6448
8291 6449
8292 6450
8293 6451
8294 6452
8295 6453
8296 6454
8297 6455
8299 6456
8300 6457
8301 6458
8302 6459
8303 6460
8304 6461
8305 6462
8306 6463
8307 6464
8308 6464
8309 6465
8310 6466
8311 6467
8313 6468
8314 6469
8315 6470
8316 6471
8317 6472
8318 6473
8972 6473
9019 6473
8319 6474
8320 6475
8322 6476
8323 6477
8324 6478
8325 6479
8326 6480
8327 6481
8328 6482
8438 6482
8329 6483
8331 6484
8332 6485
8333 6486
9262 6486
8335 6487
8336 6488
8337 6489
9097 6489
8339 6490
8340 6491
8341 6492
8342 6493
8343 6494
8344 6495
8345 6496
8347 6497
8348 6498
8349 6499
8351 6500
8352 6501
8354 6502
8355 6503
8356 6504
8358 6504
8357 6505
8359 6506
8360 6507
8361 6508
8363 6509
8365 6510
8367 6511
8369 6512
8371 6513
8372 6514
8373 6515
8374 6516
8375 6517
8376 6518
8377 6519
8378 6520
8379 6521
8380 6522
8381 6523
8382 6524
8383 6525
8384 6526
8385 6527
8386 6528
8387 6529
8388 6530
8390 6531
8391 6532
8569 6532
8392 6533
8393 6534
8394 6535
8395 6536
8396 6537
8397 6538
8398 6539
8399 6540
8402 6541
8403 6542
8405 6543
8406 6544
8407 6545
8409 6546
8410 6547
8762 6547
9521 6547
8411 6548
8412 6549
8413 6550
8414 6551
8415 6552
8416 6553
8417 6554
8418 6555
8419 6556
8420 6557
8421 6558
8422 6558
8423 6559
8424 6560
8495 6560
8426 6561
8427 6562
8428 6563
8429 6564
8431 6565
8432 6566
8436 6566
8433 6567
8434 6568
8435 6569
8437 6570
8439 6571
8448 6571
8440 6572
8441 6573
9247 6573
8442 6574
8443 6575
8444 6576
8445 6577
8446 6578
8447 6579
8449 6580
8450 6581
8451 6582
8452 6583
8453 6584
8455 6585
8456 6586
8457 6587
8459 6588
8460 6589
8461 6590
8462 6591
8464 6592
8465 6593
8466 6594
8468 6595
8469 6596
8470 6597
8471 6598
8472 6599
8473 6600
8474 6601
8476 6602
8477 6603
8478 6604
8480 6605
9088 6605
8481 6606
8482 6607
8483 6608
8484 6609
8485 6610
8486 6611
8487 6612
8488 6613
8489 6614
8490 6615
8491 6616
8492 6617
8496 6618
8497 6619
8498 6620
8499 6621
8673 6621
8500 6622
8501 6623
8502 6624
8504 6625
8505 6626
8506 6627
8507 6628
8508 6629
8509 6630
8513 6631
8514 6632
8516 6633
8518 6634
8519 6635
8521 6636
8786 6636
8522 6637
8523 6638
8524 6639
8803 6639
8525 6640
8530 6641
8531 6642
8738 6642
8536 6643
8537 6644
8538 6645
8543 6646
8545 6647
8550 6648
8551 6649
8552 6650
8553 6651
8555 6652
8556 6653
8557 6654
8560 6655
8561 6656
8562 6657
8563 6658
8564 6659
8565 6660
8566 6661
8567 6662
8568 6663
8699 6663
8570 6664
9244 6664
8571 6665
8573 6666
8574 6667
8575 6668
9114 6668
9123 6668
8576 6669
8577 6670
8578 6671
8580 6672
8582 6673
9068 6673
8583 6674
8585 6675
8586 6676
8587 6677
8588 6678
8589 6679
8590 6680
8591 6681
8627 6681
8592 6682
8593 6683
8594 6684
8595 6685
8596 6686
8597 6687
8598 6688
8599 6689
8600 6690
8601 6691
8602 6692
8603 6693
8604 6694
8605 6695
8606 6696
8607 6697
8608 6698
8609 6699
8610 6700
8611 6701
8612 6702
8613 6703
8614 6704
8615 6705
8616 6706
8617 6707
8618 6708
8619 6709
8620 6710
8621 6711
8622 6712
9413 6712
8623 6713
8624 6714
8625 6715
8626 6716
8628 6717
8629 6718
8630 6719
8631 6720
8632 6721
8633 6722
8634 6723
8635 6724
8636 6725
8637 6726
8638 6727
8639 6728
8640 6729
8641 6730
8642 6731
8643 6732
8644 6732
8645 6732
8646 6733
8647 6734
8648 6735
8649 6736
8650 6737
8651 6738
8666 6738
8652 6739
8653 6740
8654 6741
8655 6742
8656 6743
8657 6744
8658 6745
8659 6746
8660 6747
8661 6748
8662 6749
8663 6750
8664 6751
8665 6751
8667 6752
8668 6753
8669 6753
8670 6753
8671 6753
8672 6753
8674 6754
8675 6755
8676 6756
8677 6757
8678 6758
8679 6759
8680 6760
8681 6761
8682 6762
8683 6763
8684 6764
8685 6765
8686 6766
8687 6767
8688 6768
8690 6769
8692 6770
8693 6771
8694 6772
8695 6773
8696 6774
8697 6775
8698 6776
8700 6777
8707 6777
8715 6777
8804 6777
8701 6778
8703 6779
8704 6780
8705 6781
8706 6782
8708 6783
8711 6784
8712 6785
8713 6786
8714 6787
8717 6788
8718 6789
8719 6790
8722 6791
8723 6792
8724 6793
8725 6794
8727 6795
8728 6796
8730 6797
8731 6798
8732 6799
8734 6800
8806 6800
8736 6801
8737 6802
8739 6803
8741 6804
8744 6804
8742 6805
8743 6806
8788 6806
8745 6807
8747 6808
8750 6809
8752 6810
8753 6811
8754 6812
8755 6813
8757 6814
8759 6815
8761 6816
8763 6817
8764 6818
8766 6819
8767 6820
8768 6821
8770 6822
8771 6823
8772 6824
8774 6825
8776 6826
8778 6827
8779 6828
8781 6829
8782 6830
8783 6831
8784 6832
8785 6833
8789 6834
8791 6835
8793 6836
8794 6837
8795 6838
8797 6839
8798 6840
8799 6841
8800 6842
8802 6843
9176 6843
8805 6844
8807 6845
8808 6846
8809 6847
8812 6848
8814 6849
8815 6850
8816 6851
8817 6852
8820 6853
8821 6854
8822 6855
8824 6856
8825 6857
8826 6858
8827 6859
8828 6860
8829 6861
8830 6862
8831 6863
8832 6864
8833 6865
8834 6866
8837 6867
9270 6867
8843 6868
8846 6869
8856 6870
8857 6871
8859 6872
8863 6873
8870 6874
8875 6875
8876 6876
8877 6877
8878 6878
8881 6879
8882 6880
8883 6881
8884 6882
8885 6883
8886 6884
8887 6884
8957 6884
8888 6885
8890 6886
8892 6887
8893 6888
8894 6889
8895 6890
8896 6891
8897 6892
8898 6893
8899 6894
8900 6895
8901 6896
8902 6897
8903 6898
8904 6899
8905 6900
8906 6901
8908 6902
9051 6902
9052 6902
8909 6903
8910 6904
8911 6905
8912 6906
8913 6907
8914 6908
8915 6909
8918 6910
8919 6911
8921 6912
8922 6913
8923 6914
8924 6915
8925 6916
8926 6917
8927 6918
8928 6919
8931 6920
8932 6921
8933 6922
8934 6923
8935 6924
8936 6925
8939 6926
8942 6927
8944 6928
8945 6929
8948 6930
8949 6931
8951 6932
8952 6933
8953 6934
8954 6935
8955 6936
8956 6937
8958 6938
8959 6939
8960 6940
8961 6941
8962 6942
8963 6943
8964 6944
8965 6945
8966 6946
8967 6947
8968 6948
8969 6949
8970 6950
8971 6951
8973 6952
8974 6953
9031 6953
8975 6954
8976 6955
8977 6956
8978 6957
8979 6958
8980 6959
8981 6960
8982 6961
8983 6962
8984 6963
8985 6964
9229 6964
8986 6965
8987 6966
8988 6967
8989 6968
8990 6969
8991 6970
8992 6971
8993 6972
8994 6973
8995 6974
8996 6975
8997 6976
8998 6977
8999 6978
9000 6979
9001 6980
9002 6981
9003 6982
9004 6983
9005 6984
9006 6985
9007 6986
9008 6987
9009 6988
9010 6989
9011 6990
9012 6991
9013 6992
9014 6993
9015 6993
9016 6994
9017 6995
9018 6996
9020 6997
9021 6998
9022 6999
9023 7000
9024 7001
9025 7002
9026 7003
9027 7004
9028 7005
9029 7006
9030 7007
9032 7008
9033 7009
9034 7009
9035 7010
9036 7011
9037 7012
9038 7013
9039 7014
9040 7015
9041 7016
9042 7017
9043 7018
9044 7019
9045 7020
9046 7021
9047 7022
9048 7023
9049 7024
9050 7025
9053 7026
9054 7027
9055 7028
9056 7029
9057 7030
9058 7031
9059 7032
9060 7033
9061 7034
9062 7035
9063 7036
9065 7037
9066 7038
9069 7039
9070 7040
9071 7041
9072 7042
9073 7043
9074 7044
9076 7045
9080 7046
9083 7047
9089 7048
9090 7049
9092 7050
9093 7051
9094 7052
9096 7053
9098 7054
9099 7055
9100 7056
9101 7057
9102 7058
9103 7059
9104 7060
9105 7061
9106 7062
9107 7063
9108 7064
9109 7065
9110 7066
9111 7067
9112 7068
9113 7069
9115 7070
9116 7071
9148 7071
9117 7072
9118 7073
9119 7074
9120 7075
9121 7076
9124 7077
9125 7078
9127 7079
9128 7080
9129 7081
9130 7082
9131 7083
9132 7084
9134 7085
9136 7086
9139 7087
9154 7087
9140 7088
9141 7089
9142 7090
9145 7091
9147 7092
9149 7093
9227 7093
9150 7094
9152 7095
9332 7095
9153 7096
9156 7097
9158 7098
9159 7099
9163 7100
9164 7101
9251 7101
9167 7102
9168 7103
9178 7103
9169 7104
9171 7105
9172 7106
9174 7107
9177 7108
9179 7109
9183 7110
9187 7111
9192 7112
9193 7113
9255 7113
9194 7114
9195 7115
9196 7116
9198 7117
9199 7118
9200 7119
9201 7120
9202 7121
9203 7122
9204 7123
9205 7124
9207 7125
9208 7126
9210 7127
9211 7128
9212 7129
9213 7130
9215 7131
9216 7132
9217 7133
9218 7134
9219 7135
9220 7136
9221 7137
9223 7138
9224 7139
9225 7140
9228 7141
9230 7142
9231 7143
9232 7144
9233 7145
9234 7146
9235 7147
9237 7148
9238 7149
9240 7150
9241 7151
9242 7152
9243 7153
9245 7154
9246 7155
9248 7156
9249 7157
9250 7158
9253 7159
9254 7160
9256 7161
9257 7162
9258 7163
9259 7164
9260 7165
9261 7166
9263 7167
9264 7168
9265 7169
9272 7170
9274 7171
9277 7172
9279 7173
9282 7174
9284 7175
9289 7176
9290 7177
9291 7178
9298 7179
9299 7180
9300 7181
9301 7182
9302 7183
9303 7184
9304 7185
9305 7186
9306 7187
9307 7188
9308 7189
9310 7190
9314 7191
9320 7192
9322 7193
9326 7194
9331 7195
9333 7196
9334 7197
9337 7198
9339 7199
9340 7200
9341 7201
9342 7202
9343 7203
9344 7204
9345 7205
9346 7206
9348 7207
9349 7208
9351 7209
9352 7210
9353 7211
9354 7212
9355 7213
9356 7214
9357 7215
9359 7216
9360 7217
9361 7218
9362 7219
9363 7220
9365 7221
9366 7222
9367 7223
9369 7224
9371 7225
9373 7226
9375 7227
9376 7228
9377 7229
9378 7230
9381 7231
9382 7231
9389 7231
9383 7232
9384 7233
9387 7234
9388 7235
9390 7236
9391 7237
9394 7238
9395 7239
9396 7240
9397 7241
9398 7242
9399 7243
9400 7244
9401 7245
9402 7246
9403 7247
9404 7248
9405 7249
9406 7250
9407 7251
9408 7252
9409 7253
9410 7254
9411 7255
9412 7256
9414 7257
9415 7258
9416 7259
9417 7260
9418 7261
9419 7262
9420 7263
9421 7264
9422 7265
9423 7266
9424 7267
9425 7268
9426 7269
9427 7270
9428 7271
9429 7272
9430 7273
9431 7274
9432 7275
9433 7276
9434 7277
9435 7278
9438 7279
9439 7280
9440 7281
9441 7282
9442 7283
9443 7284
9445 7285
9446 7286
9447 7287
9448 7288
9449 7289
9450 7290
9451 7291
9452 7292
9453 7293
9454 7293
9455 7293
9456 7293
9457 7294
9458 7295
9459 7296
9460 7297
9461 7298
9462 7299
9463 7300
9464 7301
9465 7302
9466 7303
9467 7304
9468 7305
9469 7306
9470 7307
9471 7308
9472 7309
9473 7310
9474 7311
9478 7311
9475 7312
9476 7313
9477 7314
9479 7315
9480 7316
9482 7317
9483 7318
9484 7319
9485 7320
9489 7320
9490 7320
9486 7321
9487 7322
9495 7322
9497 7322
9498 7322
9488 7323
9491 7324
9492 7325
9493 7326
9494 7327
9496 7328
9500 7329
9501 7330
9502 7331
9504 7332
9624 7332
9505 7333
9510 7334
9511 7335
9512 7336
9514 7337
9515 7338
9516 7339
9517 7340
9522 7341
9523 7342
9524 7343
9525 7344
9527 7345
9528 7346
9529 7347
9530 7348
9531 7349
9532 7349
9534 7349
9535 7349
9536 7349
9537 7349
9539 7350
9544 7351
9545 7352
9547 7353
9548 7354
9549 7355
9570 7355
9550 7356
9551 7357
9552 7358
9554 7359
9555 7360
9556 7361
9558 7362
9561 7363
9562 7364
9563 7365
9564 7366
9565 7367
9566 7368
9567 7369
9568 7370
9575 7370
9579 7370
9611 7370
9631 7370
9643 7370
9668 7370
9676 7370
9569 7371
9571 7372
9572 7373
9573 7374
9574 7375
9576 7376
9577 7377
9578 7378
9581 7379
9582 7380
9743 7380
9583 7381
9584 7382
9585 7383
9586 7384
9587 7385
9588 7386
9589 7387
9590 7388
9591 7389
9592 7390
9593 7391
9594 7392
9595 7393
9596 7394
9597 7395
9598 7396
9600 7397
9601 7398
9602 7399
9603 7400
9604 7401
9605 7402
9606 7403
9607 7403
9608 7404
9609 7405
9610 7406
9612 7407
9613 7408
9614 7409
9615 7410
9616 7411
9617 7412
9618 7413
9619 7414
9620 7415
9621 7416
9622 7417
9623 7418
9625 7419
9626 7420
9627 7421
9628 7422
9629 7423
9630 7424
9634 7425
9636 7426
9637 7427
9639 7428
9640 7429
9641 7430
9642 7431
9644 7432
9645 7433
9646 7433
9647 7434
9648 7434
9649 7435
9650 7436
9651 7437
9652 7438
9653 7439
9654 7440
9655 7441
9656 7442
9657 7443
9658 7444
9659 7445
9660 7446
9661 7447
9662 7448
9663 7449
9664 7450
9665 7451
9666 7452
9667 7453
9669 7454
9670 7455
9671 7456
9673 7456
9672 7457
9674 7458
9675 7459
9677 7460
9678 7461
9679 7462
9680 7463
9681 7464
9682 7465
9683 7466
9684 7467
9685 7468
9686 7469
9687 7470
9688 7471
9689 7472
9690 7473
9691 7474
9692 7475
9693 7476
9694 7477
9695 7478
9696 7479
9697 7480
9698 7481
9699 7482
9700 7483
9701 7484
9702 7485
9703 7486
9704 7487
9705 7488
9706 7489
9707 7490
9708 7491
9709 7492
9710 7493
9711 7494
9712 7495
9713 7496
9750 7496
9762 7496
9851 7496
9877 7496
9714 7497
9715 7498
9716 7499
9717 7500
9718 7501
9719 7502
9720 7503
9721 7504
9722 7505
9723 7506
9724 7507
9725 7508
9726 7509
9727 7510
9728 7511
9729 7512
9730 7513
9731 7514
9732 7515
9733 7516
9734 7517
9735 7518
9736 7519
9737 7520
9738 7521
9739 7522
9740 7523
9741 7524
9742 7525
9744 7526
9745 7527
9746 7528
9748 7529
9749 7530
9751 7531
9752 7532
9753 7533
9754 7534
9755 7535
9756 7536
9757 7537
9758 7538
9759 7539
9760 7540
9761 7541
9763 7542
9764 7543
9765 7544
9766 7545
9767 7546
9768 7547
9769 7548
9770 7549
9771 7550
9772 7551
9773 7552
9774 7553
9775 7554
9776 7555
9777 7556
9778 7557
9779 7558
9780 7559
9781 7560
9782 7561
9783 7562
9784 7563
9785 7564
9786 7565
9787 7566
9788 7567
9789 7568
9790 7569
9791 7570
9792 7571
9793 7572
9794 7573
9795 7574
9796 7575
9797 7576
9798 7577
9799 7578
9800 7579
9801 7580
9802 7581
9803 7582
9804 7583
9805 7584
9806 7585
9807 7586
9808 7587
9809 7588
9810 7589
9811 7590
9812 7591
9813 7592
9814 7593
9815 7594
9816 7595
9817 7596
9818 7597
9819 7598
9820 7599
9821 7600
9822 7601
9823 7602
9824 7603
9825 7604
9826 7605
9827 7606
9828 7607
9829 7608
9830 7609
9831 7610
9832 7611
9833 7612
9834 7613
9835 7614
9836 7615
9837 7616
9838 7617
9840 7618
9841 7619
9843 7620
9844 7621
9845 7622
9846 7623
9847 7624
9848 7625
9849 7626
9850 7627
9852 7628
9853 7629
9854 7630
9855 7631
9857 7632
9858 7633
9859 7634
9860 7635
9861 7636
9862 7637
9863 7638
9864 7639
9865 7640
9866 7641
9867 7642
9868 7643
9869 7644
9870 7645
9871 7646
9872 7647
9873 7648
9874 7649
9875 7650
9876 7651
9878 7652
9879 7653
9880 7654
9881 7655
9882 7656
9883 7657
9884 7658
9885 7659
9886 7660
9887 7661
9888 7662
9889 7663
9890 7664
9891 7665
9892 7666
9893 7667
9894 7668
9895 7669
9896 7670
9897 7671
9898 7672
9899 7673
9900 7674
9901 7675
9902 7676
9903 7677
9904 7678
9905 7679
9906 7680
9907 7681
9908 7682
9909 7683
9910 7684
9911 7685
9912 7686
9913 7687
9914 7688
9915 7689
9916 7690
9917 7691
9918 7692
9919 7693
9920 7694
9921 7695
9922 7696
9923 7697
9924 7698
9925 7699
9926 7700
9927 7701
9928 7702
9929 7703
9930 7704
9931 7705
9932 7706
9933 7707
9934 7708
9935 7709
9936 7710
9937 7711
9938 7712
9939 7713
9940 7714
9941 7715
9942 7716
9943 7717
9944 7718
9945 7719
9946 7720
9947 7721
9948 7722
9949 7723
9950 7724
9951 7725
9952 7726
9953 7727
9954 7728
9955 7729
9957 7730
9958 7731
9959 7732
9960 7733
9961 7734
9962 7735
9963 7736
9964 7737
9965 7738
9966 7739
9967 7740
9968 7741
9969 7742
9970 7743
9971 7744
9972 7745
9973 7746
9974 7747
9975 7748
9976 7749
9977 7750
9978 7751
9979 7752
9980 7753
9981 7754
9982 7755
9983 7756
9984 7757
9985 7758
9986 7759
9988 7760
9990 7761
9992 7762
9993 7763
9995 7764
9996 7765
