0 0
1 1
2 1
5 1
8 1
460 1
3 2
4 2
6 2
7 2
9 3
10 4
11 5
12 6
13 6
14 6
15 6
16 7
17 8
18 9
19 10
20 11
21 12
22 13
23 14
24 15
25 15
26 15
27 16
430 16
28 17
495 17
29 18
30 19
742 19
31 20
32 21
33 22
3500 22
34 23
35 24
36 25
37 26
38 27
39 28
752 28
5164 28
7275 28
40 29
904 29
41 30
288 30
42 31
936 31
43 32
44 33
45 34
46 35
422 35
47 36
48 37
782 37
49 38
815 38
50 39
924 39
51 40
52 41
681 41
53 42
54 43
55 44
657 44
56 45
4106 45
57 46
188 46
58 47
59 48
60 49
61 50
62 51
647 51
63 52
916 52
64 53
1185 53
65 54
66 55
67 56
68 57
69 58
70 59
71 60
1613 60
72 61
73 62
655 62
801 62
74 63
802 63
75 64
3837 64
76 65
77 66
78 67
1528 67
4447 67
4951 67
79 68
80 69
81 70
82 71
83 72
3858 72
84 73
85 74
86 75
87 76
798 76
88 77
89 78
90 79
91 80
92 81
93 82
94 83
95 84
339 84
4459 84
6745 84
96 85
97 86
764 86
98 87
5491 87
7672 87
99 88
100 89
675 89
772 89
1855 89
4821 89
101 90
102 91
103 92
104 93
105 94
106 95
107 96
108 97
109 98
110 99
111 100
7538 100
112 101
113 102
114 103
115 104
116 105
117 106
127 106
118 107
119 108
120 109
121 110
122 111
123 112
124 113
2701 113
3789 113
4733 113
125 114
126 115
128 116
129 117
4818 117
130 118
692 118
131 119
132 120
133 121
134 122
135 123
136 124
137 125
138 126
139 127
851 127
3610 127
5148 127
6428 127
140 128
141 129
142 130
9839 130
143 131
144 132
145 133
146 134
147 135
148 136
303 136
149 137
1215 137
150 138
151 139
152 140
153 141
154 142
155 143
156 144
157 145
158 146
159 147
160 148
161 149
162 150
163 151
164 152
165 153
1189 153
166 154
1800 154
167 155
168 156
169 157
1379 157
170 158
171 159
172 160
173 161
174 162
175 163
176 164
177 165
178 166
179 167
180 168
181 169
2466 169
182 170
925 170
183 171
1474 171
4307 171
184 172
185 173
4621 173
186 174
187 175
189 176
190 177
191 178
192 179
294 179
193 180
194 181
195 182
196 183
4466 183
4875 183
7537 183
9444 183
197 184
198 185
7257 185
199 186
200 187
4769 187
201 188
202 189
203 190
271 190
863 190
204 191
205 192
206 193
207 194
208 195
209 196
325 196
210 197
211 198
212 199
213 200
214 201
215 202
216 203
217 204
9091 204
218 205
219 206
220 207
2333 207
221 208
222 209
223 210
446 210
224 211
225 212
226 213
227 214
4768 214
228 215
229 216
4565 216
8226 216
230 217
231 218
232 219
233 220
234 221
235 222
236 223
237 224
789 224
238 225
239 226
240 227
241 228
242 229
243 230
244 231
245 232
4338 232
246 233
448 233
247 234
3348 234
248 235
249 236
250 237
251 238
252 239
253 240
254 241
4356 241
255 242
256 243
269 243
257 244
258 245
259 246
915 246
260 247
4370 247
261 248
262 249
263 250
264 251
265 252
3805 252
266 253
267 254
330 254
670 254
268 255
270 256
272 257
273 258
336 258
805 258
274 259
3826 259
5146 259
275 260
3430 260
276 261
277 262
278 263
279 264
280 265
281 266
282 267
283 268
284 269
285 270
286 271
651 271
287 272
2933 272
289 273
290 274
291 275
292 276
293 277
416 277
7315 277
7934 277
295 278
296 279
297 280
298 281
715 281
299 282
300 283
6204 283
301 284
2564 284
302 285
304 286
305 287
306 288
307 289
308 290
309 291
310 292
311 293
312 294
313 295
4754 295
8011 295
314 296
315 297
316 298
317 299
592 299
4609 299
4610 299
318 300
319 301
320 302
321 303
322 304
323 305
7207 305
324 306
3869 306
5156 306
326 307
327 308
328 309
329 310
331 311
332 312
333 313
334 314
5241 314
7993 314
335 315
850 315
867 315
337 316
338 317
9073 317
340 318
341 319
342 320
343 321
6683 321
344 322
589 322
345 323
346 324
705 324
347 325
348 326
349 327
350 328
351 329
3110 329
352 330
353 331
354 332
355 333
356 334
357 335
358 336
359 337
360 338
361 339
362 340
363 341
364 342
365 343
366 344
367 345
368 346
369 347
370 348
371 349
372 350
373 351
550 351
374 352
375 353
376 354
377 355
378 356
458 356
379 357
486 357
3170 357
380 358
381 359
382 360
383 361
384 362
7270 362
385 363
386 364
387 365
388 366
389 367
390 368
391 369
459 369
462 369
540 369
548 369
842 369
392 370
393 371
3155 371
394 372
395 373
396 374
397 375
710 375
398 376
399 377
400 378
535 378
3418 378
3419 378
3420 378
5923 378
401 379
415 379
402 380
4301 380
403 381
404 382
5090 382
405 383
406 384
407 385
408 386
409 387
410 388
411 389
412 390
413 391
414 392
417 393
418 394
419 395
420 396
421 397
423 398
4306 398
424 399
425 400
426 401
427 402
428 403
429 404
431 405
432 406
2166 406
433 407
434 408
750 408
435 409
436 410
437 411
438 412
9392 412
439 413
587 413
440 414
526 414
441 415
4305 415
442 416
443 417
444 418
445 419
447 420
449 421
450 422
451 423
452 424
453 425
454 426
3946 426
455 427
456 428
457 429
461 430
785 430
463 431
464 432
465 433
466 434
467 435
468 436
469 437
470 438
471 439
472 440
473 441
824 441
474 442
475 443
590 443
476 444
477 445
756 445
478 446
3865 446
479 447
480 448
481 449
482 450
483 451
484 452
485 453
487 454
488 455
2935 455
489 456
490 457
491 458
492 459
493 460
494 461
496 462
497 463
498 464
499 465
500 466
2725 466
501 467
502 468
503 469
504 470
505 471
506 472
507 473
508 474
1623 474
509 475
510 476
511 477
512 478
513 479
514 480
515 481
2270 481
516 482
517 483
518 484
519 485
520 486
521 487
522 488
523 489
524 490
525 491
527 492
528 493
529 494
2051 494
530 495
531 496
532 497
533 498
534 499
536 500
537 501
2391 501
538 502
539 503
541 504
542 505
543 506
3445 506
5612 506
544 507
545 508
1839 508
546 509
547 510
549 511
4616 511
551 512
552 513
2163 513
3899 513
553 514
3339 514
554 515
3857 515
555 516
4318 516
556 517
557 518
558 519
559 520
2939 520
560 521
5150 521
561 522
562 523
563 524
564 525
565 526
566 527
567 528
568 529
569 530
570 531
571 532
572 533
573 534
574 535
575 536
576 537
5250 537
7087 537
8823 537
577 538
578 539
579 540
580 541
581 542
582 543
9137 543
583 544
584 545
585 546
586 547
588 548
591 549
4893 549
593 550
594 551
595 552
596 553
716 553
758 553
873 553
597 554
598 555
599 556
826 556
600 557
3303 557
601 558
3807 558
602 559
2180 559
603 560
604 561
605 562
606 563
4766 563
607 564
608 565
841 565
609 566
610 567
754 567
611 568
612 569
613 570
614 571
615 572
616 573
617 574
618 575
619 576
620 577
621 578
622 579
623 580
624 581
625 582
626 583
627 584
628 585
629 586
2895 586
630 587
631 588
632 589
633 590
634 591
635 592
636 593
637 594
4844 594
638 595
639 596
640 597
641 598
642 599
643 600
644 601
645 602
646 603
648 604
3112 604
649 605
650 606
761 606
652 607
653 608
654 609
4740 609
656 610
658 611
659 612
660 613
661 614
662 615
663 616
664 617
665 618
666 619
3780 619
667 620
668 621
669 622
671 623
672 624
673 625
2570 625
674 626
676 627
677 628
678 629
679 630
680 631
682 632
683 633
1089 633
684 634
685 635
686 636
687 637
688 638
852 638
689 639
5617 639
8584 639
690 640
691 641
693 642
694 643
9252 643
695 644
6448 644
696 645
697 646
698 647
699 648
700 649
701 650
702 651
3388 651
703 652
704 653
706 654
707 655
708 656
709 657
711 658
712 659
713 660
714 661
3852 661
717 662
718 663
2934 663
719 664
720 665
721 666
722 667
723 668
724 669
3357 669
725 670
726 671
727 672
728 673
2355 673
729 674
730 675
3835 675
731 676
732 677
733 678
734 679
735 680
3823 680
736 681
737 682
797 682
738 683
739 684
740 685
741 686
743 687
744 688
745 689
746 690
747 691
748 692
749 693
751 694
4586 694
753 695
755 696
757 697
759 698
760 699
762 700
763 701
765 702
3169 702
4767 702
766 703
767 704
768 705
769 706
2431 706
770 707
771 708
773 709
774 710
775 711
776 712
777 713
778 714
1847 714
779 715
780 716
781 717
783 718
784 719
786 720
787 721
788 722
790 723
791 724
792 725
3874 725
793 726
794 727
795 728
846 728
796 729
799 730
800 731
6189 731
803 732
804 733
806 734
807 735
808 736
809 737
810 738
7308 738
811 739
812 740
813 741
814 742
816 743
822 743
817 744
818 745
819 746
820 747
821 748
2844 748
823 749
825 750
827 751
828 752
829 753
830 754
831 755
832 756
833 757
834 758
835 759
836 760
837 761
838 762
839 763
840 764
843 765
5962 765
844 766
5815 766
845 767
847 768
2217 768
848 769
849 770
853 771
854 772
855 773
856 774
857 775
858 776
888 776
859 777
860 778
861 779
5035 779
5228 779
862 780
864 781
865 782
866 783
868 784
869 785
4760 785
870 786
871 787
872 788
874 789
875 790
876 791
877 792
878 793
879 794
880 795
901 795
881 796
882 797
883 798
884 799
885 800
886 801
887 802
1244 802
889 803
890 804
891 805
892 806
893 807
894 808
895 809
896 810
897 811
898 812
899 813
900 814
902 815
4313 815
903 816
905 817
906 818
907 819
908 820
909 821
910 822
911 823
6748 823
912 824
913 825
914 826
3167 826
917 827
918 828
919 829
920 830
921 831
922 832
923 833
926 834
927 835
5623 835
7210 835
928 836
929 837
930 838
931 839
932 840
933 841
934 842
935 843
937 844
938 845
939 846
940 847
1492 847
941 848
942 849
943 850
944 851
5512 851
945 852
946 853
947 854
948 855
2328 855
2761 855
949 856
950 857
951 858
952 859
953 860
7963 860
7964 860
8081 860
8082 860
954 861
2234 861
5496 861
5700 861
955 862
1386 862
1562 862
2842 862
956 863
957 864
958 865
959 866
960 867
2507 867
961 868
1412 868
962 869
2059 869
963 870
964 871
1479 871
965 872
966 873
967 874
968 875
1813 875
969 876
970 877
971 878
972 879
973 880
974 881
975 882
976 883
5531 883
977 884
978 885
979 886
980 887
3760 887
981 888
982 889
983 890
984 891
6507 891
8152 891
985 892
986 893
8777 893
987 894
988 895
989 896
990 897
991 898
2112 898
2817 898
992 899
4759 899
993 900
994 901
995 902
996 903
997 904
998 905
999 906
1000 907
1001 908
1002 909
1003 910
1311 910
1004 911
1005 912
1006 913
1007 914
1008 915
6196 915
1009 916
1010 917
1011 918
1012 919
1013 920
1014 921
1929 921
1015 922
1016 923
3934 923
1017 924
1018 925
1019 926
2322 926
1020 927
5567 927
6561 927
1021 928
1022 929
1023 930
1024 931
1025 932
1026 933
1027 934
1028 935
1029 936
1030 937
1031 938
1032 939
3779 939
1033 940
1034 941
1035 942
1036 943
1037 944
2365 944
1038 945
1039 946
1040 947
1041 948
1042 949
1043 950
1044 951
8709 951
1045 952
7386 952
1046 953
1047 954
1048 955
1049 956
1050 957
1051 958
1052 959
1053 960
2325 960
1054 961
5492 961
1055 962
2720 962
1056 963
1057 964
1058 965
1059 966
1060 967
1061 968
1352 968
1062 969
2763 969
1063 970
1064 971
1065 972
2424 972
2435 972
1066 973
7465 973
1067 974
1068 975
1069 976
6870 976
1070 977
1071 978
1072 979
4820 979
1073 980
3042 980
1074 981
1883 981
1075 982
1223 982
1631 982
4679 982
1076 983
1729 983
1077 984
1078 985
1079 986
1080 987
2097 987
1081 988
1082 989
1083 990
1084 991
1085 992
1086 993
1087 994
1088 995
2359 995
1090 996
1091 997
1092 998
1093 999
1094 1000
1095 1001
1096 1002
1097 1003
1098 1004
1099 1005
1100 1006
1101 1007
1828 1007
1102 1008
1103 1009
1104 1010
1105 1011
1106 1012
1525 1012
1107 1013
1108 1014
2693 1014
1109 1015
1110 1016
1111 1017
1112 1018
1113 1019
1114 1020
1115 1021
1116 1022
1117 1023
1118 1024
1609 1024
1119 1025
1120 1026
2973 1026
1121 1027
1122 1028
1529 1028
1123 1029
1184 1029
2041 1029
1124 1030
1125 1031
2470 1031
1126 1032
1127 1033
1128 1034
1129 1035
5961 1035
1130 1036
1131 1037
1132 1038
1320 1038
1133 1039
1134 1040
1135 1041
8848 1041
1136 1042
2976 1042
1137 1043
1138 1044
2658 1044
1139 1045
1140 1046
2080 1046
1141 1047
1142 1048
1143 1049
1144 1050
1145 1051
1472 1051
2459 1051
1146 1052
1147 1053
1148 1054
1587 1054
2529 1054
5773 1054
1149 1055
1150 1056
1151 1057
1152 1058
1153 1059
1154 1060
1155 1061
1156 1062
1913 1062
2208 1062
2755 1062
1157 1063
1158 1064
1159 1065
1160 1066
1903 1066
2386 1066
2648 1066
1161 1067
1162 1068
1841 1068
1163 1069
1296 1069
2502 1069
1164 1070
1165 1071
1166 1072
1167 1073
1168 1074
1435 1074
5537 1074
1169 1075
1170 1076
1171 1077
1172 1078
1173 1079
1174 1080
1914 1080
1175 1081
2347 1081
1176 1082
1415 1082
1177 1083
1950 1083
1178 1084
1179 1085
1180 1086
2709 1086
1181 1087
1182 1088
2086 1088
1183 1089
1186 1090
1187 1091
1188 1092
1190 1093
1191 1094
8533 1094
1192 1095
1193 1096
1194 1097
2073 1097
1195 1098
1196 1099
1197 1100
1198 1101
1199 1102
1200 1103
1201 1104
1454 1104
1202 1105
1203 1106
1865 1106
1204 1107
1205 1108
1206 1109
1207 1110
1208 1111
1209 1112
1210 1113
2685 1113
1211 1114
1212 1115
1213 1116
1214 1117
1216 1118
1217 1119
1218 1120
1219 1121
1220 1122
2433 1122
1221 1123
1222 1124
1224 1125
1225 1126
1226 1127
1227 1128
2060 1128
2374 1128
1228 1129
1229 1130
1230 1131
1231 1132
2114 1132
1232 1133
1233 1134
1420 1134
1234 1135
1235 1136
2087 1136
1236 1137
1237 1138
1238 1139
1239 1140
5543 1140
1240 1141
1241 1142
1242 1143
1243 1144
1245 1145
1246 1146
1712 1146
1247 1147
1248 1148
1249 1149
1250 1150
2381 1150
1251 1151
1252 1152
2782 1152
1253 1153
1254 1154
4757 1154
9499 1154
1255 1155
5536 1155
1256 1156
1257 1157
1258 1158
1259 1159
1260 1160
1261 1161
1262 1162
1373 1162
1263 1163
1966 1163
1264 1164
1265 1165
1266 1166
1267 1167
1268 1168
1269 1169
1270 1170
2591 1170
1271 1171
1272 1172
1273 1173
1274 1174
1275 1175
2025 1175
2557 1175
1276 1176
5493 1176
1277 1177
1278 1178
1279 1179
2203 1179
1280 1180
1281 1181
1282 1182
1283 1183
1284 1184
1285 1185
2202 1185
1286 1186
5530 1186
1287 1187
1288 1188
1289 1189
1290 1190
1291 1191
1292 1192
1293 1193
1294 1194
1295 1195
1790 1195
1297 1196
1298 1197
1299 1198
1300 1199
3441 1199
1301 1200
1302 1201
1303 1202
1304 1203
1305 1204
1321 1204
1306 1205
1307 1206
1308 1207
1309 1208
1310 1209
1312 1210
1313 1211
1314 1212
1315 1213
1316 1214
1317 1215
1318 1216
1319 1217
1322 1218
1323 1219
1324 1220
1325 1221
1326 1222
1327 1223
1328 1224
1329 1225
1330 1226
1331 1227
1332 1228
1333 1229
1334 1230
1335 1231
1336 1232
6076 1232
1337 1233
1338 1234
5830 1234
1339 1235
1340 1236
1341 1237
2478 1237
3044 1237
1342 1238
1343 1239
5254 1239
9503 1239
1344 1240
1345 1241
1346 1242
1347 1243
2214 1243
1348 1244
1667 1244
5824 1244
1349 1245
1350 1246
1351 1247
1353 1248
1354 1249
1355 1250
1715 1250
1356 1251
1661 1251
1357 1252
2713 1252
1358 1253
1359 1254
2142 1254
2647 1254
1360 1255
3777 1255
1361 1256
1362 1257
2750 1257
1363 1258
1364 1259
1365 1260
1366 1261
1367 1262
1368 1263
1369 1264
1370 1265
2181 1265
1371 1266
2189 1266
2818 1266
1372 1267
1374 1268
1540 1268
1375 1269
1376 1270
1377 1271
1378 1272
1380 1273
1381 1274
1382 1275
1383 1276
1695 1276
1384 1277
1385 1278
1387 1279
1388 1280
2493 1280
2575 1280
1389 1281
1390 1282
2678 1282
1391 1283
1392 1284
6775 1284
1393 1285
1394 1286
1395 1287
1396 1288
1397 1289
1398 1290
1399 1291
2542 1291
1400 1292
1401 1293
1402 1294
5538 1294
1403 1295
1404 1296
1405 1297
1943 1297
1406 1298
1407 1299
1408 1300
2199 1300
2612 1300
1409 1301
1410 1302
1411 1303
1413 1304
1414 1305
1416 1306
1417 1307
1882 1307
2437 1307
1418 1308
4762 1308
1419 1309
1421 1310
1422 1311
1423 1312
1424 1313
1425 1314
1426 1315
1427 1316
1464 1316
1500 1316
2343 1316
5544 1316
5545 1316
5720 1316
5851 1316
1428 1317
1429 1318
1430 1319
1431 1320
3801 1320
7966 1320
1432 1321
1433 1322
1434 1323
1436 1324
1437 1325
2292 1325
1438 1326
1439 1327
1440 1328
1441 1329
4302 1329
8200 1329
1442 1330
1443 1331
1444 1332
1445 1333
4343 1333
1446 1334
1447 1335
1448 1336
2289 1336
1449 1337
1450 1338
1451 1339
1452 1340
1453 1341
5995 1341
1455 1342
7633 1342
1456 1343
1523 1343
2445 1343
5719 1343
1457 1344
1458 1345
1459 1346
1460 1347
1461 1348
1462 1349
4852 1349
1463 1350
1465 1351
1466 1352
1467 1353
1468 1354
1469 1355
1470 1356
1471 1357
7756 1357
1473 1358
1475 1359
1476 1360
1477 1361
1478 1362
1480 1363
1481 1364
1482 1365
1483 1366
1484 1367
1485 1368
4942 1368
5958 1368
1486 1369
1487 1370
1488 1371
1489 1372
1490 1373
1491 1374
1493 1375
1494 1376
1495 1377
6238 1377
7351 1377
1496 1378
1689 1378
1497 1379
1498 1380
6236 1380
7507 1380
1499 1381
1501 1382
1502 1383
1783 1383
3887 1383
9580 1383
9632 1383
9633 1383
9638 1383
1503 1384
1766 1384
3626 1384
1504 1385
2781 1385
1505 1386
1506 1387
1507 1388
1508 1389
1509 1390
1510 1391
1511 1392
1512 1393
4997 1393
1513 1394
1514 1395
1515 1396
1516 1397
1517 1398
4758 1398
1518 1399
3699 1399
1519 1400
1520 1401
1521 1402
1522 1403
2724 1403
1524 1404
1526 1405
1527 1406
1910 1406
1530 1407
1531 1408
1532 1409
1533 1410
1534 1411
1535 1412
1536 1413
1537 1414
1538 1415
1539 1416
1541 1417
1542 1418
2992 1418
3685 1418
1543 1419
3875 1419
5145 1419
9338 1419
1544 1420
2409 1420
1545 1421
4940 1421
1546 1422
1547 1423
1548 1424
1549 1425
1550 1426
1551 1427
1552 1428
1553 1429
1554 1430
1555 1431
1556 1432
1557 1433
1558 1434
1559 1435
6233 1435
7416 1435
1560 1436
1561 1437
1563 1438
1564 1439
1565 1440
1566 1441
2061 1441
1567 1442
1568 1443
1569 1444
1570 1445
1571 1446
1572 1447
1573 1448
1574 1449
1575 1450
1576 1451
3954 1451
1577 1452
1578 1453
1579 1454
1580 1455
1581 1456
1582 1457
5084 1457
1583 1458
1584 1459
2319 1459
1585 1460
1586 1461
1635 1461
2043 1461
3819 1461
3820 1461
1588 1462
1589 1463
1590 1464
1591 1465
8338 1465
1592 1466
1593 1467
1594 1468
1595 1469
1596 1470
1597 1471
1598 1472
1599 1473
1600 1474
1601 1475
1602 1476
3676 1476
6234 1476
7417 1476
1603 1477
1604 1478
1605 1479
1606 1480
1765 1480
3692 1480
1607 1481
1608 1482
1610 1483
1611 1484
4863 1484
1612 1485
1614 1486
1615 1487
1616 1488
1617 1489
1618 1490
1619 1491
1620 1492
1621 1493
1622 1494
1624 1495
1625 1496
1626 1497
1627 1498
1628 1499
1629 1500
1646 1500
1687 1500
2303 1500
2699 1500
1630 1501
1632 1502
4396 1502
1633 1503
1756 1503
1634 1504
1636 1505
1637 1506
1638 1507
4772 1507
1639 1508
1640 1509
2314 1509
1641 1510
2315 1510
2779 1510
1642 1511
1643 1512
1644 1513
1645 1514
1647 1515
1648 1516
1931 1516
1649 1517
1650 1518
1651 1519
1652 1520
1653 1521
1654 1522
1655 1523
1656 1524
1657 1525
2017 1525
1658 1526
1659 1527
1660 1528
1662 1529
1663 1530
1664 1531
1665 1532
1666 1533
1668 1534
1880 1534
2515 1534
2747 1534
1669 1535
1670 1536
1671 1537
1672 1538
4771 1538
1673 1539
1674 1540
1675 1541
1676 1542
1677 1543
1678 1544
1679 1545
1680 1546
1681 1547
1682 1548
5525 1548
1683 1549
1684 1550
1685 1551
1686 1552
5599 1552
1688 1553
1690 1554
1691 1555
1692 1556
1693 1557
1694 1558
1696 1559
1697 1560
1698 1561
1699 1562
1700 1563
1701 1564
1702 1565
1703 1566
1704 1567
1705 1568
1706 1569
3463 1569
1707 1570
1708 1571
1709 1572
1710 1573
2802 1573
1711 1574
5278 1574
1713 1575
1714 1576
1716 1577
1717 1578
1718 1579
1975 1579
1719 1580
2799 1580
1720 1581
1721 1582
4727 1582
9559 1582
1722 1583
1723 1584
1724 1585
1725 1586
1726 1587
1727 1588
1728 1589
1730 1590
1731 1591
1732 1592
1733 1593
3031 1593
1734 1594
1735 1595
1736 1596
3871 1596
1737 1597
1738 1598
1739 1599
1740 1600
1741 1601
1742 1602
2569 1602
1743 1603
1744 1604
1745 1605
1746 1606
1747 1607
1748 1608
1749 1609
1750 1610
1751 1611
3876 1611
5113 1611
1752 1612
1753 1613
1754 1614
1755 1615
1757 1616
1758 1617
1759 1618
1760 1619
1761 1620
1762 1621
1763 1622
1830 1622
5540 1622
1764 1623
1767 1624
1768 1625
1769 1626
1770 1627
1771 1628
1772 1629
1773 1630
1774 1631
1775 1632
1776 1633
1971 1633
2397 1633
1777 1634
1778 1635
1779 1636
1780 1637
1781 1638
1782 1639
1784 1640
1911 1640
2037 1640
1785 1641
1786 1642
1787 1643
1788 1644
1789 1645
1791 1646
1792 1647
2197 1647
1793 1648
1794 1649
1795 1650
1796 1651
1797 1652
1798 1653
1799 1654
1981 1654
1801 1655
1802 1656
1803 1657
1804 1658
1805 1659
1806 1660
1807 1661
1808 1662
1809 1663
9842 1663
1810 1664
1811 1665
1812 1666
1814 1667
1815 1668
4224 1668
1816 1669
1817 1670
1818 1671
5534 1671
1819 1672
1820 1673
1821 1674
1822 1675
1823 1676
1824 1677
1825 1678
1826 1679
1827 1680
2453 1680
1829 1681
5291 1681
1831 1682
1832 1683
1833 1684
1834 1685
1835 1686
1836 1687
1837 1688
1838 1689
1840 1690
1842 1691
1843 1692
3958 1692
1844 1693
2392 1693
6245 1693
6246 1693
7421 1693
7445 1693
1845 1694
1846 1695
1848 1696
1849 1697
1850 1698
1851 1699
5732 1699
1852 1700
1853 1701
1854 1702
1856 1703
1857 1704
1858 1705
1859 1706
1860 1707
1861 1708
2744 1708
1862 1709
2985 1709
1863 1710
1864 1711
1866 1712
1867 1713
1868 1714
1869 1715
1870 1716
6328 1716
9856 1716
1871 1717
1872 1718
1873 1719
1874 1720
1932 1720
2102 1720
6324 1720
1875 1721
1876 1722
1877 1723
1878 1724
1879 1725
1881 1726
1884 1727
4934 1727
1885 1728
1886 1729
1887 1730
1888 1731
1889 1732
1890 1733
1891 1734
1892 1735
1893 1736
1894 1737
1895 1738
1896 1739
1897 1740
1898 1741
1899 1742
1900 1743
1901 1744
1902 1745
1904 1746
3873 1746
5070 1746
1905 1747
8092 1747
1906 1748
1976 1748
1907 1749
1908 1750
1909 1751
1912 1752
1915 1753
1916 1754
1917 1755
1918 1756
1919 1757
1920 1758
1921 1759
1922 1760
1923 1761
1924 1762
1925 1763
1926 1764
1927 1765
1928 1766
1930 1767
1933 1768
1934 1769
1935 1770
1936 1771
1937 1772
2291 1772
3147 1772
1938 1773
1939 1774
1940 1775
1941 1776
5523 1776
1942 1777
1944 1778
1945 1779
1946 1780
1947 1781
1948 1782
1949 1783
1951 1784
9747 1784
1952 1785
1953 1786
1954 1787
2764 1787
1955 1788
1956 1789
1957 1790
1958 1791
1959 1792
1960 1793
9133 1793
1961 1794
1962 1795
1963 1796
1964 1797
1965 1798
1967 1799
1968 1800
1969 1801
1970 1802
1972 1803
1973 1804
1974 1805
1977 1806
1978 1807
1979 1808
1980 1809
4717 1809
1982 1810
1983 1811
1984 1812
1985 1813
1986 1814
4439 1814
5317 1814
5624 1814
7081 1814
1987 1815
9315 1815
1988 1816
1989 1817
1990 1818
1991 1819
1992 1820
1993 1821
1994 1822
1995 1823
1996 1824
2336 1824
1997 1825
1998 1826
1999 1827
2000 1828
2001 1829
2002 1830
2003 1831
2004 1832
2005 1833
2006 1834
2616 1834
2695 1834
2007 1835
4938 1835
2008 1836
2009 1837
2010 1838
2011 1839
2012 1840
2068 1840
2013 1841
2014 1842
2015 1843
2016 1844
3956 1844
2018 1845
2019 1846
2020 1847
2070 1847
2021 1848
2022 1849
2171 1849
2023 1850
2024 1851
2974 1851
4234 1851
2026 1852
2027 1853
2028 1854
5446 1854
2029 1855
2030 1856
2031 1857
2032 1858
2033 1859
2034 1860
2035 1861
2036 1862
2038 1863
2039 1864
2040 1865
2042 1866
2044 1867
2045 1868
2046 1869
2047 1870
2048 1871
2049 1872
2050 1873
2052 1874
2053 1875
4400 1875
2054 1876
2055 1877
2056 1878
5494 1878
2057 1879
2058 1880
2062 1881
2063 1882
2064 1883
2065 1884
2066 1885
2067 1886
2069 1887
2071 1888
2072 1889
2215 1889
2074 1890
7348 1890
7519 1890
2075 1891
2076 1892
2077 1893
2078 1894
2079 1895
2081 1896
2082 1897
2083 1898
2084 1899
2085 1900
2088 1901
2089 1902
2090 1903
8467 1903
2091 1904
2092 1905
2093 1906
2094 1907
4547 1907
2095 1908
2096 1909
2098 1910
3106 1910
3817 1910
7984 1910
8362 1910
2099 1911
2100 1912
2290 1912
2101 1913
2103 1914
2104 1915
2105 1916
2106 1917
2107 1918
2317 1918
2108 1919
2109 1920
2110 1921
2111 1922
2113 1923
2115 1924
2116 1925
2117 1926
2118 1927
2119 1928
2120 1929
2121 1930
2122 1931
2123 1932
2124 1933
2125 1934
2126 1935
2127 1936
2128 1937
2129 1938
3802 1938
8084 1938
2130 1939
2131 1940
2132 1941
2133 1942
2134 1943
2135 1944
2136 1945
2137 1946
2138 1947
2139 1948
2140 1949
2141 1950
2143 1951
2144 1952
2145 1953
2146 1954
2737 1954
2147 1955
2148 1956
2149 1957
2150 1958
2151 1959
2152 1960
2489 1960
2153 1961
2154 1962
2155 1963
2156 1964
2157 1965
2158 1966
2159 1967
2160 1968
2161 1969
2162 1970
2164 1971
2165 1972
2167 1973
2168 1974
2169 1975
2170 1976
2172 1977
2173 1978
2174 1979
2175 1980
2176 1981
2177 1982
2178 1983
2179 1984
2182 1985
2183 1986
2184 1987
2185 1988
2219 1988
2186 1989
2187 1990
5772 1990
2188 1991
2338 1991
2190 1992
2191 1993
2192 1994
2193 1995
2194 1996
2195 1997
2196 1998
2198 1999
2337 1999
2200 2000
2681 2000
2201 2001
5226 2001
2204 2002
5171 2002
2205 2003
2206 2004
2207 2005
2209 2006
2210 2007
2211 2008
2212 2009
2213 2010
2216 2011
2218 2012
2220 2013
2221 2014
2222 2015
5533 2015
2223 2016
2224 2017
2225 2018
2480 2018
2226 2019
2227 2020
3961 2020
5332 2020
2228 2021
2229 2022
2230 2023
2231 2024
2232 2025
2233 2026
2235 2027
2236 2028
2237 2029
2238 2030
2239 2031
2240 2032
2241 2033
2242 2034
2243 2035
2244 2036
2245 2037
2246 2038
2247 2039
2248 2040
2249 2041
2250 2042
2251 2043
2252 2044
2253 2045
2254 2046
2255 2047
2321 2047
2256 2048
2605 2048
2257 2049
3847 2049
2258 2050
2259 2051
2260 2052
2261 2053
2262 2054
2263 2055
2264 2056
2265 2057
2266 2058
4680 2058
2267 2059
2268 2060
3878 2060
5213 2060
5269 2060
7625 2060
2269 2061
2271 2062
2272 2063
2273 2064
2274 2065
2361 2065
2275 2066
2276 2067
2277 2068
2278 2069
2279 2070
2280 2071
2281 2072
2282 2073
2563 2073
2283 2074
3756 2074
2284 2075
2285 2076
2286 2077
2287 2078
2288 2079
2293 2080
2294 2081
2295 2082
2296 2083
3468 2083
2297 2084
2298 2085
2299 2086
2300 2087
8475 2087
2301 2088
2302 2089
2304 2090
8368 2090
2305 2091
2306 2092
2307 2093
2308 2094
2309 2095
2310 2096
2311 2097
2312 2098
2313 2099
2316 2100
2318 2101
2320 2102
2323 2103
2324 2104
2326 2105
2327 2106
2329 2107
2330 2108
8186 2108
2331 2109
2332 2110
2334 2111
2335 2112
2339 2113
2340 2114
2341 2115
2342 2116
2344 2117
2345 2118
2346 2119
2348 2120
2349 2121
2350 2122
2351 2123
2547 2123
2352 2124
2353 2125
3829 2125
2354 2126
2356 2127
2357 2128
4735 2128
2358 2129
2360 2130
2362 2131
2363 2132
2364 2133
2366 2134
2367 2135
2368 2136
2369 2137
2370 2138
2371 2139
2372 2140
2373 2141
2375 2142
3957 2142
4941 2142
2376 2143
2377 2144
2378 2145
2379 2146
2380 2147
2382 2148
2383 2149
2384 2150
2385 2151
2387 2152
2388 2153
2389 2154
2390 2155
2393 2156
2394 2157
2395 2158
2396 2159
2398 2160
2399 2161
2400 2162
2401 2163
2402 2164
2403 2165
2404 2166
2405 2167
7532 2167
2406 2168
2407 2169
2408 2170
5598 2170
2410 2171
2411 2172
2412 2173
2413 2174
2414 2175
2415 2176
2416 2177
2417 2178
2418 2179
2966 2179
2419 2180
2420 2181
2421 2182
2422 2183
2423 2184
2425 2185
2426 2186
2427 2187
2428 2188
2429 2189
2430 2190
2432 2191
2434 2192
2436 2193
2438 2194
2439 2195
2440 2196
2441 2197
2442 2198
2443 2199
2444 2200
9126 2200
2446 2201
2447 2202
2448 2203
2449 2204
2450 2205
2451 2206
3955 2206
4939 2206
2452 2207
5845 2207
2454 2208
2455 2209
2456 2210
2457 2211
2458 2212
2460 2213
2461 2214
2462 2215
2463 2216
2464 2217
2465 2218
2467 2219
2886 2219
5614 2219
2468 2220
2469 2221
2471 2222
2472 2223
5696 2223
2473 2224
2474 2225
2475 2226
2476 2227
2477 2228
2479 2229
2481 2230
2482 2231
2483 2232
2500 2232
2484 2233
2485 2234
2486 2235
2487 2236
2488 2237
2490 2238
2491 2239
2492 2240
2494 2241
2495 2242
2496 2243
2497 2244
6237 2244
2498 2245
2499 2246
2501 2247
2503 2248
2504 2249
2505 2250
2506 2251
2508 2252
2509 2253
2510 2254
2511 2255
2512 2256
2513 2257
2514 2258
2516 2259
2517 2260
6232 2260
7278 2260
2518 2261
2519 2262
2520 2263
2521 2264
2522 2265
2523 2266
9143 2266
2524 2267
2525 2268
2526 2269
2527 2270
2528 2271
2530 2272
3825 2272
2531 2273
2532 2274
2533 2275
2534 2276
2535 2277
2536 2278
2537 2279
2538 2280
2539 2281
8526 2281
2540 2282
2541 2283
2543 2284
2544 2285
2545 2286
2546 2287
2548 2288
2549 2289
2550 2290
2551 2291
2552 2292
2553 2293
2554 2294
2555 2295
2556 2296
2558 2297
2559 2298
2560 2299
3959 2299
2561 2300
2562 2301
2565 2302
2566 2303
2567 2304
2568 2305
2571 2306
2572 2307
2573 2308
2574 2309
2576 2310
2577 2311
2578 2312
2579 2313
9239 2313
2580 2314
2581 2315
2582 2316
2583 2317
2584 2318
8017 2318
2585 2319
2586 2320
3016 2320
5825 2320
2587 2321
2588 2322
2589 2323
2590 2324
2592 2325
2593 2326
4708 2326
5695 2326
8188 2326
2594 2327
2595 2328
2596 2329
5105 2329
5229 2329
2597 2330
2598 2331
2599 2332
2600 2333
2601 2334
2602 2335
2603 2336
2604 2337
2606 2338
2607 2339
2608 2340
2609 2341
2610 2342
2611 2343
2613 2344
3960 2344
2614 2345
2615 2346
2617 2347
2618 2348
2619 2349
2620 2350
2621 2351
2622 2352
2623 2353
7080 2353
2624 2354
2727 2354
2625 2355
2626 2356
2627 2357
2628 2358
2629 2359
6230 2359
2630 2360
2631 2361
2632 2362
2633 2363
2634 2364
2635 2365
2636 2366
2637 2367
2638 2368
3678 2368
2639 2369
2640 2370
2641 2371
3185 2371
4227 2371
2642 2372
2643 2373
2644 2374
2645 2375
2646 2376
2649 2377
2650 2378
2651 2379
2652 2380
2653 2381
2654 2382
2655 2383
2656 2384
2657 2385
9269 2385
2659 2386
2660 2387
2661 2388
2662 2389
2806 2389
2663 2390
2664 2391
2665 2392
2666 2393
2667 2394
2668 2395
2669 2396
2670 2397
2858 2397
2671 2398
2672 2399
2673 2400
2674 2401
2675 2402
2676 2403
2677 2404
2679 2405
2680 2406
2682 2407
2683 2408
2684 2409
2686 2410
2687 2411
2688 2412
2689 2413
2690 2414
2691 2415
2692 2416
2694 2417
4770 2417
2696 2418
2697 2419
2698 2420
2700 2421
2702 2422
2703 2423
2704 2424
2705 2425
2833 2425
2706 2426
2707 2427
2708 2428
2710 2429
2711 2430
2712 2431
2714 2432
2715 2433
2716 2434
2717 2435
2718 2436
2719 2437
2721 2438
2722 2439
5022 2439
2723 2440
2726 2441
2728 2442
2729 2443
2730 2444
2731 2445
2732 2446
2733 2447
2734 2448
2735 2449
2736 2450
2738 2451
2739 2452
2740 2453
2741 2454
2742 2455
2830 2455
2743 2456
2745 2457
2746 2458
2748 2459
2749 2460
2751 2461
2752 2462
2753 2463
2754 2464
2756 2465
2757 2466
2758 2467
5513 2467
2759 2468
3877 2468
2760 2469
8760 2469
2762 2470
2765 2471
2766 2472
2767 2473
2957 2473
2768 2474
2769 2475
2770 2476
2771 2477
2772 2478
2773 2479
2774 2480
2775 2481
2776 2482
2777 2483
2778 2484
2780 2485
2783 2486
2784 2487
2785 2488
3309 2488
2786 2489
2787 2490
2788 2491
2789 2492
2790 2493
2791 2494
2792 2495
2793 2496
2794 2497
2795 2498
2796 2499
2797 2500
2798 2501
2800 2502
2801 2503
2803 2504
2804 2505
5596 2505
2805 2506
5714 2506
2807 2507
2808 2508
2809 2509
3183 2509
2810 2510
2811 2511
2812 2512
2813 2513
2814 2514
2815 2515
2816 2516
2819 2517
2820 2518
2821 2519
2822 2520
2823 2521
2824 2522
2825 2523
2826 2524
2827 2525
2828 2526
2829 2527
2831 2528
2832 2529
2834 2530
2835 2531
2836 2532
5541 2532
2837 2533
2838 2534
2839 2535
2840 2536
2841 2537
2843 2538
2845 2539
2846 2540
2847 2541
2848 2542
2849 2543
2850 2544
2851 2545
2852 2546
2853 2547
2854 2548
2855 2549
2856 2550
2857 2551
2859 2552
6000 2552
2860 2553
2861 2554
2862 2555
2863 2556
7996 2556
2864 2557
3693 2557
2865 2558
4734 2558
2866 2559
2867 2560
3118 2560
4745 2560
2868 2561
2869 2562
4724 2562
2870 2563
2871 2564
2872 2565
2873 2566
2972 2566
3017 2566
2874 2567
2875 2568
4626 2568
7550 2568
2876 2569
5263 2569
8264 2569
2877 2570
2878 2571
2879 2572
2880 2573
4747 2573
8364 2573
2881 2574
2882 2575
2883 2576
2884 2577
4923 2577
2885 2578
8005 2578
2887 2579
2888 2580
2889 2581
2890 2582
2891 2583
2892 2584
2893 2585
2894 2586
8126 2586
9557 2586
2896 2587
2897 2588
8208 2588
2898 2589
2899 2590
5078 2590
2900 2591
2901 2592
2902 2593
2903 2594
4155 2594
5191 2594
2904 2595
2905 2596
2906 2597
2907 2598
2908 2599
2909 2600
2910 2601
2911 2602
3133 2602
2912 2603
3048 2603
2913 2604
2914 2605
5509 2605
2915 2606
2916 2607
2917 2608
2918 2609
2919 2610
2920 2611
2921 2612
3859 2612
2922 2613
2923 2614
2924 2615
2925 2616
2926 2617
2927 2618
2928 2619
2929 2619
3654 2619
2930 2620
7937 2620
2931 2621
4729 2621
2932 2622
2936 2623
4935 2623
2937 2624
4936 2624
2938 2625
4937 2625
2940 2626
5331 2626
7476 2626
2941 2627
2942 2628
2943 2629
3456 2629
2944 2630
2945 2631
2946 2632
2947 2633
4943 2633
7757 2633
2948 2634
2949 2635
2952 2635
3053 2635
2950 2636
2951 2637
2953 2638
2954 2639
2955 2640
2956 2641
2958 2642
2959 2643
3055 2643
2960 2644
3479 2644
4588 2644
2961 2645
2962 2646
2963 2647
2964 2648
2965 2649
2967 2650
2968 2651
2969 2652
2970 2652
7967 2652
2971 2653
5182 2653
2975 2654
2977 2655
8479 2655
2978 2656
2979 2657
7970 2657
2980 2658
2981 2659
2982 2660
4723 2660
2983 2661
7941 2661
2984 2662
7943 2662
2986 2663
7942 2663
2987 2664
2988 2665
2989 2666
5133 2666
8205 2666
2990 2667
2991 2668
2993 2669
2994 2670
3040 2670
2995 2671
7982 2671
2996 2672
2997 2673
2998 2674
2999 2675
3000 2676
3001 2677
3002 2678
3003 2679
3004 2680
3005 2681
3006 2682
3007 2683
3008 2684
3009 2685
5091 2685
3010 2686
3011 2687
3012 2688
8132 2688
3013 2689
3014 2690
3015 2691
3018 2692
5163 2692
3019 2693
3020 2694
3021 2695
3022 2696
3023 2697
3024 2698
3025 2699
3026 2700
3027 2701
3028 2702
3029 2703
3030 2704
3032 2705
3033 2706
3067 2706
3034 2707
3035 2708
3036 2709
3037 2710
3038 2711
3039 2712
3041 2713
3043 2714
3045 2715
3046 2716
3047 2717
3049 2718
3050 2718
3051 2719
3052 2720
3054 2721
3056 2722
3057 2722
3058 2723
3059 2724
3060 2725
3061 2726
3062 2727
3063 2728
3064 2729
3065 2730
3066 2731
3068 2732
3069 2733
3070 2734
5224 2734
3071 2735
3072 2736
3073 2737
3074 2738
3075 2739
3076 2740
3077 2741
7946 2741
7947 2741
3078 2742
3079 2743
3080 2744
9541 2744
3081 2745
3082 2746
3083 2746
3084 2746
3085 2747
5142 2747
3086 2748
7954 2748
3087 2749
3088 2750
3089 2751
3090 2752
3091 2753
3092 2754
9526 2754
3093 2755
3094 2756
5165 2756
3095 2757
7965 2757
3096 2758
3097 2759
3098 2760
3099 2761
5141 2761
3100 2762
5232 2762
3101 2763
4738 2763
3102 2764
3103 2765
3104 2766
7980 2766
3105 2767
4741 2767
3107 2768
4113 2768
8274 2768
3108 2769
3109 2770
3111 2771
3611 2771
3113 2772
3114 2773
7988 2773
3115 2774
8095 2774
3116 2775
3117 2776
4744 2776
3119 2777
5255 2777
3120 2778
3840 2778
3121 2779
3122 2780
3123 2781
3124 2781
3125 2781
3845 2781
3126 2782
3127 2783
3128 2784
3129 2785
3850 2785
3130 2786
3131 2787
3132 2788
8018 2788
3134 2789
8209 2789
3135 2790
3136 2791
8145 2791
3137 2792
3138 2793
3139 2794
3140 2795
3141 2795
3142 2795
3853 2795
6712 2795
8021 2795
8148 2795
3143 2796
4761 2796
3144 2797
9553 2797
3145 2798
3146 2799
3148 2800
3149 2801
3150 2802
3151 2803
3152 2804
3153 2805
3154 2806
3156 2807
3157 2808
3158 2809
3159 2810
3160 2811
3161 2812
3162 2813
3163 2814
3164 2815
3165 2816
3166 2817
3168 2818
3171 2819
3172 2820
3173 2820
3174 2821
7342 2821
3175 2822
5124 2822
3176 2823
4946 2823
3177 2824
3178 2825
3179 2826
4947 2826
3180 2827
5336 2827
3181 2828
5341 2828
3182 2829
4566 2829
3184 2830
4229 2830
6429 2830
3186 2831
3187 2832
3188 2833
3189 2834
3190 2834
3191 2835
3192 2836
5646 2836
3193 2837
3194 2837
3195 2838
3196 2838
3197 2838
3200 2838
3198 2839
3199 2839
3202 2839
3203 2839
3201 2840
3204 2841
3205 2842
3206 2843
5669 2843
3207 2844
5057 2844
3208 2845
3209 2845
3210 2846
3211 2846
3212 2847
3213 2848
3214 2849
3215 2850
3216 2851
3217 2852
3218 2853
3219 2854
3220 2855
3221 2856
3222 2857
3223 2858
3224 2859
3225 2860
3226 2861
3227 2862
3228 2863
3229 2864
3230 2865
3231 2866
3232 2867
3233 2868
3234 2869
3235 2870
3236 2871
3237 2872
3238 2873
3239 2874
3240 2875
3241 2876
3242 2877
3243 2878
3244 2879
3245 2880
3246 2881
3247 2882
3248 2883
3249 2884
3250 2885
3251 2886
3252 2887
3253 2888
3254 2889
3255 2890
3256 2891
3257 2892
3258 2893
3259 2894
3260 2895
3261 2896
3262 2897
3263 2898
3264 2899
3265 2900
3266 2901
3267 2902
3268 2903
6072 2903
3269 2904
3270 2905
3271 2906
3272 2907
3273 2908
3274 2909
3275 2910
3276 2911
3277 2912
3278 2913
3279 2914
3280 2915
3281 2916
3282 2917
3283 2918
3284 2919
3285 2920
3286 2921
3287 2922
3288 2923
3289 2924
3290 2925
3291 2926
3292 2927
3293 2928
3294 2929
3295 2930
3296 2931
3297 2932
3298 2933
3299 2934
3300 2935
3301 2936
3302 2937
3304 2938
3305 2939
3306 2940
3307 2941
4615 2941
3308 2942
3310 2943
3311 2944
7378 2944
3312 2945
5909 2945
3313 2946
3314 2947
3315 2948
3316 2949
3317 2950
3318 2951
3319 2952
3320 2953
3321 2954
3322 2955
3323 2956
3324 2956
7454 2956
3325 2957
3326 2958
3327 2959
3328 2960
3329 2961
3330 2962
3331 2963
3332 2964
3333 2965
3334 2966
3335 2967
3336 2968
3337 2969
3338 2970
3340 2971
3341 2972
5149 2972
3342 2973
3343 2974
3344 2975
3345 2976
3346 2977
5236 2977
3347 2978
7409 2978
3349 2979
3350 2980
6869 2980
3351 2981
9989 2981
3352 2982
3353 2983
3354 2984
3355 2985
3356 2986
3358 2987
3359 2988
3360 2989
3361 2990
3362 2991
5458 2991
3363 2992
3364 2993
3365 2994
3366 2995
3367 2996
4885 2996
3368 2997
3369 2998
3370 2999
3371 3000
3375 3002
3372 3001
3373 3002
3374 3003
3376 3004
9987 3004
3377 3005
7384 3005
3378 3006
7350 3006
3379 3007
3380 3008
3381 3009
3382 3010
3383 3011
3384 3012
3385 3013
3386 3014
3387 3015
3389 3016
3390 3017
3391 3018
3392 3019
3393 3020
3395 3020
3399 3020
3400 3020
3401 3020
3394 3021
3396 3022
3397 3023
5369 3023
3398 3024
3402 3025
3403 3026
3404 3027
3405 3028
5917 3028
3406 3029
3407 3030
3408 3031
3409 3032
3410 3033
3411 3034
3412 3035
3413 3036
3414 3037
3415 3038
3416 3039
3417 3040
3421 3041
3422 3042
3423 3043
3424 3044
3425 3044
3426 3044
3428 3044
3427 3045
3429 3046
3431 3047
3432 3048
3433 3048
3434 3049
3435 3049
3436 3050
3437 3051
3438 3052
3439 3053
3440 3054
3442 3055
3443 3056
3444 3057
3446 3058
3447 3059
3448 3060
3449 3061
3450 3062
3451 3063
3452 3064
3453 3065
3454 3066
5243 3066
3455 3067
3457 3068
5283 3068
3458 3069
5280 3069
3459 3070
5044 3070
6091 3070
3460 3071
5200 3071
3461 3072
5176 3072
3462 3073
3464 3074
3465 3075
3466 3076
5108 3076
6131 3076
3467 3077
5214 3077
3469 3078
3470 3079
5080 3079
6629 3079
3471 3080
5177 3080
3472 3081
3473 3082
4152 3082
3474 3083
7956 3083
3475 3084
3476 3085
8150 3085
3477 3086
3478 3087
3480 3088
4578 3088
6453 3088
3481 3089
4954 3089
3482 3090
3483 3091
3484 3092
3485 3093
3486 3094
3487 3095
3488 3096
8212 3096
3489 3097
3490 3098
3491 3099
3492 3100
4791 3100
3493 3101
3494 3102
3495 3103
3496 3104
3497 3105
3498 3106
3499 3107
3501 3108
3502 3109
3503 3110
3504 3111
3505 3112
3506 3113
3507 3114
3508 3115
3509 3116
3510 3117
3511 3118
3512 3119
3513 3120
3514 3121
3515 3122
3516 3123
3517 3124
5402 3124
3518 3125
3519 3126
3520 3127
3521 3128
3522 3129
3523 3130
3524 3131
3525 3132
3526 3133
3527 3134
3528 3135
3529 3136
3530 3137
6619 3137
3531 3138
3532 3139
3533 3140
3534 3141
3535 3142
3536 3143
3537 3144
3538 3145
3539 3146
3540 3147
3541 3148
3542 3149
3543 3150
3544 3151
3545 3152
3546 3153
3547 3154
3548 3155
3549 3156
3550 3157
3551 3158
3552 3159
3553 3160
3554 3161
5894 3161
3555 3162
3556 3163
3557 3164
4917 3164
3558 3165
3559 3166
3560 3167
3561 3168
3562 3169
3563 3170
3564 3170
3565 3171
3566 3172
3567 3173
8400 3173
3568 3174
3569 3175
3570 3176
3571 3177
3572 3178
3573 3179
3574 3180
3575 3181
3576 3182
3577 3183
3578 3184
3579 3185
3580 3186
3581 3187
3582 3188
3583 3189
3584 3190
3585 3191
3586 3192
8726 3192
3587 3193
3588 3194
3589 3195
3590 3196
3591 3197
3592 3198
3593 3199
3594 3200
3595 3201
3596 3202
6426 3202
3597 3203
3598 3204
3599 3205
3600 3206
3601 3207
8217 3207
8218 3207
8219 3207
3602 3208
3603 3209
7518 3209
3604 3210
8158 3210
3605 3211
3606 3212
3607 3213
3608 3214
3609 3215
3612 3216
4373 3216
3613 3217
3614 3218
3616 3218
3615 3219
3617 3220
3618 3221
3619 3222
5474 3222
3620 3223
3621 3224
3622 3225
3623 3226
3624 3227
5139 3227
3625 3228
5014 3228
3627 3229
5069 3229
3628 3230
5026 3230
3629 3231
5087 3231
3630 3232
6101 3232
7332 3232
3631 3233
5131 3233
3632 3234
5110 3234
3633 3235
5253 3235
3634 3236
5050 3236
3635 3237
3636 3237
5011 3237
5123 3237
3637 3238
3638 3239
5072 3239
3639 3240
5227 3240
3640 3241
3641 3242
5197 3242
3642 3243
5128 3243
3643 3244
3644 3245
5079 3245
3645 3246
5130 3246
3646 3247
5067 3247
3647 3248
5062 3248
3648 3249
3649 3250
5013 3250
3650 3251
6120 3251
7301 3251
7418 3251
7543 3251
3651 3252
5092 3252
3652 3253
5045 3253
3653 3254
5220 3254
3655 3255
3656 3256
5198 3256
3657 3257
5266 3257
3658 3258
5089 3258
3659 3259
3660 3260
5168 3260
3661 3261
5031 3261
3662 3262
3663 3263
5837 3263
3664 3264
3665 3265
5207 3265
3666 3266
3667 3267
3668 3268
3669 3269
3670 3270
3671 3271
3672 3272
3673 3273
3674 3274
3701 3274
3675 3275
3677 3276
3679 3277
3680 3278
3681 3279
3682 3280
3683 3281
3684 3282
3686 3283
3687 3284
3688 3285
6129 3285
6248 3285
3689 3286
3690 3287
5275 3287
3691 3288
5042 3288
3694 3289
3695 3290
5963 3290
3696 3291
4661 3291
5219 3291
3697 3292
3698 3293
3700 3294
3702 3295
3703 3296
3704 3297
3705 3298
3706 3299
3707 3300
8539 3300
3708 3301
3709 3301
3710 3301
5568 3301
8937 3301
9323 3301
3711 3302
3712 3303
8938 3303
3713 3304
3714 3305
3715 3306
3716 3307
3717 3308
3718 3309
5256 3309
6138 3309
3719 3310
5174 3310
6140 3310
3720 3311
5039 3311
6141 3311
3721 3312
5192 3312
3722 3313
5157 3313
3723 3314
5085 3314
6143 3314
3724 3315
3725 3316
5451 3316
3726 3317
5147 3317
6145 3317
9380 3317
3727 3318
5029 3318
3728 3319
5066 3319
6147 3319
8749 3319
3729 3320
3730 3321
3731 3322
5083 3322
6151 3322
8751 3322
3732 3323
5016 3323
3733 3324
5284 3324
6149 3324
3734 3325
5162 3325
6150 3325
3735 3326
5109 3326
3736 3327
5218 3327
6155 3327
3737 3328
5134 3328
6156 3328
3738 3329
3739 3330
5189 3330
6157 3330
3740 3331
5245 3331
6158 3331
3741 3332
5216 3332
6160 3332
8740 3332
3742 3333
5098 3333
6163 3333
8548 3333
3743 3334
3744 3335
3745 3336
5199 3336
3746 3337
5135 3337
6165 3337
3747 3338
5281 3338
6166 3338
3748 3339
5121 3339
6167 3339
3749 3340
5101 3340
3750 3341
5251 3341
6171 3341
3751 3342
3752 3343
5023 3343
3753 3344
5036 3344
6596 3344
3754 3345
3755 3346
3757 3347
3758 3348
3759 3349
3761 3350
3762 3351
3763 3352
3764 3353
3765 3354
3766 3354
3767 3355
3768 3355
3769 3356
3770 3357
3771 3358
7935 3358
3772 3359
3773 3360
7936 3360
3774 3361
8128 3361
3775 3362
8201 3362
3776 3363
5261 3363
3778 3364
3781 3365
3782 3366
3783 3367
3784 3368
3785 3369
8262 3369
3786 3370
9540 3370
3787 3371
8135 3371
3788 3372
3790 3373
8263 3373
3791 3374
5024 3374
5040 3374
5127 3374
5258 3374
5267 3374
3792 3375
3793 3376
3794 3377
3795 3378
3796 3379
3797 3380
3798 3381
7957 3381
3799 3382
3800 3383
8083 3383
9514 3383
3803 3384
7969 3384
3804 3385
8272 3385
3806 3386
3808 3387
7971 3387
3809 3388
3810 3389
7972 3389
9533 3389
3811 3390
8090 3390
3812 3391
3813 3391
3814 3392
3815 3393
3816 3394
3818 3395
3821 3396
3822 3397
6883 3397
3824 3398
3827 3399
7994 3399
3828 3400
3830 3401
7997 3401
3831 3402
9520 3402
3832 3403
7999 3403
9519 3403
3833 3404
8138 3404
9538 3404
3834 3405
3836 3406
3838 3407
8002 3407
3839 3408
9481 3408
3841 3409
3842 3410
3843 3410
4932 3410
5240 3410
5264 3410
3844 3411
3846 3412
3903 3412
5019 3412
3848 3413
8016 3413
3849 3414
8146 3414
3851 3415
5180 3415
8020 3415
3854 3416
3855 3417
3856 3418
8025 3418
3860 3419
8029 3419
3861 3420
8210 3420
3862 3421
8030 3421
3863 3422
5274 3422
3864 3423
8151 3423
3866 3424
5136 3424
3867 3425
4489 3425
5326 3425
3868 3426
5315 3426
3870 3427
5206 3427
3872 3428
5316 3428
3879 3429
5186 3429
3880 3430
3881 3431
3882 3432
5277 3432
3883 3433
5212 3433
3884 3434
6508 3434
3885 3435
5015 3435
3886 3436
4446 3436
4546 3436
5137 3436
5203 3436
7083 3436
3888 3437
5233 3437
3889 3438
5319 3438
3890 3439
5012 3439
3891 3440
5102 3440
3892 3441
5132 3441
3893 3442
3894 3443
5318 3443
3895 3444
5143 3444
3896 3445
5071 3445
3897 3446
5183 3446
3898 3447
5626 3447
5775 3447
3900 3448
5064 3448
3901 3449
5222 3449
3902 3450
5211 3450
3904 3451
5086 3451
3905 3452
5096 3452
3906 3453
5225 3453
3907 3454
5173 3454
3908 3455
5115 3455
3909 3456
6676 3456
3910 3457
8366 3457
3911 3458
5279 3458
3912 3459
5246 3459
3913 3460
6450 3460
3914 3461
5193 3461
3915 3462
5151 3462
3916 3463
5184 3463
8370 3463
3917 3464
5321 3464
3918 3465
5223 3465
3919 3466
5470 3466
3920 3467
3921 3467
5027 3467
5322 3467
3922 3468
5272 3468
3923 3469
5323 3469
3924 3470
5205 3470
3925 3471
5195 3471
3926 3472
5077 3472
3927 3473
5122 3473
3928 3474
5325 3474
3929 3475
5153 3475
3930 3476
5111 3476
3931 3477
5201 3477
3932 3478
5273 3478
3933 3479
3935 3480
5049 3480
3936 3481
5075 3481
3937 3482
5230 3482
7626 3482
3938 3483
5169 3483
3939 3484
5235 3484
3940 3485
5178 3485
3941 3486
5114 3486
7627 3486
3942 3487
3943 3488
3944 3489
3945 3490
3947 3491
3948 3492
3949 3493
3950 3494
3951 3495
3952 3496
3953 3497
3962 3498
7635 3498
3963 3499
7636 3499
3964 3500
3965 3501
4585 3501
3966 3502
4950 3502
7403 3502
3967 3503
7758 3503
3968 3504
7637 3504
3969 3505
3970 3506
3971 3507
3972 3508
7316 3508
3973 3509
4952 3509
7271 3509
3974 3510
4953 3510
3975 3511
3976 3512
3977 3513
3978 3514
3979 3515
3980 3516
3981 3517
3982 3518
3983 3519
3984 3520
3985 3521
3986 3522
3987 3523
3988 3524
3989 3525
3990 3526
3991 3527
3992 3528
3993 3529
3994 3529
3995 3530
3996 3531
3997 3532
3998 3533
3999 3534
6454 3534
4000 3535
4001 3535
4002 3536
4003 3537
4004 3538
4005 3539
4006 3540
4007 3541
4008 3542
4009 3543
4010 3544
4011 3545
4012 3546
4013 3547
4014 3548
4015 3549
4016 3550
4017 3551
4018 3552
4019 3553
4020 3554
4021 3555
4022 3556
4023 3557
7644 3557
4024 3558
4025 3559
4026 3560
6878 3560
4027 3561
4028 3562
4029 3563
4030 3564
4031 3565
8042 3565
4032 3566
4033 3567
4034 3568
4035 3569
4036 3570
4037 3571
4038 3572
4039 3573
4040 3574
4041 3575
4042 3576
4043 3577
8043 3577
4044 3578
6455 3578
7645 3578
4045 3579
8044 3579
4046 3580
4047 3581
4048 3582
4049 3583
8045 3583
4050 3584
4051 3585
6518 3585
4052 3586
4053 3587
4054 3588
4055 3589
4056 3590
8046 3590
4057 3591
4058 3592
4059 3593
9347 3593
4060 3594
8389 3594
4061 3595
4062 3596
4063 3597
4064 3598
4065 3598
4066 3599
4067 3600
8879 3600
4068 3601
4069 3602
4070 3603
4559 3603
4071 3604
4072 3605
4073 3606
8215 3606
4074 3607
4075 3608
9350 3608
4076 3609
8880 3609
4077 3610
4078 3611
4079 3612
4080 3613
4081 3614
4082 3615
4083 3616
4084 3617
4085 3618
4086 3619
4087 3620
4088 3621
4089 3622
4090 3623
4091 3624
4092 3625
4093 3626
4094 3627
4095 3628
4096 3629
4097 3630
4098 3631
4099 3632
4100 3633
4101 3634
4102 3635
4103 3636
4104 3637
4105 3638
4107 3639
4108 3640
4109 3641
4110 3642
4111 3643
4112 3644
4114 3645
4115 3646
4116 3647
7106 3647
4117 3648
4118 3649
4119 3650
9209 3650
4120 3651
4121 3652
4122 3653
4123 3654
4124 3655
4125 3656
4126 3657
4127 3658
4128 3659
8051 3659
4129 3660
4130 3661
4131 3662
4132 3663
4133 3664
4134 3665
4135 3666
4136 3667
4137 3668
4138 3669
4139 3670
4140 3671
4141 3672
4142 3673
4143 3674
4144 3675
4145 3676
4146 3677
4147 3678
4148 3679
4149 3680
4150 3681
4151 3682
4153 3683
5412 3683
4154 3684
4156 3685
4157 3686
4158 3686
4159 3686
4160 3686
4161 3687
6525 3687
4162 3688
4163 3689
4164 3689
4165 3689
4166 3690
4167 3691
4168 3692
4169 3693
4170 3694
4171 3695
4172 3696
4173 3697
4174 3698
6064 3698
4175 3699
4176 3700
4177 3701
4178 3702
8404 3702
4179 3703
4180 3704
4181 3705
4182 3706
4183 3707
4184 3708
4185 3709
4186 3710
4187 3711
4188 3712
4189 3713
4190 3714
7113 3714
4191 3715
6063 3715
4192 3716
4193 3717
4194 3718
7343 3718
8408 3718
4195 3719
4196 3720
4197 3721
4198 3722
7358 3722
4199 3723
4200 3724
4201 3725
4202 3726
4814 3726
4203 3727
8014 3727
4204 3728
4205 3729
4206 3730
4207 3731
4208 3732
4209 3732
4210 3732
4212 3732
4211 3733
9214 3733
4213 3734
4214 3735
4215 3736
6662 3736
4216 3737
4217 3738
4218 3739
4219 3739
4220 3740
4221 3741
4222 3742
4223 3743
4225 3744
4226 3744
4228 3745
4230 3746
4231 3747
6415 3747
4232 3748
4233 3749
4235 3750
4236 3751
4237 3752
4238 3753
4239 3754
4240 3755
4241 3756
4242 3757
4243 3758
4244 3759
4245 3760
4246 3761
4247 3761
4248 3762
4249 3763
4250 3764
4251 3765
4252 3766
4253 3767
4254 3768
4255 3769
4256 3770
4257 3771
4258 3772
4259 3773
4260 3774
4261 3775
4262 3776
4263 3777
4264 3778
4265 3779
4266 3780
4267 3781
4268 3782
4269 3783
4270 3784
4271 3785
4272 3786
4273 3787
4274 3787
4275 3788
4276 3789
4277 3790
4278 3791
4279 3792
4280 3793
4281 3794
4282 3795
4283 3796
4284 3797
4285 3798
4286 3799
4287 3800
4288 3801
5361 3801
4289 3802
4290 3803
4291 3804
4292 3805
4293 3806
4294 3807
4295 3808
4296 3809
7242 3809
9994 3809
4297 3810
4298 3811
7334 3811
4299 3812
4300 3813
4303 3814
4304 3815
4308 3816
4309 3817
4310 3818
4311 3819
4471 3819
4312 3820
5365 3820
4314 3821
4315 3822
4316 3823
4317 3824
4319 3825
4320 3826
4321 3827
4322 3828
4323 3829
4324 3830
4325 3831
4326 3832
4327 3833
4328 3834
4329 3835
4330 3836
4331 3837
4332 3838
4333 3839
4334 3840
4335 3841
4336 3842
4337 3842
4339 3843
4340 3844
5916 3844
4341 3845
4342 3846
4344 3847
4345 3848
4346 3849
4347 3850
4348 3851
8312 3851
4349 3852
4350 3853
4351 3854
4352 3855
4353 3856
4354 3857
4355 3858
4357 3859
4358 3860
4359 3861
4360 3862
4361 3863
4362 3864
4363 3864
4364 3865
4365 3866
4366 3867
4367 3868
4368 3868
4369 3869
4371 3870
4372 3871
4374 3872
4375 3873
4376 3874
4377 3875
4378 3876
4379 3877
4380 3878
5619 3878
4381 3879
4382 3880
4383 3881
4384 3882
4385 3883
4386 3884
5063 3884
4387 3885
4388 3886
5475 3886
5975 3886
4389 3887
4390 3888
7551 3888
4391 3889
5476 3889
4392 3890
4393 3891
4394 3891
4395 3892
4397 3893
4398 3894
4399 3895
4401 3896
5381 3896
4402 3897
5383 3897
6020 3897
7898 3897
4403 3898
4404 3899
4405 3900
4406 3901
4407 3902
4408 3903
4409 3904
4410 3905
4411 3906
4412 3907
4413 3908
4414 3909
4415 3910
4416 3911
4417 3912
4418 3913
4419 3914
4420 3915
4421 3916
4422 3917
4423 3918
4424 3919
4425 3920
4426 3921
4427 3922
4428 3923
4429 3924
4430 3925
4431 3926
4432 3927
4433 3928
4434 3929
5152 3929
4435 3930
5444 3930
4436 3931
5030 3931
4437 3932
5129 3932
4438 3933
5093 3933
4440 3934
5244 3934
5774 3934
4441 3935
5112 3935
5320 3935
4442 3936
5018 3936
7082 3936
4443 3937
5327 3937
4444 3938
5231 3938
4445 3939
4448 3940
4449 3941
4450 3942
4451 3943
7182 3943
7352 3943
4452 3944
7223 3944
4453 3945
5902 3945
4454 3946
4975 3946
4455 3947
7178 3947
4456 3948
6765 3948
4457 3949
4458 3950
5286 3950
4460 3951
6601 3951
4461 3952
9138 3952
4462 3953
5654 3953
4463 3954
4464 3955
6623 3955
4465 3956
5423 3956
6666 3956
7152 3956
4467 3957
5097 3957
4468 3958
4989 3958
5483 3958
4469 3959
4470 3960
4472 3961
4473 3962
7330 3962
4474 3963
4475 3964
4476 3965
4477 3966
4478 3967
4479 3968
4480 3969
4481 3970
4482 3971
4483 3972
7562 3972
4484 3973
4485 3974
4542 3974
4486 3975
7565 3975
4487 3976
4488 3976
7567 3976
9160 3976
4490 3977
4491 3978
4492 3979
4493 3980
4494 3981
4495 3982
4496 3983
4497 3984
4498 3985
4499 3986
4500 3987
4501 3988
4502 3989
8851 3989
4503 3990
8930 3990
4504 3991
7572 3991
4505 3992
4506 3993
5385 3993
6019 3993
7897 3993
4507 3994
4508 3995
4509 3996
4510 3997
4511 3998
4512 3999
4513 4000
4514 4001
4515 4002
4516 4003
4517 4004
4518 4005
4519 4006
4520 4007
4521 4008
4522 4009
4523 4010
4524 4011
4525 4012
7924 4012
4526 4013
4527 4014
4528 4015
4529 4016
4530 4017
4531 4018
4532 4019
4533 4020
4534 4021
4535 4022
4536 4023
4537 4024
4538 4025
4539 4026
4540 4027
4541 4028
4543 4029
4544 4030
4545 4031
8019 4031
4548 4032
7634 4032
4549 4033
7522 4033
4550 4034
4945 4034
4551 4035
4944 4035
4552 4036
4948 4036
4553 4037
4949 4037
4554 4038
7322 4038
4555 4039
4556 4040
8746 4040
4557 4041
4558 4042
4560 4043
4561 4044
4562 4045
9155 4045
4563 4046
7135 4046
4564 4047
4567 4048
4568 4049
6470 4049
4569 4050
4969 4050
5679 4050
4570 4051
4571 4052
6664 4052
4572 4053
4573 4054
4576 4054
4574 4055
6290 4055
4575 4056
7184 4056
4577 4057
4579 4058
5418 4058
4580 4059
4972 4059
4581 4060
4590 4060
5943 4060
6962 4060
4582 4061
4973 4061
4583 4062
4971 4062
4584 4063
4587 4064
5028 4064
6802 4064
4589 4065
4591 4066
4592 4067
4593 4068
4594 4069
4595 4070
6585 4070
4596 4071
4597 4072
4598 4073
4599 4074
4600 4075
4601 4076
4986 4076
4602 4077
4603 4078
4604 4079
4605 4080
4606 4081
4607 4082
4608 4083
4611 4084
6690 4084
4612 4085
4613 4086
4614 4087
4617 4088
4618 4089
7501 4089
4619 4090
4620 4091
6744 4091
7412 4091
4622 4092
4623 4093
4624 4094
4625 4094
4627 4095
4628 4096
4629 4097
4630 4098
4631 4099
4632 4100
4633 4100
4634 4101
4635 4102
4636 4103
4637 4104
4638 4105
4639 4106
4640 4107
4641 4108
4642 4109
4643 4110
4644 4111
5527 4111
4645 4112
8161 4112
4646 4113
4647 4114
4648 4115
4649 4116
4650 4117
4651 4118
4652 4119
4653 4120
4654 4121
4655 4122
4656 4123
4658 4123
5299 4123
5300 4123
4657 4124
4659 4125
4660 4126
4662 4127
4663 4128
4664 4129
4665 4130
4666 4131
4667 4132
4668 4133
4669 4134
4670 4135
4671 4136
4672 4137
4673 4138
4674 4139
4675 4140
4676 4141
4677 4142
4678 4143
4681 4144
4682 4145
4683 4146
4684 4147
4685 4148
4686 4149
4687 4150
4688 4151
4689 4152
4690 4153
4691 4154
4692 4155
6747 4155
8119 4155
9162 4155
4693 4156
4694 4157
4695 4158
4696 4159
4697 4160
4698 4161
4699 4162
4700 4163
6739 4163
8765 4163
4701 4164
6939 4164
4702 4165
4703 4165
4704 4166
4705 4167
4706 4168
4707 4169
4709 4170
4710 4171
4711 4172
4712 4173
4713 4174
4714 4175
4715 4176
6948 4176
4716 4177
4718 4178
4719 4179
4720 4180
4721 4180
4722 4181
7940 4181
4725 4182
8202 4182
4726 4183
4728 4184
7949 4184
4730 4185
4731 4186
4732 4187
7951 4187
4736 4188
4737 4189
4739 4190
7975 4190
4742 4191
8094 4191
9506 4191
9507 4191
9508 4191
4743 4192
7986 4192
4746 4193
7998 4193
4748 4194
8140 4194
4749 4195
5260 4195
4750 4196
4751 4196
4752 4197
9560 4197
4753 4198
4755 4199
4756 4200
4763 4201
8023 4201
4764 4202
4765 4203
4773 4204
4774 4205
4775 4206
5776 4206
4776 4207
5777 4207
4777 4208
4778 4209
4835 4209
5899 4209
4779 4210
4780 4211
7763 4211
4781 4212
4782 4213
4783 4214
7638 4214
4784 4215
7640 4215
4785 4216
4786 4217
7494 4217
4787 4218
4788 4219
4789 4220
4790 4221
4792 4222
4793 4223
4794 4224
4795 4225
9206 4225
4796 4226
4797 4227
4798 4228
5671 4228
4799 4229
4800 4230
4801 4231
4802 4232
4803 4233
4804 4234
4805 4235
4806 4236
4807 4237
8401 4237
4808 4238
4809 4239
4810 4240
4811 4241
4812 4242
4813 4243
7410 4243
4815 4244
4816 4245
4817 4246
4819 4247
4822 4248
4823 4249
7130 4249
4824 4250
4825 4251
4826 4252
6616 4252
4827 4253
4828 4254
6288 4254
7139 4254
8223 4254
8889 4254
4829 4255
4830 4256
4831 4257
6754 4257
4832 4258
5249 4258
4833 4259
4834 4260
4842 4260
4857 4260
4901 4260
4836 4261
4837 4262
6668 4262
4838 4263
6469 4263
4839 4264
4840 4265
7166 4265
4841 4266
4843 4267
4845 4268
4846 4269
7179 4269
4847 4270
6598 4270
4848 4271
4849 4272
4850 4273
4851 4274
6650 4274
4853 4275
5054 4275
4854 4276
7829 4276
4855 4277
4856 4278
5469 4278
4858 4279
4866 4279
5683 4279
4859 4280
6759 4280
4860 4281
6553 4281
4861 4282
4862 4283
4864 4284
5799 4284
6770 4284
4865 4285
5803 4285
6549 4285
9095 4285
4867 4286
4868 4287
6661 4287
4869 4288
7187 4288
4870 4289
8425 4289
4871 4290
4872 4291
5237 4291
8579 4291
4873 4292
6609 4292
7200 4292
7786 4292
4874 4293
4876 4294
4877 4295
5656 4295
6478 4295
4878 4296
4879 4297
6191 4297
4880 4298
4881 4299
6531 4299
4882 4300
4883 4301
5690 4301
4884 4302
6192 4302
6595 4302
4886 4303
5691 4303
6617 4303
7217 4303
4887 4304
6586 4304
4888 4305
4889 4306
6573 4306
7221 4306
4890 4307
4891 4308
4892 4309
4894 4310
4895 4311
4896 4312
4897 4313
4898 4314
4899 4315
4900 4316
7426 4316
4902 4317
4903 4318
6969 4318
4904 4319
4988 4319
4905 4320
5424 4320
5945 4320
7193 4320
7208 4320
7536 4320
4906 4321
6752 4321
4907 4322
7372 4322
4908 4323
4909 4324
4910 4325
4911 4326
4912 4327
4913 4328
4914 4329
4915 4330
4916 4331
4918 4332
4919 4333
4920 4334
4921 4335
4922 4336
4924 4337
4925 4338
8079 4338
4926 4339
7955 4339
4927 4340
4928 4341
7958 4341
4929 4342
8204 4342
4930 4343
8271 4343
4931 4344
4933 4345
8022 4345
4955 4346
5677 4346
7482 4346
4956 4347
4957 4348
7172 4348
4958 4349
4959 4350
4960 4351
4961 4352
4962 4353
4963 4354
4964 4355
4965 4356
4966 4357
4967 4358
4968 4359
8073 4359
4970 4360
7218 4360
4974 4361
4976 4362
4977 4363
4978 4364
4979 4365
4980 4366
6473 4366
7191 4366
4981 4367
5904 4367
6569 4367
4982 4368
4983 4369
7206 4369
4984 4370
5047 4370
4985 4371
4987 4372
4990 4373
4991 4374
4992 4375
9146 4375
4993 4376
4994 4377
4995 4378
4996 4379
5003 4379
4998 4380
4999 4381
5000 4382
5001 4383
5002 4384
5004 4385
5005 4386
5006 4387
5007 4388
5008 4389
5951 4389
5009 4390
5010 4391
5017 4392
7989 4392
5020 4393
5021 4394
6580 4394
5025 4395
5032 4396
5033 4397
8169 4397
5034 4398
5037 4399
5038 4400
5041 4401
5043 4402
5046 4403
5048 4404
7639 4404
5051 4405
6068 4405
6572 4405
5052 4406
5053 4407
5055 4408
6610 4408
5056 4409
5058 4410
5059 4411
8254 4411
5060 4412
5061 4413
6615 4413
5065 4414
5118 4414
5068 4415
5073 4416
6626 4416
5074 4417
5076 4418
5081 4419
6177 4419
5082 4420
7243 4420
5088 4421
5094 4422
5095 4423
5099 4424
5100 4425
5103 4426
6637 4426
5104 4427
5106 4428
7652 4428
5107 4429
5116 4430
5117 4431
5119 4432
5120 4433
6851 4433
5125 4434
7146 4434
5126 4435
5138 4436
5140 4437
6859 4437
5144 4438
5154 4439
5404 4439
5421 4439
5155 4440
5158 4441
5159 4442
7181 4442
5160 4443
7262 4443
5161 4444
5166 4445
5167 4446
5187 4446
5170 4447
7488 4447
5172 4448
5175 4449
6559 4449
5179 4450
5181 4451
5185 4452
5188 4453
5190 4454
5194 4455
5196 4456
5202 4457
9222 4457
5204 4458
7367 4458
5208 4459
5209 4460
5210 4461
5215 4462
5217 4463
5221 4464
5234 4465
5238 4466
5239 4467
5242 4468
5247 4469
5248 4470
5252 4471
5257 4472
5259 4473
5262 4474
5265 4475
5268 4476
5270 4477
6965 4477
5271 4478
7628 4478
5276 4479
5282 4480
5285 4481
5287 4482
5969 4482
5288 4483
5289 4484
5290 4485
5292 4486
5293 4487
5294 4488
5968 4488
5295 4489
5296 4490
5297 4491
5298 4492
5301 4493
6577 4493
8110 4493
5302 4494
5303 4495
6011 4495
9385 4495
5304 4496
6931 4496
5305 4497
6933 4497
5306 4498
5307 4499
6938 4499
5308 4500
5309 4501
5310 4502
5311 4503
7923 4503
5312 4504
5313 4505
5314 4506
8031 4506
5324 4507
7389 4507
5328 4508
5329 4509
5330 4510
5333 4511
5334 4512
6413 4512
5335 4513
5337 4514
5338 4515
5339 4516
5340 4517
5342 4518
5343 4519
5344 4520
5345 4521
5346 4522
7127 4522
5347 4523
6958 4523
7402 4523
5348 4524
6564 4524
5349 4525
5350 4526
5351 4527
8454 4527
5352 4528
7168 4528
5353 4529
5793 4529
5354 4530
7516 4530
5355 4531
5356 4532
6793 4532
5357 4533
6769 4533
5358 4534
5359 4535
5360 4536
5362 4537
5363 4538
5364 4539
9991 4539
5366 4540
5367 4541
5368 4542
5370 4543
5371 4544
5372 4544
5373 4544
5374 4545
5375 4546
5376 4547
5377 4548
5378 4549
5379 4550
5380 4551
5382 4552
5384 4553
5386 4554
9441 4554
5387 4555
5388 4556
5389 4557
5390 4558
5391 4559
5392 4560
5393 4561
6035 4561
8947 4561
5394 4562
5395 4563
5396 4564
5397 4565
5398 4566
5465 4566
5621 4566
7990 4566
7991 4566
7992 4566
5399 4567
5400 4568
5401 4569
5403 4570
5405 4571
5406 4572
5407 4573
5408 4574
5409 4575
5410 4576
5411 4577
5413 4578
7157 4578
5414 4579
5415 4580
6607 4580
5416 4581
6627 4581
5417 4582
5419 4583
6591 4583
5420 4584
5428 4584
6600 4584
6651 4584
5422 4585
5425 4586
5950 4586
6884 4586
5426 4587
5427 4588
5946 4588
5429 4589
5430 4590
5431 4591
5432 4592
7995 4592
9546 4592
5433 4593
6482 4593
5434 4594
5435 4595
5436 4595
5437 4596
5438 4597
5439 4598
5440 4599
5441 4600
5442 4601
5443 4602
5445 4603
5447 4604
5448 4605
5449 4606
6287 4606
7154 4606
7767 4606
5450 4607
5452 4608
7953 4608
5453 4609
6291 4609
7176 4609
5454 4610
5455 4611
5456 4612
5457 4613
5459 4614
5460 4615
5461 4616
7624 4616
5462 4617
5463 4618
5464 4619
5466 4620
6678 4620
7229 4620
5467 4621
6575 4621
5468 4622
5471 4623
5472 4624
5473 4625
6647 4625
6671 4625
9436 4625
9437 4625
5477 4626
6013 4626
5478 4627
5479 4628
5480 4629
5481 4630
5482 4631
6154 4631
5484 4632
5485 4633
5486 4634
5487 4635
5488 4636
5489 4637
5490 4638
5495 4639
8176 4639
5497 4640
9267 4640
5498 4641
6850 4641
5499 4642
9268 4642
5500 4643
5501 4644
9316 4644
5502 4645
8510 4645
5503 4646
5504 4647
6824 4647
5505 4648
6819 4648
5506 4649
6822 4649
5507 4650
6799 4650
5508 4651
6862 4651
5510 4652
5511 4653
6860 4653
5514 4654
8512 4654
5515 4655
6820 4655
5516 4656
9280 4656
5517 4657
6805 4657
5518 4658
9273 4658
5519 4659
6854 4659
5520 4660
6830 4660
5521 4661
9079 4661
5522 4662
9276 4662
5524 4663
5526 4664
5528 4665
5716 4665
5529 4666
5532 4667
5535 4668
5539 4669
5542 4670
5546 4671
5547 4672
6835 4672
5548 4673
9166 4673
5549 4674
6823 4674
5550 4675
6842 4675
5551 4676
8780 4676
5552 4677
9082 4677
5553 4678
9173 4678
5554 4679
9161 4679
5555 4680
6132 4680
6809 4680
7541 4680
5556 4681
6845 4681
5557 4682
9191 4682
5558 4683
6816 4683
5559 4684
6814 4684
5560 4685
8542 4685
5561 4686
8532 4686
5562 4687
9084 4687
5563 4688
6801 4688
5564 4689
5630 4689
5565 4690
9151 4690
5566 4691
5856 4691
5569 4692
6828 4692
5570 4693
9293 4693
5571 4694
6815 4694
5572 4695
6803 4695
5573 4696
6853 4696
5574 4697
5575 4698
9294 4698
5576 4699
6797 4699
5577 4700
9379 4700
5578 4701
5579 4702
6864 4702
5580 4703
6826 4703
5581 4704
5582 4705
6800 4705
5583 4706
9296 4706
5584 4707
9297 4707
5585 4708
6811 4708
5586 4709
8549 4709
5587 4710
6865 4710
5588 4711
6813 4711
5589 4712
8946 4712
5590 4713
6837 4713
5591 4714
6836 4714
5592 4715
6827 4715
5593 4716
5594 4717
6855 4717
9386 4717
5595 4718
6848 4718
5597 4719
5600 4720
5601 4721
5602 4722
5603 4723
6657 4723
5604 4724
6628 4724
7159 4724
5605 4725
6760 4725
5606 4726
5607 4727
8458 4727
5608 4728
5609 4729
5610 4730
5611 4731
5613 4732
5615 4733
5616 4734
6602 4734
5618 4735
5620 4736
5622 4737
5625 4738
5627 4739
5628 4740
7228 4740
5629 4741
5631 4742
5632 4743
5633 4744
9354 4744
5634 4745
5635 4746
5636 4747
5637 4748
5638 4749
5639 4750
5640 4751
5641 4752
5642 4753
5686 4753
7641 4753
7670 4753
5643 4754
5644 4755
5645 4756
5647 4757
5648 4757
5649 4757
5650 4758
5651 4759
5652 4760
5653 4761
5802 4761
5655 4762
6659 4762
9358 4762
5657 4763
5658 4764
5659 4765
5660 4766
5661 4767
5662 4768
5663 4769
5664 4770
5665 4771
5666 4772
6293 4772
6887 4772
5667 4773
5668 4774
5670 4775
6608 4775
5672 4776
5673 4777
5674 4778
7899 4778
5675 4779
5676 4780
5678 4781
5680 4782
7156 4782
5681 4783
6669 4783
5682 4784
5684 4785
5685 4786
6656 4786
5687 4787
5688 4788
5689 4789
6639 4789
5692 4790
5693 4791
5694 4792
5697 4793
5698 4794
5699 4795
5701 4796
9180 4796
5702 4797
9184 4797
5703 4798
9077 4798
5704 4799
9185 4799
5705 4800
9067 4800
5706 4801
9372 4801
5707 4802
5708 4803
9186 4803
5709 4804
9311 4804
5710 4805
8916 4805
5711 4806
9319 4806
5712 4807
5713 4808
8171 4808
5715 4809
5717 4810
5718 4811
5721 4812
8528 4812
5722 4813
8540 4813
5723 4814
8917 4814
5724 4815
5725 4816
8112 4816
5726 4817
6134 4817
6325 4817
6326 4817
7733 4817
7734 4817
7885 4817
9085 4817
9321 4817
5727 4818
5728 4819
5729 4820
5730 4821
9286 4821
5731 4822
5733 4823
8940 4823
5734 4824
8860 4824
5735 4825
9317 4825
5736 4826
8849 4826
5737 4827
5738 4827
9144 4827
5739 4828
8853 4828
5740 4829
8941 4829
5741 4830
5742 4831
8854 4831
5743 4832
8868 4832
5744 4833
8861 4833
5745 4834
8117 4834
5746 4835
8862 4835
5747 4836
5748 4837
5749 4838
8865 4838
5750 4839
9328 4839
5751 4840
8121 4840
5752 4841
5753 4842
9197 4842
5754 4843
8867 4843
5755 4844
5756 4845
8866 4845
5757 4846
5758 4847
8547 4847
5759 4848
5760 4849
5761 4850
9364 4850
5762 4851
8871 4851
5763 4852
5764 4853
9336 4853
5765 4854
8873 4854
5766 4855
8554 4855
5767 4856
8874 4856
5768 4857
9329 4857
5769 4858
8735 4858
5770 4859
8869 4859
5771 4860
8122 4860
5778 4861
7475 4861
5779 4862
5780 4863
5781 4864
5782 4865
5783 4866
6057 4866
5784 4867
5785 4868
5786 4869
5787 4870
5788 4871
5789 4872
5790 4873
5791 4874
5792 4875
7134 4875
5794 4876
7158 4876
7768 4876
5795 4877
6961 4877
5796 4878
5797 4879
5798 4880
8494 4880
5800 4881
5801 4882
6738 4882
7185 4882
5804 4883
6479 4883
5805 4884
5806 4885
5807 4886
5808 4887
5809 4888
5810 4889
5811 4890
5812 4891
5813 4892
5814 4893
5816 4894
5817 4895
5818 4896
5819 4897
5820 4898
5821 4899
5822 4900
8173 4900
5823 4901
5826 4902
9283 4902
5827 4903
6333 4903
6974 4903
5828 4904
6976 4904
5829 4905
6977 4905
5831 4906
6667 4906
6979 4906
5832 4907
6339 4907
6981 4907
5833 4908
6986 4908
5834 4909
6346 4909
6988 4909
5835 4910
6993 4910
5836 4911
6356 4911
5838 4912
5839 4913
8181 4913
5840 4914
8163 4914
5841 4915
5842 4916
5843 4917
5844 4918
7004 4918
5846 4919
7010 4919
5847 4920
7011 4920
5848 4921
7019 4921
7874 4921
5849 4922
5850 4923
5852 4924
6604 4924
7032 4924
5853 4925
5854 4926
5855 4927
5857 4928
6367 4928
5858 4929
7045 4929
5859 4930
7046 4930
5860 4931
6370 4931
5861 4932
6584 4932
7050 4932
7051 4932
7052 4932
7928 4932
5862 4933
6672 4933
7056 4933
5863 4934
7058 4934
5864 4935
6384 4935
7059 4935
5865 4936
6387 4936
7060 4936
5866 4937
5867 4938
5868 4939
7068 4939
5869 4940
7070 4940
5870 4941
5871 4942
5872 4943
6401 4943
7071 4943
5873 4944
6641 4944
7072 4944
7073 4944
5874 4945
6581 4945
7075 4945
5875 4946
6634 4946
7077 4946
5876 4947
5877 4948
7629 4948
5878 4949
6172 4949
7084 4949
5879 4950
5880 4951
5881 4952
5882 4953
5883 4954
5884 4955
8154 4955
5885 4956
5886 4957
5887 4958
5888 4959
5889 4960
5890 4961
8216 4961
5891 4962
5892 4963
5893 4964
7326 4964
5895 4965
5896 4966
5897 4967
6551 4967
7132 4967
5898 4968
7137 4968
5900 4969
5987 4969
5901 4970
5903 4971
5905 4972
7201 4972
5906 4973
6477 4973
5907 4974
5908 4975
5910 4976
5911 4977
5912 4978
5913 4979
5914 4979
5915 4980
5918 4981
5919 4981
5920 4981
5921 4981
5922 4982
5924 4983
5925 4984
5926 4985
5927 4986
5928 4987
5929 4988
5930 4989
5931 4990
5932 4991
6046 4991
5933 4992
6594 4992
7650 4992
5934 4993
6756 4993
5935 4994
5936 4995
7141 4995
5937 4996
5938 4997
5939 4998
6588 4998
5940 4999
6655 4999
7212 4999
5941 5000
6550 5000
5942 5001
5944 5002
6858 5002
5947 5003
6966 5003
7676 5003
5948 5004
5949 5005
6840 5005
5952 5006
6545 5006
5953 5007
5954 5008
5955 5009
5956 5010
5957 5011
5959 5012
5960 5013
5964 5014
6922 5014
5965 5015
7890 5015
5966 5016
9287 5016
5967 5017
9288 5017
5970 5018
6894 5018
7855 5018
5971 5019
7857 5019
5972 5020
7856 5020
5973 5021
6895 5021
7858 5021
5974 5022
7859 5022
5976 5023
6898 5023
5977 5024
8511 5024
9075 5024
5978 5025
6899 5025
5979 5026
8801 5026
5980 5027
8515 5027
5981 5028
7862 5028
8748 5028
5982 5029
5983 5029
9278 5029
5984 5030
7863 5030
5985 5031
6901 5031
5986 5032
6902 5032
7866 5032
5988 5033
5989 5034
9188 5034
5990 5035
7869 5035
5991 5036
5992 5037
5993 5038
5994 5039
6904 5039
7871 5039
5996 5040
7872 5040
5997 5041
6905 5041
7873 5041
5998 5042
6910 5042
5999 5043
6001 5044
7877 5044
6002 5045
7879 5045
6003 5046
6914 5046
6004 5047
7880 5047
6005 5048
6006 5049
6917 5049
6007 5050
6918 5050
6919 5050
8920 5050
6008 5051
6742 5051
7883 5051
6009 5052
8929 5052
6010 5053
7892 5053
6012 5054
6014 5055
7894 5055
6015 5056
6928 5056
6016 5057
6929 5057
6017 5058
6687 5058
9175 5058
6018 5059
6930 5059
7896 5059
6021 5060
8811 5060
6022 5061
6934 5061
7908 5061
6023 5062
7909 5062
6024 5063
7911 5063
6025 5064
6936 5064
6026 5065
6702 5065
7912 5065
6027 5066
6937 5066
6028 5067
6029 5068
6942 5068
6030 5069
6725 5069
7851 5069
6031 5070
6944 5070
7870 5070
6032 5071
6033 5072
7922 5072
6034 5073
6036 5074
6037 5075
8123 5075
6038 5076
7926 5076
6039 5077
7927 5077
6040 5078
6951 5078
6041 5079
7930 5079
6042 5080
7932 5080
6043 5081
6044 5082
6045 5083
8558 5083
6047 5084
6048 5085
6049 5086
6050 5087
6051 5088
6052 5089
6053 5090
6054 5091
6055 5092
6056 5093
6058 5094
6059 5095
6060 5096
6061 5097
6062 5098
6065 5099
6066 5100
6856 5100
6067 5101
6480 5101
6786 5101
6069 5102
6070 5103
6071 5104
6073 5105
6074 5106
6075 5107
6077 5108
6078 5109
7533 5109
6079 5110
6080 5111
6081 5112
6082 5113
6083 5114
6084 5115
6085 5116
8162 5116
6086 5117
6087 5118
7525 5118
6088 5119
7306 5119
6089 5120
7355 5120
6090 5121
6092 5122
7260 5122
6093 5123
6094 5124
8102 5124
6095 5125
6096 5126
7295 5126
6097 5127
9309 5127
6098 5128
6099 5129
7329 5129
6100 5130
9181 5130
6102 5131
6103 5132
7361 5132
6104 5133
6105 5133
7313 5133
9182 5133
6106 5134
6107 5135
9370 5135
6108 5136
6109 5137
7298 5137
6110 5138
8517 5138
6111 5139
7429 5139
6112 5140
7511 5140
6113 5141
7419 5141
6114 5142
7399 5142
6115 5143
6116 5144
7364 5144
6117 5145
9078 5145
6118 5146
7471 5146
6119 5147
7515 5147
6121 5148
8729 5148
6122 5149
7400 5149
6123 5150
9281 5150
6124 5151
6125 5152
7369 5152
6126 5153
6127 5154
6128 5155
6130 5156
6133 5157
6135 5158
7265 5158
6136 5159
7468 5159
6137 5160
7397 5160
6139 5161
7340 5161
6142 5162
6144 5163
7335 5163
6146 5164
8720 5164
6148 5165
6152 5166
7430 5166
6153 5167
7479 5167
6159 5168
6161 5169
7401 5169
6162 5170
7531 5170
6164 5171
9087 5171
6168 5172
7486 5172
6169 5173
7320 5173
6170 5174
9157 5174
6173 5175
6174 5176
6175 5176
6176 5177
6178 5178
6522 5178
6179 5179
6180 5180
6181 5181
6182 5182
6183 5183
6184 5183
6185 5184
7138 5184
6186 5185
7143 5185
8463 5185
6187 5186
7162 5186
6188 5187
6190 5188
7192 5188
6193 5189
6194 5190
6195 5191
7795 5191
6197 5192
6198 5193
6199 5194
6200 5195
6201 5196
6202 5197
6203 5198
7311 5198
6205 5199
6206 5200
6207 5201
6208 5202
6209 5203
6210 5204
9053 5204
6211 5205
6212 5206
6213 5207
7642 5207
7668 5207
6214 5208
6215 5209
6216 5210
7415 5210
6217 5211
6218 5212
6219 5213
7404 5213
6220 5214
7318 5214
6221 5215
6222 5216
7497 5216
6223 5217
7319 5217
6224 5218
9312 5218
6225 5219
9313 5219
6226 5220
6227 5221
7000 5221
9275 5221
6228 5222
6229 5223
9189 5223
6231 5224
6235 5225
7478 5225
6239 5226
7502 5226
6240 5227
7290 5227
6241 5228
7539 5228
6242 5229
7272 5229
6243 5230
7449 5230
6244 5231
7526 5231
6247 5232
6249 5233
6250 5234
6251 5235
6252 5236
7284 5236
6253 5237
7300 5237
6254 5238
7523 5238
6255 5239
7498 5239
6256 5240
6257 5241
7484 5241
7490 5241
6258 5242
7261 5242
6259 5243
6260 5244
6261 5245
6262 5246
6263 5247
7588 5247
6264 5248
7590 5248
6265 5249
7591 5249
6266 5250
7592 5250
6267 5251
7593 5251
6268 5252
7594 5252
6269 5253
7595 5253
6270 5254
7596 5254
6271 5255
7598 5255
6272 5256
7600 5256
6273 5257
7601 5257
6274 5258
7602 5258
6275 5259
7603 5259
6276 5260
7604 5260
6277 5261
7605 5261
6278 5262
7606 5262
6279 5263
7607 5263
6280 5264
7608 5264
6281 5265
6282 5266
7612 5266
6283 5267
7613 5267
6284 5268
7615 5268
6285 5269
7617 5269
6286 5270
7621 5270
6289 5271
7160 5271
6292 5272
6294 5273
7773 5273
6295 5274
7230 5274
6296 5275
7231 5275
7687 5275
8071 5275
6297 5276
6298 5277
6299 5278
6300 5279
6301 5280
6302 5281
7003 5281
6303 5282
7030 5282
6304 5283
7034 5283
6305 5284
7721 5284
6306 5285
7007 5285
7723 5285
6307 5286
7008 5286
7724 5286
6308 5287
7725 5287
6309 5288
6310 5289
7568 5289
6311 5290
7569 5290
6312 5291
7035 5291
7737 5291
9285 5291
6313 5292
6314 5293
7728 5293
9292 5293
6315 5294
7014 5294
7729 5294
6316 5295
6317 5295
7013 5295
7015 5295
6318 5296
7016 5296
6319 5297
7017 5297
6320 5298
7018 5298
6321 5299
6322 5300
6323 5301
7033 5301
6327 5302
7028 5302
7735 5302
6329 5303
6330 5304
6331 5304
6971 5304
6972 5304
7708 5304
7709 5304
6332 5305
7710 5305
6334 5306
6393 5306
7712 5306
7741 5306
6335 5307
6336 5308
7713 5308
6337 5309
6980 5309
6338 5310
7552 5310
6340 5311
6983 5311
6341 5312
6982 5312
6342 5313
7714 5313
6343 5314
6985 5314
6344 5315
7553 5315
6345 5316
7554 5316
6347 5317
6987 5317
6348 5318
6989 5318
6349 5319
7715 5319
6350 5320
6990 5320
6351 5321
6352 5322
6992 5322
6353 5323
7556 5323
6354 5324
7717 5324
6355 5325
7716 5325
6357 5326
7563 5326
6358 5327
7564 5327
6359 5328
7566 5328
6360 5329
6997 5329
6361 5330
7036 5330
7738 5330
6362 5331
7696 5331
6363 5332
6364 5333
6365 5334
7697 5334
6366 5335
7576 5335
6368 5336
7578 5336
6369 5337
7698 5337
8756 5337
6371 5338
7048 5338
6372 5339
7700 5339
6373 5340
7049 5340
7699 5340
6374 5341
7701 5341
6375 5342
7053 5342
6376 5343
7702 5343
9295 5343
6377 5344
7703 5344
6378 5345
6379 5345
7055 5345
7579 5345
6380 5346
7580 5346
6381 5347
7582 5347
6382 5348
7704 5348
6383 5349
7705 5349
6385 5350
7583 5350
6386 5351
7584 5351
7918 5351
6388 5352
7706 5352
6389 5353
7586 5353
6390 5354
6391 5355
6392 5356
7739 5356
6394 5357
7063 5357
6395 5358
7547 5358
6396 5359
7548 5359
6397 5360
7066 5360
6398 5361
7067 5361
7745 5361
6399 5362
7069 5362
6400 5363
7746 5363
6402 5364
7747 5364
6403 5365
7614 5365
6404 5366
7618 5366
6405 5367
7620 5367
6406 5368
6407 5369
6408 5370
6409 5371
6410 5372
8164 5372
6411 5373
6412 5374
6414 5375
6416 5376
6417 5377
6418 5378
6419 5379
6420 5380
6421 5381
6422 5382
6423 5383
6424 5384
6425 5385
6427 5386
6430 5387
7489 5387
6431 5388
6432 5389
6433 5390
6434 5391
6435 5392
6436 5393
6437 5394
6438 5395
6439 5396
6440 5397
6441 5398
6442 5399
6443 5400
8298 5400
6444 5401
6445 5402
6446 5403
6447 5404
6449 5405
6451 5406
8139 5406
6452 5407
6456 5408
6457 5409
6458 5410
6459 5411
6460 5412
6461 5413
6462 5414
6463 5415
6464 5416
6465 5417
6466 5418
6467 5419
6468 5420
7131 5420
6471 5421
6472 5422
6474 5423
7196 5423
6475 5424
7790 5424
6476 5425
7209 5425
6481 5426
6483 5427
6484 5428
6485 5429
6486 5430
6487 5431
6488 5432
6489 5433
6490 5434
6491 5435
6492 5436
6493 5437
6494 5438
6495 5439
6496 5440
6654 5440
6688 5440
6497 5441
6996 5441
7718 5441
6498 5442
6499 5443
7006 5443
7722 5443
6500 5444
7012 5444
7727 5444
6501 5445
6502 5446
7021 5446
7731 5446
6503 5447
7031 5447
6504 5448
6505 5449
7062 5449
7740 5449
6506 5450
7065 5450
7742 5450
6509 5451
8035 5451
6510 5452
7754 5452
6511 5453
7140 5453
6512 5454
6513 5455
6514 5456
6515 5457
6516 5458
6517 5459
6519 5460
6520 5461
6521 5462
6523 5463
6524 5464
6526 5465
6527 5466
6528 5467
6529 5468
8066 5468
6530 5469
7656 5469
6532 5470
7222 5470
6533 5471
6534 5472
6535 5473
6536 5474
6537 5475
6538 5476
6539 5477
6540 5478
6541 5479
6542 5480
6543 5481
6544 5482
6546 5483
6547 5484
6548 5485
6994 5485
6552 5486
6554 5487
6555 5488
6556 5489
6557 5490
6558 5491
6560 5492
6562 5493
6563 5494
6565 5495
6566 5496
8840 5496
6567 5497
8839 5497
6568 5498
6570 5499
6732 5499
8430 5499
6571 5500
7169 5500
6574 5501
6576 5502
6578 5503
7054 5503
8758 5503
6579 5504
7147 5504
6582 5505
8572 5505
9599 5505
6583 5506
9064 5506
6587 5507
6589 5508
6590 5509
6592 5510
6593 5511
7171 5511
6597 5512
6599 5513
6603 5514
6605 5515
8858 5515
6606 5516
6611 5517
6612 5518
6613 5519
6614 5520
6618 5521
6620 5522
6621 5523
7188 5523
6622 5524
6624 5525
6625 5526
8074 5526
6630 5527
7769 5527
6631 5528
7303 5528
6632 5529
7651 5529
6633 5530
6635 5531
6636 5532
6638 5533
6640 5534
7142 5534
6642 5535
7129 5535
6643 5536
7149 5536
6644 5537
6645 5538
6646 5539
8078 5539
6648 5540
7165 5540
6649 5541
6652 5542
6653 5543
6658 5544
6660 5545
6663 5546
6665 5547
6670 5548
6673 5549
6674 5550
6675 5551
6677 5552
6679 5553
9236 5553
6680 5554
6681 5555
7225 5555
6682 5556
6684 5557
6685 5558
6896 5558
6686 5559
8838 5559
6689 5560
6691 5561
6692 5562
6693 5563
8581 5563
6694 5564
6695 5565
8689 5565
6696 5566
8691 5566
6697 5567
6698 5568
6699 5569
9122 5569
6700 5570
6701 5571
9374 5571
6703 5572
6704 5573
8544 5573
6705 5574
6706 5575
8845 5575
6707 5576
6708 5577
6709 5578
6710 5579
6711 5580
6713 5581
6714 5582
9086 5582
6715 5583
8710 5583
6716 5584
6717 5585
8535 5585
6718 5586
8716 5586
6719 5587
9135 5587
6720 5588
6721 5589
8852 5589
6722 5590
6723 5591
6724 5592
6726 5593
7438 5593
6727 5594
6728 5595
6729 5596
8836 5596
6730 5597
6731 5598
8520 5598
6733 5599
6734 5600
6735 5601
6736 5602
8844 5602
6737 5603
6740 5604
6741 5605
8855 5605
6743 5606
8891 5606
6746 5607
8529 5607
6749 5608
8546 5608
6750 5609
6751 5610
6753 5611
6755 5612
8787 5612
6757 5613
6758 5614
8775 5614
6761 5615
6762 5616
8534 5616
6763 5617
6764 5618
6766 5619
7492 5619
6767 5620
6768 5621
8559 5621
6771 5622
8527 5622
6772 5623
8792 5623
6773 5624
6774 5625
6776 5626
9081 5626
6777 5627
6778 5628
6779 5629
6780 5630
6781 5631
6782 5632
6783 5633
6784 5634
6785 5635
6787 5636
8810 5636
6788 5637
6789 5638
6790 5639
8818 5639
6791 5640
6792 5641
8541 5641
6794 5642
9325 5642
6795 5643
6796 5644
6798 5645
6804 5646
7686 5646
6806 5647
6807 5648
8172 5648
6808 5649
7390 5649
6810 5650
8841 5650
6812 5651
6817 5652
6818 5653
6821 5654
9327 5654
6825 5655
6829 5656
8842 5656
6831 5657
7366 5657
6832 5658
6833 5659
6834 5660
7784 5660
6838 5661
6927 5661
6839 5662
6841 5663
6843 5664
9330 5664
6844 5665
6846 5666
9318 5666
6847 5667
9335 5667
6849 5668
6852 5669
9324 5669
6857 5670
6861 5671
6863 5672
8835 5672
6866 5673
6867 5674
6868 5675
6871 5676
7654 5676
6872 5677
7336 5677
6873 5678
7776 5678
6874 5679
6875 5680
6876 5681
6877 5682
7679 5682
6879 5683
6880 5684
6881 5685
6882 5686
6885 5687
7496 5687
6886 5688
6888 5689
6889 5690
6890 5691
6891 5692
6892 5693
6926 5693
6893 5694
6897 5695
6900 5696
6903 5697
6906 5698
6907 5699
6908 5700
6909 5701
6911 5702
8187 5702
6912 5703
6913 5704
8847 5704
6915 5705
6916 5706
6920 5707
6921 5708
8850 5708
6923 5709
6924 5710
6925 5711
6932 5712
8943 5712
6935 5713
8864 5713
6940 5714
8872 5714
6941 5715
6943 5716
6945 5717
7891 5717
6946 5718
7743 5718
6947 5719
6949 5720
6950 5721
6952 5722
7931 5722
6953 5723
8166 5723
6954 5724
7440 5724
6955 5725
6956 5726
7759 5726
6957 5727
7215 5727
6959 5728
6960 5729
8283 5729
6963 5730
6964 5731
6967 5732
6968 5733
6970 5734
8334 5734
6973 5735
9368 5735
6975 5736
6978 5737
6984 5738
6991 5739
6995 5740
6998 5741
6999 5741
9170 5741
7001 5742
7002 5743
7005 5744
7009 5745
7020 5746
7730 5746
7022 5747
8184 5747
7023 5748
7024 5748
7025 5748
7026 5749
7027 5750
7029 5751
7037 5752
7038 5753
7530 5753
7039 5754
7040 5755
7041 5756
7042 5757
7043 5758
7044 5759
7047 5760
7057 5761
7061 5762
7064 5763
8721 5763
7074 5764
8168 5764
7076 5765
7748 5765
7078 5766
8177 5766
7079 5767
7151 5767
7085 5768
7755 5768
7086 5769
7088 5770
7089 5771
7090 5772
7091 5773
7092 5774
7093 5775
7423 5775
7094 5776
7095 5777
7096 5778
7097 5779
7098 5780
7099 5781
7145 5781
7100 5782
9402 5782
7101 5783
7102 5784
7103 5785
8155 5785
7104 5786
7105 5787
7107 5788
7108 5789
7109 5790
7110 5791
7111 5792
9513 5792
7112 5793
7114 5794
7115 5795
7116 5796
7117 5797
7118 5797
7119 5798
7120 5799
7121 5800
7122 5801
7123 5802
7124 5803
7125 5803
7126 5804
7128 5805
7133 5806
7136 5807
7144 5808
7148 5809
7150 5810
8493 5810
7153 5811
7155 5812
7161 5813
7163 5814
7164 5815
8553 5815
7167 5816
8077 5816
7170 5817
7778 5817
7173 5818
7174 5819
7214 5819
7175 5820
7177 5821
7180 5822
7183 5823
7186 5824
7189 5825
7190 5826
7194 5827
7195 5828
7197 5829
7198 5830
8175 5830
7199 5831
7785 5831
7202 5832
7203 5833
7766 5833
7204 5834
7205 5835
7211 5836
7792 5836
7213 5837
7216 5838
7219 5839
7447 5839
7220 5840
7224 5841
7226 5842
7227 5843
7232 5844
7233 5845
7234 5846
7235 5847
7236 5848
7237 5849
7238 5850
7239 5851
7240 5852
7241 5853
7244 5854
7245 5855
7246 5856
7247 5857
7248 5858
7249 5859
7250 5860
7251 5861
7252 5862
7253 5863
7836 5863
7254 5864
7255 5865
8907 5865
7256 5866
7258 5867
7673 5867
7259 5868
7263 5869
7264 5870
7266 5871
7267 5872
7268 5873
7269 5874
7273 5875
7274 5876
7317 5876
7333 5876
7437 5876
7793 5876
7276 5877
9635 5877
7277 5878
7279 5879
7280 5880
7281 5881
7282 5882
7283 5883
7285 5884
7286 5885
7287 5886
7765 5886
7288 5887
7289 5888
7524 5888
7799 5888
7809 5888
7810 5888
7291 5889
7292 5890
7293 5891
7294 5892
7469 5892
8427 5892
7296 5893
7297 5894
7299 5895
7302 5896
7304 5897
7305 5898
8182 5898
7307 5899
7309 5900
7310 5901
7312 5902
7314 5903
7321 5904
7413 5904
7323 5905
7324 5906
7325 5907
7327 5908
8180 5908
7328 5909
8503 5909
8702 5909
8733 5909
8813 5909
8819 5909
7331 5910
7573 5910
7337 5911
7338 5912
7339 5913
7341 5914
7344 5915
7345 5916
7346 5917
7771 5917
7347 5918
7349 5919
7353 5920
7354 5921
7356 5922
7357 5923
7359 5924
7360 5925
7362 5926
7363 5927
7365 5928
7368 5929
7370 5930
7371 5931
7373 5932
7374 5933
7375 5934
7376 5935
7377 5936
7379 5937
7380 5938
7381 5939
7382 5940
7383 5941
7385 5942
7387 5943
7388 5944
7391 5945
7772 5945
7392 5946
7393 5947
7540 5947
7394 5948
7395 5949
7396 5950
7398 5951
8321 5951
7405 5952
7406 5953
7407 5954
7408 5955
7411 5956
7414 5957
7420 5958
7422 5959
7424 5960
7425 5961
7427 5962
7428 5963
7431 5964
7462 5964
7432 5965
9266 5965
9543 5965
7433 5966
7434 5967
7435 5968
7436 5969
7439 5970
7441 5971
7442 5972
7443 5973
7444 5974
7446 5975
7448 5976
7450 5976
7451 5977
7452 5978
7453 5979
7455 5980
7456 5981
7457 5982
7458 5983
7459 5984
7460 5985
7461 5986
7463 5987
7464 5988
7466 5989
7467 5990
7470 5991
7472 5992
7473 5993
7474 5994
7477 5995
7480 5996
7481 5997
7483 5998
7485 5999
7487 6000
7491 6001
7493 6002
7685 6002
9542 6002
7495 6003
7499 6004
7500 6005
7503 6006
7504 6007
7505 6008
7506 6009
7508 6010
7509 6011
7510 6012
7512 6013
7513 6014
7514 6015
7517 6016
7520 6017
7521 6018
7527 6019
7528 6020
7529 6021
7534 6022
7535 6023
7542 6024
7544 6025
7545 6026
7546 6027
7549 6028
7555 6029
7557 6030
7558 6031
7559 6032
7560 6033
7561 6033
7570 6034
7571 6035
7574 6036
7893 6036
7575 6037
7577 6038
7581 6039
7585 6040
7587 6041
7589 6042
7597 6043
7599 6044
7609 6045
7610 6046
7611 6047
7616 6048
7619 6049
7622 6050
7623 6051
8224 6051
7630 6052
7631 6053
7632 6054
7643 6055
7646 6056
7647 6057
7648 6058
7649 6059
7653 6060
7655 6061
7657 6062
7658 6063
7659 6064
7660 6065
7661 6066
7662 6067
7663 6068
7664 6069
7684 6069
7665 6070
7666 6071
7797 6071
7667 6072
7669 6073
7671 6074
7677 6074
7674 6075
7675 6076
7678 6077
7680 6078
7681 6079
7682 6080
7683 6081
7688 6082
7689 6083
7690 6084
7691 6085
7692 6086
7693 6087
7694 6088
7695 6089
7707 6090
7711 6091
7719 6092
7720 6093
7726 6094
7732 6095
7736 6096
7744 6097
7749 6098
8170 6098
7750 6099
7751 6100
7752 6101
7753 6102
7760 6103
7798 6103
7761 6104
7762 6105
7764 6106
7770 6107
7774 6108
7775 6109
7777 6110
7779 6111
7780 6112
7781 6113
7782 6114
7783 6115
7787 6116
7788 6117
7789 6118
7791 6119
7794 6120
7796 6121
7800 6122
7801 6122
7802 6123
7803 6124
7804 6125
7805 6126
7806 6127
7807 6128
7808 6129
7811 6130
7812 6131
7813 6132
7814 6133
7815 6134
7816 6135
7817 6136
7818 6137
7819 6138
7820 6139
7821 6140
7822 6141
7823 6142
7824 6143
7825 6144
7826 6145
7827 6146
7828 6147
7830 6148
7831 6149
8796 6149
7832 6150
7833 6151
7834 6152
7835 6153
7837 6154
7838 6155
7839 6156
7840 6157
7841 6158
8773 6158
8790 6158
7842 6159
7843 6160
7844 6160
7845 6161
7846 6162
7847 6163
7848 6164
7849 6165
7850 6166
7852 6167
7853 6168
7854 6169
7860 6170
7861 6171
7864 6172
7865 6173
7867 6174
7868 6175
7875 6176
7876 6177
8179 6177
7878 6178
7881 6179
7882 6180
7884 6181
7886 6182
7887 6183
7888 6184
7889 6185
7895 6186
7900 6187
7901 6188
7902 6189
7903 6190
7904 6191
7905 6192
7906 6193
7907 6194
7910 6195
7913 6196
7914 6197
7915 6198
8167 6198
7916 6199
7917 6200
7919 6201
7920 6202
7921 6203
7925 6204
8178 6204
7929 6205
7933 6206
8174 6206
7938 6207
7939 6208
7944 6209
7945 6210
8129 6210
7948 6211
7950 6212
8133 6212
7952 6213
7959 6214
7960 6215
7961 6216
7962 6217
7968 6218
7973 6219
7974 6219
7976 6220
7977 6221
8086 6221
7978 6222
7979 6223
7981 6224
7983 6225
7985 6226
7987 6227
8000 6228
8001 6229
8003 6230
8004 6230
8006 6231
8007 6232
8008 6233
8142 6233
8009 6234
8010 6235
8012 6236
8013 6236
8015 6237
8024 6238
8026 6239
8027 6240
8028 6240
8032 6241
8034 6241
8033 6242
8036 6243
8037 6244
8251 6244
8038 6245
8039 6246
8040 6247
8041 6248
8047 6249
8048 6250
8049 6251
8050 6252
8052 6253
8053 6254
8054 6255
8055 6256
8056 6257
8057 6258
8058 6259
8059 6260
9226 6260
8060 6261
8061 6261
8062 6261
8063 6262
8064 6263
8065 6264
8067 6265
8068 6266
8069 6267
8070 6268
8072 6269
8075 6270
8076 6271
8080 6272
8085 6273
8087 6274
8088 6275
8089 6276
8091 6277
8093 6278
8096 6279
8097 6280
8098 6281
9271 6281
8099 6282
8100 6283
8101 6284
8103 6285
8104 6286
8105 6287
8106 6288
8107 6289
8108 6290
9190 6290
8109 6291
8111 6292
8113 6293
8114 6294
8115 6295
8116 6295
8118 6296
8769 6296
8120 6297
8124 6298
9165 6298
8125 6299
8127 6300
8130 6301
8131 6302
8134 6303
8136 6304
8137 6305
8141 6306
8143 6307
8144 6308
8147 6309
8149 6310
8950 6310
8153 6311
8156 6312
8157 6313
8159 6314
8160 6315
8165 6316
8183 6317
8185 6318
8189 6319
8190 6320
8191 6321
8192 6322
8193 6323
8194 6324
8195 6325
8196 6326
8197 6327
8198 6328
8199 6329
8203 6330
8206 6331
8207 6332
8211 6333
8213 6334
8214 6335
8220 6336
8221 6337
8222 6338
8225 6339
8227 6340
8228 6341
8229 6342
8230 6343
8231 6344
8346 6344
8232 6345
8233 6346
8235 6346
8234 6347
8236 6348
8237 6349
8238 6350
8239 6351
8240 6352
8241 6353
8242 6354
8243 6355
8244 6356
8245 6356
8246 6356
8247 6356
8248 6356
8249 6356
8250 6356
8252 6357
8253 6358
8255 6359
8256 6360
8257 6361
8258 6362
8350 6362
8259 6363
8353 6363
8260 6364
8261 6365
8265 6366
9518 6366
8266 6367
8273 6367
8267 6368
8268 6369
8269 6369
8270 6369
8275 6370
8276 6371
8277 6372
8278 6373
8279 6374
8280 6375
8281 6376
8282 6377
8284 6378
8285 6379
8286 6380
8287 6381
8288 6382
8289 6383
8330 6383
8290 6384
8291 6385
8292 6386
8293 6387
8294 6388
8295 6389
8296 6390
8297 6391
8299 6392
8300 6393
8301 6394
8302 6395
8303 6396
8304 6397
8305 6398
8306 6399
8307 6400
8308 6400
8309 6401
8310 6402
8311 6403
8313 6404
8314 6405
8315 6406
8316 6407
8317 6408
8318 6409
8972 6409
9019 6409
8319 6410
8320 6411
8322 6412
8323 6413
8324 6414
8325 6415
8326 6416
8327 6417
8328 6418
8438 6418
8329 6419
8331 6420
8332 6421
8333 6422
9262 6422
8335 6423
8336 6424
8337 6425
9097 6425
8339 6426
8340 6427
8341 6428
8342 6429
8343 6430
8344 6431
8345 6432
8347 6433
8348 6434
8349 6435
8351 6436
8352 6437
8354 6438
8355 6439
8356 6440
8358 6440
8357 6441
8359 6442
8360 6443
8361 6444
8363 6445
8365 6446
8367 6447
8369 6448
8371 6449
8372 6450
8373 6451
8374 6452
8375 6453
8376 6454
8377 6455
8378 6456
8379 6457
8380 6458
8381 6459
8382 6460
8383 6461
8384 6462
8385 6463
8386 6464
8387 6465
8388 6466
8390 6467
8391 6468
8569 6468
8392 6469
8393 6470
8394 6471
8395 6472
8396 6473
8397 6474
8398 6475
8399 6476
8402 6477
8403 6478
8405 6479
8406 6480
8407 6481
8409 6482
8410 6483
8762 6483
9521 6483
8411 6484
8412 6485
8413 6486
8414 6487
8415 6488
8416 6489
8417 6490
8418 6491
8419 6492
8420 6493
8421 6494
8422 6494
8423 6495
8424 6496
8495 6496
8426 6497
8428 6498
8429 6499
8431 6500
8432 6501
8436 6501
8433 6502
8434 6503
8435 6504
8437 6505
8439 6506
8448 6506
8440 6507
8441 6508
9247 6508
8442 6509
8443 6510
8444 6511
8445 6512
8446 6513
8447 6514
8449 6515
8450 6516
8451 6517
8452 6518
8453 6519
8455 6520
8456 6521
8457 6522
8459 6523
8460 6524
8461 6525
8462 6526
8464 6527
8465 6528
8466 6529
8468 6530
8469 6531
8470 6532
8471 6533
8472 6534
8473 6535
8474 6536
8476 6537
8477 6538
8478 6539
8480 6540
9088 6540
8481 6541
8482 6542
8483 6543
8484 6544
8485 6545
8486 6546
8487 6547
8488 6548
8489 6549
8490 6550
8491 6551
8492 6552
8496 6553
8497 6554
8498 6555
8499 6556
8673 6556
8500 6557
8501 6558
8502 6559
8504 6560
8505 6561
8506 6562
8507 6563
8508 6564
8509 6565
8513 6566
8514 6567
8516 6568
8518 6569
8519 6570
8521 6571
8786 6571
8522 6572
8523 6573
8524 6574
8803 6574
8525 6575
8530 6576
8531 6577
8738 6577
8536 6578
8537 6579
8538 6580
8543 6581
8545 6582
8550 6583
8551 6584
8552 6585
8555 6586
8556 6587
8557 6588
8560 6589
8561 6590
8562 6591
8563 6592
8564 6593
8565 6594
8566 6595
8567 6596
8568 6597
8699 6597
8570 6598
9244 6598
8571 6599
8573 6600
8574 6601
8575 6602
9114 6602
9123 6602
8576 6603
8577 6604
8578 6605
8580 6606
8582 6607
9068 6607
8583 6608
8585 6609
8586 6610
8587 6611
8588 6612
8589 6613
8590 6614
8591 6615
8627 6615
8592 6616
8593 6617
8594 6618
8595 6619
8596 6620
8597 6621
8598 6622
8599 6623
8600 6624
8601 6625
8602 6626
8603 6627
8604 6628
8605 6629
8606 6630
8607 6631
8608 6632
8609 6633
8610 6634
8611 6635
8612 6636
8613 6637
8614 6638
8615 6639
8616 6640
8617 6641
8618 6642
8619 6643
8620 6644
8621 6645
8622 6646
9413 6646
8623 6647
8624 6648
8625 6649
8626 6650
8628 6651
8629 6652
8630 6653
8631 6654
8632 6655
8633 6656
8634 6657
8635 6658
8636 6659
8637 6660
8638 6661
8639 6662
8640 6663
8641 6664
8642 6665
8643 6666
8644 6666
8645 6666
8646 6667
8647 6668
8648 6669
8649 6670
8650 6671
8651 6672
8666 6672
8652 6673
8653 6674
8654 6675
8655 6676
8656 6677
8657 6678
8658 6679
8659 6680
8660 6681
8661 6682
8662 6683
8663 6684
8664 6685
8665 6685
8667 6686
8668 6687
8669 6687
8670 6687
8671 6687
8672 6687
8674 6688
8675 6689
8676 6690
8677 6691
8678 6692
8679 6693
8680 6694
8681 6695
8682 6696
8683 6697
8684 6698
8685 6699
8686 6700
8687 6701
8688 6702
8690 6703
8692 6704
8693 6705
8694 6706
8695 6707
8696 6708
8697 6709
8698 6710
8700 6711
8707 6711
8715 6711
8804 6711
8701 6712
8703 6713
8704 6714
8705 6715
8706 6716
8708 6717
8711 6718
8712 6719
8713 6720
8714 6721
8717 6722
8718 6723
8719 6724
8722 6725
8723 6726
8724 6727
8725 6728
8727 6729
8728 6730
8730 6731
8731 6732
8732 6733
8734 6734
8806 6734
8736 6735
8737 6736
8739 6737
8741 6738
8744 6738
8742 6739
8743 6740
8788 6740
8745 6741
8747 6742
8750 6743
8752 6744
8753 6745
8754 6746
8755 6747
8757 6748
8759 6749
8761 6750
8763 6751
8764 6752
8766 6753
8767 6754
8768 6755
8770 6756
8771 6757
8772 6758
8774 6759
8776 6760
8778 6761
8779 6762
8781 6763
8782 6764
8783 6765
8784 6766
8785 6767
8789 6768
8791 6769
8793 6770
8794 6771
8795 6772
8797 6773
8798 6774
8799 6775
8800 6776
8802 6777
9176 6777
8805 6778
8807 6779
8808 6780
8809 6781
8812 6782
8814 6783
8815 6784
8816 6785
8817 6786
8820 6787
8821 6788
8822 6789
8824 6790
8825 6791
8826 6792
8827 6793
8828 6794
8829 6795
8830 6796
8831 6797
8832 6798
8833 6799
8834 6800
8837 6801
9270 6801
8843 6802
8846 6803
8856 6804
8857 6805
8859 6806
8863 6807
8870 6808
8875 6809
8876 6810
8877 6811
8878 6812
8881 6813
8882 6814
8883 6815
8884 6816
8885 6817
8886 6818
8887 6818
8957 6818
8888 6819
8890 6820
8892 6821
8893 6822
8894 6823
8895 6824
8896 6825
8897 6826
8898 6827
8899 6828
8900 6829
8901 6830
8902 6831
8903 6832
8904 6833
8905 6834
8906 6835
8908 6836
9051 6836
9052 6836
8909 6837
8910 6838
8911 6839
8912 6840
8913 6841
8914 6842
8915 6843
8918 6844
8919 6845
8921 6846
8922 6847
8923 6848
8924 6849
8925 6850
8926 6851
8927 6852
8928 6853
8931 6854
8932 6855
8933 6856
8934 6857
8935 6858
8936 6859
8939 6860
8942 6861
8944 6862
8945 6863
8948 6864
8949 6865
8951 6866
8952 6867
8953 6868
8954 6869
8955 6870
8956 6871
8958 6872
8959 6873
8960 6874
8961 6875
8962 6876
8963 6877
8964 6878
8965 6879
8966 6880
8967 6881
8968 6882
8969 6883
8970 6884
8971 6885
8973 6886
8974 6887
9031 6887
8975 6888
8976 6889
8977 6890
8978 6891
8979 6892
8980 6893
8981 6894
8982 6895
8983 6896
8984 6897
8985 6898
9229 6898
8986 6899
8987 6900
8988 6901
8989 6902
8990 6903
8991 6904
8992 6905
8993 6906
8994 6907
8995 6908
8996 6909
8997 6910
8998 6911
8999 6912
9000 6913
9001 6914
9002 6915
9003 6916
9004 6917
9005 6918
9006 6919
9007 6920
9008 6921
9009 6922
9010 6923
9011 6924
9012 6925
9013 6926
9014 6927
9015 6927
9016 6928
9017 6929
9018 6930
9020 6931
9021 6932
9022 6933
9023 6934
9024 6935
9025 6936
9026 6937
9027 6938
9028 6939
9029 6940
9030 6941
9032 6942
9033 6943
9034 6943
9035 6944
9036 6945
9037 6946
9038 6947
9039 6948
9040 6949
9041 6950
9042 6951
9043 6952
9044 6953
9045 6954
9046 6955
9047 6956
9048 6957
9049 6958
9050 6959
9054 6960
9055 6961
9056 6962
9057 6963
9058 6964
9059 6965
9060 6966
9061 6967
9062 6968
9063 6969
9065 6970
9066 6971
9069 6972
9070 6973
9071 6974
9072 6975
9074 6976
9076 6977
9080 6978
9083 6979
9089 6980
9090 6981
9092 6982
9093 6983
9094 6984
9096 6985
9098 6986
9099 6987
9100 6988
9101 6989
9102 6990
9103 6991
9104 6992
9105 6993
9106 6994
9107 6995
9108 6996
9109 6997
9110 6998
9111 6999
9112 7000
9113 7001
9115 7002
9116 7003
9148 7003
9117 7004
9118 7005
9119 7006
9120 7007
9121 7008
9124 7009
9125 7010
9127 7011
9158 7011
9128 7012
9129 7013
9130 7014
9131 7015
9132 7016
9134 7017
9136 7018
9139 7019
9154 7019
9140 7020
9141 7021
9142 7022
9145 7023
9147 7024
9149 7025
9227 7025
9150 7026
9152 7027
9332 7027
9153 7028
9156 7029
9159 7030
9163 7031
9164 7032
9251 7032
9167 7033
9168 7034
9178 7034
9169 7035
9171 7036
9172 7037
9174 7038
9177 7039
9179 7040
9183 7041
9187 7042
9192 7043
9193 7044
9255 7044
9194 7045
9195 7046
9196 7047
9198 7048
9199 7049
9200 7050
9201 7051
9202 7052
9203 7053
9204 7054
9205 7055
9207 7056
9208 7057
9210 7058
9211 7059
9212 7060
9213 7061
9215 7062
9216 7063
9217 7064
9218 7065
9219 7066
9220 7067
9221 7068
9223 7069
9224 7070
9225 7071
9228 7072
9230 7073
9231 7074
9232 7075
9233 7076
9234 7077
9235 7078
9237 7079
9238 7080
9240 7081
9241 7082
9242 7083
9243 7084
9245 7085
9246 7086
9248 7087
9249 7088
9250 7089
9253 7090
9254 7091
9256 7092
9366 7092
9257 7093
9258 7094
9259 7095
9260 7096
9261 7097
9263 7098
9264 7099
9265 7100
9272 7101
9274 7102
9277 7103
9279 7104
9282 7105
9284 7106
9289 7107
9290 7108
9291 7109
9298 7110
9299 7111
9300 7112
9301 7113
9302 7114
9303 7115
9304 7116
9305 7117
9306 7118
9307 7119
9308 7120
9310 7121
9314 7122
9320 7123
9322 7124
9326 7125
9331 7126
9333 7127
9334 7128
9337 7129
9339 7130
9340 7131
9341 7132
9342 7133
9343 7134
9344 7135
9345 7136
9346 7137
9348 7138
9349 7139
9351 7140
9352 7141
9353 7142
9355 7143
9356 7144
9357 7145
9359 7146
9360 7147
9361 7148
9362 7149
9363 7150
9365 7151
9367 7152
9369 7153
9371 7154
9373 7155
9375 7156
9376 7157
9377 7158
9378 7159
9381 7160
9382 7160
9389 7160
9383 7161
9384 7162
9387 7163
9388 7164
9390 7165
9391 7166
9393 7167
9394 7168
9395 7169
9396 7170
9397 7171
9398 7172
9399 7173
9400 7174
9401 7175
9403 7176
9404 7177
9405 7178
9406 7179
9407 7180
9408 7181
9409 7182
9410 7183
9411 7184
9412 7185
9414 7186
9415 7187
9416 7188
9417 7189
9418 7190
9419 7191
9420 7192
9421 7193
9422 7194
9423 7195
9424 7196
9425 7197
9426 7198
9427 7199
9428 7200
9429 7201
9430 7201
9431 7202
9432 7203
9433 7204
9434 7205
9435 7206
9438 7207
9439 7208
9440 7209
9442 7210
9443 7211
9445 7212
9446 7213
9447 7214
9448 7215
9449 7216
9450 7217
9451 7218
9452 7219
9453 7220
9454 7220
9455 7220
9456 7220
9457 7221
9458 7222
9459 7223
9460 7224
9461 7225
9462 7226
9463 7227
9464 7228
9465 7229
9466 7230
9467 7231
9468 7232
9469 7233
9470 7234
9471 7235
9472 7236
9473 7237
9474 7238
9478 7238
9475 7239
9476 7240
9477 7241
9479 7242
9480 7243
9482 7244
9483 7245
9484 7246
9485 7247
9489 7247
9490 7247
9486 7248
9487 7249
9495 7249
9497 7249
9498 7249
9488 7250
9491 7251
9492 7252
9493 7253
9494 7254
9496 7255
9500 7256
9501 7257
9502 7258
9504 7259
9624 7259
9505 7260
9509 7261
9510 7262
9511 7263
9512 7264
9515 7265
9516 7266
9517 7267
9522 7268
9523 7269
9524 7270
9525 7271
9527 7272
9528 7273
9529 7274
9530 7275
9531 7276
9532 7276
9534 7276
9535 7276
9536 7276
9537 7276
9539 7277
9544 7278
9545 7279
9547 7280
9548 7281
9549 7282
9570 7282
9550 7283
9551 7284
9552 7285
9554 7286
9555 7287
9556 7288
9558 7289
9561 7290
9562 7291
9563 7292
9564 7293
9565 7294
9566 7295
9567 7296
9568 7297
9575 7297
9579 7297
9611 7297
9631 7297
9643 7297
9668 7297
9676 7297
9569 7298
9571 7299
9572 7300
9573 7301
9574 7302
9576 7303
9577 7304
9578 7305
9581 7306
9582 7307
9743 7307
9583 7308
9584 7309
9585 7310
9586 7310
9587 7311
9588 7312
9589 7313
9590 7314
9591 7315
9592 7316
9593 7317
9594 7318
9595 7319
9596 7320
9597 7321
9598 7322
9600 7323
9601 7324
9602 7325
9603 7326
9604 7327
9605 7328
9606 7329
9607 7329
9608 7330
9609 7331
9610 7332
9612 7333
9613 7334
9614 7335
9615 7336
9616 7337
9617 7338
9618 7339
9619 7340
9620 7341
9621 7342
9622 7343
9623 7344
9625 7345
9626 7346
9627 7347
9628 7348
9809 7348
9629 7349
9630 7350
9634 7351
9636 7352
9805 7352
9637 7353
9639 7354
9640 7355
9641 7356
9642 7357
9644 7358
9645 7359
9646 7359
9647 7360
9648 7360
9649 7361
9650 7362
9651 7363
9652 7364
9653 7365
9654 7366
9655 7367
9656 7368
9657 7369
9658 7370
9659 7371
9660 7372
9661 7373
9662 7374
9663 7375
9664 7376
9665 7377
9666 7378
9667 7379
9669 7380
9670 7381
9671 7382
9673 7382
9672 7383
9674 7384
9675 7385
9677 7386
9678 7387
9679 7388
9680 7389
9681 7390
9682 7391
9683 7392
9684 7393
9685 7394
9686 7395
9687 7396
9688 7397
9689 7398
9690 7399
9691 7400
9692 7401
9693 7402
9694 7403
9695 7404
9696 7405
9697 7406
9698 7407
9699 7408
9700 7409
9701 7410
9702 7411
9703 7412
9704 7413
9705 7414
9706 7415
9707 7416
9708 7417
9709 7418
9710 7419
9711 7420
9712 7421
9713 7422
9750 7422
9762 7422
9851 7422
9877 7422
9714 7423
9715 7424
9716 7425
9717 7426
9718 7427
9719 7428
9720 7429
9721 7430
9722 7431
9723 7432
9724 7433
9725 7434
9726 7435
9727 7436
9728 7437
9729 7438
9730 7439
9731 7440
9732 7441
9733 7442
9734 7443
9735 7444
9736 7445
9737 7446
9738 7447
9739 7448
9740 7449
9741 7450
9742 7451
9744 7452
9745 7453
9746 7454
9748 7455
9749 7456
9751 7457
9752 7458
9753 7459
9754 7460
9755 7461
9756 7462
9757 7463
9758 7464
9759 7465
9760 7466
9761 7467
9763 7468
9764 7469
9765 7470
9766 7471
9767 7472
9768 7473
9769 7474
9770 7475
9771 7476
9772 7477
9773 7478
9774 7479
9775 7480
9776 7481
9777 7482
9778 7483
9779 7484
9780 7485
9781 7486
9782 7487
9783 7488
9784 7489
9785 7490
9786 7491
9787 7492
9788 7493
9789 7494
9790 7495
9791 7496
9792 7497
9793 7498
9794 7499
9795 7500
9796 7501
9797 7502
9798 7503
9799 7504
9800 7505
9801 7506
9802 7507
9803 7508
9804 7509
9806 7510
9826 7510
9807 7511
9808 7512
9810 7513
9811 7514
9812 7515
9813 7516
9814 7517
9815 7518
9816 7519
9817 7520
9818 7521
9819 7522
9820 7523
9821 7524
9822 7525
9823 7526
9824 7527
9825 7528
9827 7529
9828 7530
9829 7531
9830 7532
9831 7533
9832 7534
9833 7535
9834 7536
9835 7537
9836 7538
9837 7539
9838 7540
9840 7541
9841 7542
9843 7543
9844 7544
9845 7545
9846 7546
9847 7547
9848 7548
9849 7549
9850 7550
9852 7551
9853 7552
9854 7553
9855 7554
9857 7555
9858 7556
9859 7557
9860 7558
9861 7559
9862 7560
9863 7561
9864 7562
9865 7563
9866 7564
9867 7565
9868 7566
9869 7567
9870 7568
9871 7569
9872 7570
9873 7571
9874 7572
9875 7573
9876 7574
9878 7575
9879 7576
9880 7577
9881 7578
9882 7579
9883 7580
9884 7581
9885 7582
9886 7583
9887 7584
9888 7585
9889 7586
9890 7587
9891 7588
9892 7589
9893 7590
9894 7591
9895 7592
9896 7593
9897 7594
9898 7595
9899 7596
9900 7597
9901 7598
9902 7599
9903 7600
9904 7601
9905 7602
9906 7603
9907 7604
9908 7605
9909 7606
9910 7607
9911 7608
9912 7609
9913 7610
9914 7611
9915 7612
9916 7613
9917 7614
9918 7615
9919 7616
9920 7617
9921 7618
9922 7619
9923 7620
9924 7621
9925 7622
9926 7623
9927 7624
9928 7625
9929 7626
9930 7627
9931 7628
9932 7629
9933 7630
9934 7631
9935 7632
9936 7633
9937 7634
9938 7635
9939 7636
9940 7637
9941 7638
9942 7639
9943 7640
9944 7641
9945 7642
9946 7643
9947 7644
9948 7645
9949 7646
9950 7647
9951 7648
9952 7649
9953 7650
9954 7651
9955 7652
9956 7653
9957 7654
9958 7655
9959 7656
9960 7657
9961 7658
9962 7659
9963 7660
9964 7661
9965 7662
9966 7663
9967 7663
9968 7664
9969 7665
9970 7666
9978 7666
9971 7667
9972 7668
9973 7669
9974 7670
9975 7671
9976 7672
9977 7673
9979 7674
9980 7675
9981 7676
9982 7677
9983 7678
9984 7679
9985 7680
9986 7681
9988 7682
9990 7683
9992 7684
9993 7685
9995 7686
9996 7687
