0 0
1 1
2 1
5 1
8 1
460 1
3 2
4 2
6 2
7 2
9 3
10 4
11 5
12 6
13 6
14 6
15 6
16 7
17 8
18 9
19 10
20 11
21 12
22 13
23 14
24 15
25 15
26 15
27 16
430 16
28 17
495 17
29 18
30 19
742 19
31 20
32 21
33 22
3500 22
34 23
35 24
36 25
37 26
38 27
39 28
752 28
5164 28
7275 28
40 29
904 29
41 30
288 30
42 31
936 31
43 32
44 33
45 34
46 35
422 35
47 36
48 37
782 37
49 38
815 38
50 39
924 39
51 40
52 41
681 41
53 42
54 43
55 44
657 44
56 45
4106 45
57 46
188 46
58 47
59 48
60 49
61 50
62 51
647 51
63 52
916 52
64 53
1185 53
65 54
66 55
67 56
68 57
69 58
70 59
71 60
1613 60
72 61
73 62
655 62
801 62
74 63
802 63
75 64
3837 64
76 65
77 66
78 67
1528 67
4447 67
4951 67
79 68
80 69
81 70
82 71
83 72
3858 72
84 73
85 74
86 75
87 76
798 76
88 77
89 78
90 79
91 80
92 81
93 82
94 83
95 84
339 84
4459 84
6745 84
96 85
97 86
764 86
98 87
5491 87
7672 87
99 88
100 89
675 89
772 89
1855 89
4821 89
101 90
102 91
103 92
104 93
105 94
106 95
107 96
108 97
109 98
110 99
111 100
7538 100
112 101
113 102
114 103
115 104
116 105
117 106
127 106
118 107
119 108
120 109
121 110
122 111
123 112
124 113
3789 113
4733 113
125 114
126 115
128 116
129 117
4818 117
130 118
692 118
131 119
132 120
133 121
134 122
135 123
136 124
137 125
138 126
139 127
3610 127
6428 127
140 128
141 129
142 130
9839 130
143 131
144 132
145 133
146 134
147 135
148 136
149 137
1215 137
150 138
151 139
152 140
153 141
154 142
155 143
156 144
157 145
158 146
159 147
160 148
161 149
162 150
163 151
164 152
165 153
166 154
167 155
168 156
169 157
1379 157
170 158
171 159
172 160
173 161
174 162
175 163
176 164
177 165
178 166
179 167
180 168
181 169
182 170
925 170
183 171
4307 171
184 172
185 173
4621 173
186 174
187 175
189 176
190 177
191 178
192 179
294 179
193 180
194 181
195 182
196 183
4466 183
4875 183
7537 183
9444 183
197 184
198 185
7257 185
199 186
200 187
4769 187
201 188
202 189
203 190
271 190
863 190
204 191
205 192
206 193
207 194
208 195
209 196
325 196
210 197
211 198
212 199
213 200
214 201
215 202
216 203
217 204
9091 204
218 205
219 206
220 207
221 208
222 209
223 210
446 210
224 211
225 212
226 213
227 214
4768 214
228 215
229 216
4565 216
8226 216
230 217
231 218
232 219
233 220
234 221
235 222
236 223
237 224
789 224
238 225
239 226
240 227
241 228
242 229
243 230
244 231
245 232
4338 232
246 233
448 233
247 234
3348 234
248 235
249 236
250 237
251 238
252 239
253 240
254 241
4356 241
255 242
256 243
269 243
257 244
258 245
259 246
915 246
260 247
4370 247
261 248
262 249
263 250
264 251
265 252
3805 252
266 253
267 254
330 254
670 254
268 255
270 256
272 257
273 258
336 258
805 258
274 259
3826 259
5146 259
275 260
3430 260
276 261
277 262
278 263
279 264
280 265
281 266
282 267
283 268
284 269
285 270
286 271
651 271
287 272
2933 272
289 273
290 274
291 275
292 276
293 277
416 277
7315 277
7934 277
295 278
296 279
297 280
298 281
715 281
299 282
300 283
6204 283
301 284
302 285
303 286
304 287
305 288
306 289
307 290
308 291
309 292
310 293
311 294
312 295
313 296
4754 296
8011 296
314 297
315 298
316 299
317 300
592 300
4609 300
4610 300
318 301
319 302
320 303
321 304
322 305
323 306
7207 306
324 307
3869 307
5156 307
326 308
327 309
328 310
329 311
331 312
332 313
333 314
334 315
5241 315
7993 315
335 316
850 316
867 316
337 317
338 318
340 319
341 320
342 321
343 322
6683 322
344 323
589 323
345 324
346 325
705 325
347 326
348 327
349 328
350 329
351 330
3110 330
352 331
353 332
354 333
355 334
356 335
357 336
358 337
359 338
360 339
361 340
362 341
363 342
364 343
365 344
366 345
367 346
368 347
369 348
370 349
371 350
372 351
373 352
550 352
374 353
375 354
376 355
377 356
378 357
458 357
379 358
380 359
381 360
382 361
383 362
384 363
7270 363
385 364
386 365
387 366
388 367
389 368
390 369
391 370
459 370
462 370
540 370
548 370
842 370
392 371
393 372
3155 372
394 373
395 374
396 375
397 376
398 377
399 378
400 379
535 379
3419 379
3420 379
5923 379
401 380
402 381
4301 381
403 382
404 383
5090 383
405 384
406 385
407 386
408 387
409 388
410 389
411 390
412 391
413 392
414 393
415 394
417 395
418 396
419 397
420 398
421 399
423 400
4306 400
424 401
425 402
426 403
427 404
428 405
429 406
431 407
432 408
2166 408
433 409
434 410
750 410
435 411
436 412
437 413
438 414
9392 414
439 415
587 415
440 416
441 417
4305 417
442 418
443 419
444 420
445 421
447 422
449 423
450 424
451 425
452 426
453 427
454 428
3946 428
455 429
456 430
457 431
461 432
785 432
463 433
464 434
465 435
466 436
467 437
468 438
469 439
470 440
471 441
472 442
473 443
824 443
474 444
475 445
590 445
476 446
477 447
756 447
478 448
3865 448
479 449
480 450
481 451
482 452
483 453
484 454
485 455
486 456
3170 456
487 457
488 458
2935 458
489 459
490 460
491 461
492 462
493 463
494 464
496 465
497 466
498 467
499 468
500 469
2725 469
501 470
502 471
503 472
504 473
505 474
506 475
507 476
508 477
1623 477
509 478
510 479
511 480
512 481
513 482
514 483
515 484
516 485
517 486
518 487
519 488
520 489
521 490
522 491
523 492
524 493
525 494
526 495
527 496
528 497
529 498
530 499
531 500
532 501
533 502
534 503
536 504
537 505
538 506
539 507
541 508
542 509
543 510
3445 510
5612 510
544 511
545 512
546 513
547 514
549 515
4616 515
551 516
552 517
2163 517
3899 517
553 518
3339 518
554 519
3857 519
555 520
4318 520
556 521
557 522
558 523
559 524
2939 524
560 525
5150 525
561 526
562 527
563 528
564 529
565 530
566 531
567 532
568 533
569 534
570 535
571 536
572 537
573 538
574 539
575 540
576 541
5250 541
7087 541
8823 541
577 542
578 543
579 544
580 545
581 546
582 547
9137 547
583 548
584 549
585 550
586 551
588 552
591 553
4893 553
593 554
594 555
595 556
596 557
716 557
758 557
873 557
597 558
598 559
599 560
826 560
600 561
3303 561
601 562
3807 562
602 563
603 564
604 565
605 566
606 567
4766 567
607 568
608 569
609 570
610 571
754 571
611 572
612 573
613 574
614 575
615 576
616 577
617 578
618 579
619 580
620 581
621 582
622 583
623 584
624 585
625 586
626 587
627 588
628 589
629 590
2895 590
630 591
631 592
632 593
633 594
634 595
635 596
636 597
637 598
4844 598
638 599
639 600
640 601
641 602
642 603
643 604
644 605
645 606
646 607
648 608
3112 608
649 609
650 610
761 610
652 611
653 612
654 613
4740 613
656 614
658 615
659 616
660 617
661 618
662 619
663 620
664 621
665 622
666 623
3780 623
667 624
668 625
669 626
671 627
672 628
673 629
674 630
676 631
677 632
678 633
679 634
680 635
682 636
683 637
684 638
685 639
686 640
687 641
688 642
852 642
689 643
5617 643
8584 643
690 644
691 645
693 646
694 647
9252 647
695 648
6448 648
696 649
697 650
698 651
699 652
700 653
701 654
702 655
3388 655
703 656
704 657
706 658
707 659
708 660
709 661
710 662
711 663
712 664
713 665
714 666
3852 666
717 667
718 668
2934 668
719 669
720 670
721 671
722 672
723 673
724 674
3357 674
725 675
726 676
727 677
728 678
729 679
730 680
3835 680
731 681
732 682
733 683
734 684
735 685
3823 685
736 686
737 687
738 688
739 689
740 690
741 691
743 692
744 693
745 694
746 695
747 696
748 697
749 698
751 699
4586 699
753 700
755 701
757 702
759 703
760 704
762 705
763 706
765 707
3169 707
4767 707
766 708
767 709
768 710
769 711
2431 711
770 712
771 713
773 714
774 715
775 716
776 717
777 718
778 719
779 720
780 721
781 722
783 723
784 724
786 725
787 726
788 727
790 728
791 729
792 730
3874 730
793 731
794 732
795 733
846 733
796 734
797 735
799 736
800 737
803 738
804 739
806 740
807 741
808 742
809 743
810 744
7308 744
811 745
812 746
813 747
814 748
816 749
822 749
817 750
818 751
819 752
820 753
821 754
2844 754
823 755
825 756
827 757
828 758
829 759
830 760
831 761
832 762
833 763
834 764
835 765
836 766
837 767
838 768
839 769
840 770
841 771
843 772
5962 772
844 773
5815 773
845 774
847 775
848 776
849 777
851 778
853 779
854 780
855 781
856 782
857 783
858 784
888 784
859 785
860 786
861 787
5035 787
5228 787
862 788
864 789
865 790
866 791
868 792
869 793
4760 793
870 794
871 795
872 796
874 797
875 798
876 799
877 800
878 801
879 802
880 803
901 803
881 804
882 805
883 806
884 807
885 808
886 809
887 810
1244 810
889 811
890 812
891 813
892 814
893 815
894 816
895 817
896 818
897 819
898 820
899 821
900 822
902 823
4313 823
903 824
905 825
906 826
907 827
908 828
909 829
910 830
911 831
6748 831
912 832
913 833
914 834
3167 834
917 835
918 836
919 837
920 838
921 839
922 840
923 841
926 842
927 843
5623 843
7210 843
928 844
929 845
930 846
931 847
932 848
933 849
934 850
935 851
937 852
938 853
939 854
940 855
1492 855
941 856
942 857
943 858
944 859
5512 859
945 860
946 861
947 862
948 863
949 864
950 865
951 866
952 867
953 868
7963 868
7964 868
8081 868
8082 868
954 869
5700 869
955 870
1386 870
1562 870
2842 870
956 871
957 872
958 873
959 874
960 875
2507 875
961 876
962 877
2059 877
963 878
964 879
965 880
966 881
967 882
968 883
1813 883
969 884
970 885
971 886
972 887
973 888
974 889
975 890
976 891
5531 891
977 892
978 893
979 894
980 895
3760 895
981 896
982 897
983 898
984 899
6507 899
8152 899
985 900
986 901
8777 901
987 902
988 903
989 904
990 905
991 906
2112 906
2817 906
992 907
4759 907
993 908
994 909
995 910
996 911
997 912
998 913
999 914
1000 915
1001 916
1002 917
1003 918
1311 918
1004 919
1005 920
1006 921
1007 922
1008 923
1009 924
1010 925
1011 926
1012 927
1013 928
1014 929
1929 929
1015 930
1016 931
3934 931
1017 932
1018 933
1019 934
1020 935
5567 935
6561 935
1021 936
1022 937
1023 938
1024 939
1025 940
1026 941
1027 942
1028 943
1029 944
1030 945
1031 946
1032 947
3779 947
1033 948
1034 949
1035 950
1036 951
1037 952
2365 952
1038 953
1039 954
1040 955
1041 956
1042 957
1043 958
1044 959
8709 959
1045 960
7386 960
1046 961
1047 962
1048 963
1049 964
1050 965
1051 966
1052 967
1053 968
2325 968
1054 969
5492 969
1055 970
2720 970
1056 971
1057 972
1058 973
1059 974
1060 975
1061 976
1352 976
1062 977
2763 977
1063 978
1064 979
1065 980
2424 980
2435 980
1066 981
7465 981
1067 982
1068 983
1069 984
1070 985
1071 986
1072 987
4820 987
1073 988
3042 988
1074 989
1883 989
1075 990
1223 990
1631 990
4679 990
1076 991
1729 991
1077 992
1078 993
1079 994
1080 995
2097 995
1081 996
1082 997
1083 998
1084 999
1085 1000
1086 1001
1087 1002
1088 1003
2359 1003
1089 1004
1090 1005
1091 1006
1092 1007
1093 1008
1094 1009
1095 1010
1096 1011
1097 1012
1098 1013
1099 1014
1100 1015
1101 1016
1102 1017
1103 1018
1104 1019
1105 1020
1106 1021
1107 1022
1108 1023
2693 1023
1109 1024
1110 1025
1111 1026
1112 1027
1113 1028
1114 1029
1115 1030
1116 1031
1117 1032
1118 1033
1609 1033
1119 1034
1120 1035
2973 1035
1121 1036
1122 1037
1529 1037
1123 1038
2041 1038
1124 1039
1125 1040
2470 1040
1126 1041
1127 1042
1128 1043
1129 1044
5961 1044
1130 1045
1131 1046
1132 1047
1320 1047
1133 1048
1134 1049
1135 1050
8848 1050
1136 1051
2976 1051
1137 1052
1138 1053
2658 1053
1139 1054
1140 1055
2080 1055
1141 1056
1142 1057
1143 1058
1144 1059
1145 1060
1472 1060
2459 1060
1146 1061
1147 1062
1148 1063
1587 1063
2529 1063
5773 1063
1149 1064
1150 1065
1151 1066
1152 1067
1153 1068
1154 1069
1155 1070
1156 1071
1913 1071
2208 1071
2755 1071
1157 1072
1158 1073
1159 1074
1160 1075
1903 1075
2386 1075
2648 1075
1161 1076
1162 1077
1841 1077
1163 1078
2502 1078
1164 1079
1165 1080
1166 1081
1167 1082
1168 1083
1435 1083
5537 1083
1169 1084
1170 1085
1171 1086
1172 1087
1173 1088
1174 1089
1914 1089
1175 1090
2347 1090
1176 1091
1415 1091
1177 1092
1950 1092
1178 1093
1179 1094
1180 1095
2709 1095
1181 1096
1182 1097
2086 1097
1183 1098
1184 1099
1186 1100
1187 1101
1188 1102
1189 1103
1190 1104
1191 1105
8533 1105
1192 1106
1193 1107
1194 1108
2073 1108
1195 1109
1196 1110
1197 1111
1198 1112
1199 1113
1200 1114
1201 1115
1454 1115
1202 1116
1203 1117
1204 1118
1205 1119
1206 1120
1207 1121
1208 1122
1209 1123
1210 1124
1211 1125
1212 1126
1213 1127
1214 1128
1216 1129
1217 1130
1218 1131
1219 1132
1220 1133
2433 1133
1221 1134
1222 1135
1224 1136
1225 1137
1226 1138
1227 1139
2060 1139
2374 1139
1228 1140
1229 1141
1230 1142
1231 1143
2114 1143
1232 1144
1233 1145
1420 1145
1234 1146
1235 1147
2087 1147
1236 1148
1237 1149
1238 1150
1239 1151
5543 1151
1240 1152
1241 1153
1242 1154
1243 1155
1245 1156
1246 1157
1712 1157
1247 1158
1248 1159
1249 1160
1250 1161
2381 1161
1251 1162
1252 1163
2782 1163
1253 1164
1254 1165
4757 1165
9499 1165
1255 1166
5536 1166
1256 1167
1257 1168
1258 1169
1259 1170
1260 1171
1261 1172
1262 1173
1373 1173
1263 1174
1264 1175
1265 1176
1266 1177
1267 1178
1268 1179
1269 1180
1270 1181
2591 1181
1271 1182
1272 1183
1273 1184
1274 1185
1275 1186
2025 1186
2557 1186
1276 1187
5493 1187
1277 1188
1278 1189
1279 1190
2203 1190
1280 1191
1281 1192
1282 1193
1283 1194
1284 1195
1285 1196
2202 1196
1286 1197
5530 1197
1287 1198
1288 1199
1289 1200
1290 1201
1291 1202
1292 1203
1293 1204
1294 1205
1295 1206
1790 1206
1296 1207
1297 1208
1298 1209
1299 1210
1300 1211
1301 1212
1302 1213
1303 1214
1304 1215
1305 1216
1321 1216
1306 1217
1307 1218
1308 1219
1309 1220
1310 1221
1312 1222
1313 1223
1314 1224
1315 1225
1316 1226
1317 1227
1318 1228
1319 1229
1322 1230
1323 1231
1324 1232
1325 1233
1326 1234
1327 1235
1328 1236
1329 1237
1330 1238
1331 1239
1332 1240
1333 1241
1334 1242
1335 1243
1336 1244
6076 1244
1337 1245
1338 1246
5830 1246
1339 1247
1340 1248
1341 1249
2478 1249
3044 1249
1342 1250
1343 1251
5254 1251
9503 1251
1344 1252
1345 1253
1346 1254
1347 1255
2214 1255
1348 1256
1667 1256
5824 1256
1349 1257
1350 1258
1351 1259
1353 1260
1354 1261
1355 1262
1715 1262
1356 1263
1661 1263
1357 1264
1358 1265
1359 1266
2142 1266
2647 1266
1360 1267
3777 1267
1361 1268
1362 1269
2750 1269
1363 1270
1364 1271
1365 1272
1366 1273
1367 1274
1368 1275
1369 1276
1370 1277
2181 1277
1371 1278
2189 1278
2818 1278
1372 1279
1374 1280
1540 1280
1375 1281
1376 1282
1377 1283
1378 1284
1380 1285
1381 1286
1382 1287
1383 1288
1695 1288
1384 1289
1385 1290
1387 1291
1388 1292
2493 1292
2575 1292
1389 1293
1390 1294
2678 1294
1391 1295
1392 1296
6775 1296
1393 1297
1394 1298
1395 1299
1396 1300
1397 1301
1398 1302
1399 1303
2542 1303
1400 1304
1401 1305
1402 1306
5538 1306
1403 1307
1404 1308
1405 1309
1943 1309
1406 1310
1407 1311
1408 1312
2199 1312
2612 1312
1409 1313
1410 1314
1411 1315
1412 1316
1413 1317
1414 1318
1416 1319
1417 1320
1882 1320
2437 1320
1418 1321
4762 1321
1419 1322
1421 1323
1422 1324
1423 1325
1424 1326
1425 1327
1426 1328
1427 1329
1464 1329
1500 1329
2343 1329
5544 1329
5545 1329
5720 1329
5851 1329
1428 1330
1429 1331
1430 1332
1431 1333
3801 1333
7966 1333
1432 1334
1433 1335
1434 1336
1436 1337
1437 1338
2292 1338
1438 1339
1439 1340
1440 1341
1441 1342
4302 1342
8200 1342
1442 1343
1443 1344
1444 1345
1445 1346
4343 1346
1446 1347
1447 1348
1448 1349
2289 1349
1449 1350
1450 1351
1451 1352
1452 1353
1453 1354
5995 1354
1455 1355
7633 1355
1456 1356
1523 1356
2445 1356
5719 1356
1457 1357
1458 1358
1459 1359
1460 1360
1461 1361
1462 1362
4852 1362
1463 1363
1465 1364
1466 1365
1467 1366
1468 1367
1469 1368
1470 1369
1471 1370
7756 1370
1473 1371
1474 1372
1475 1373
1476 1374
1477 1375
1478 1376
1479 1377
1480 1378
1481 1379
1482 1380
1483 1381
1484 1382
1485 1383
4942 1383
5958 1383
1486 1384
1487 1385
1488 1386
1489 1387
1490 1388
1491 1389
1493 1390
1494 1391
1495 1392
6238 1392
7351 1392
1496 1393
1497 1394
1498 1395
6236 1395
7507 1395
1499 1396
1501 1397
1502 1398
1783 1398
3887 1398
9580 1398
9632 1398
9633 1398
9638 1398
1503 1399
1766 1399
3626 1399
1504 1400
1505 1401
1506 1402
1507 1403
1508 1404
1509 1405
1510 1406
1511 1407
1512 1408
4997 1408
1513 1409
1514 1410
1515 1411
1516 1412
1517 1413
4758 1413
1518 1414
3699 1414
1519 1415
1520 1416
1521 1417
1522 1418
2724 1418
1524 1419
1525 1420
1526 1421
1527 1422
1910 1422
1530 1423
1531 1424
1532 1425
1533 1426
1534 1427
1535 1428
1536 1429
1537 1430
1538 1431
1539 1432
1541 1433
1542 1434
1543 1435
3875 1435
5145 1435
9338 1435
1544 1436
2409 1436
1545 1437
4940 1437
1546 1438
1547 1439
1548 1440
1549 1441
1550 1442
1551 1443
1552 1444
1553 1445
1554 1446
1555 1447
1556 1448
1557 1449
1558 1450
1559 1451
6233 1451
7416 1451
1560 1452
1561 1453
1563 1454
1564 1455
1565 1456
1566 1457
2061 1457
1567 1458
1568 1459
1569 1460
1570 1461
1571 1462
1572 1463
1573 1464
1574 1465
1575 1466
1576 1467
3954 1467
1577 1468
1578 1469
1579 1470
1580 1471
1581 1472
1582 1473
5084 1473
1583 1474
1584 1475
1585 1476
1586 1477
1635 1477
2043 1477
3819 1477
3820 1477
1588 1478
1589 1479
1590 1480
1591 1481
8338 1481
1592 1482
1593 1483
1594 1484
1595 1485
1596 1486
1597 1487
1598 1488
1599 1489
1600 1490
1601 1491
1602 1492
3676 1492
6234 1492
7417 1492
1603 1493
1604 1494
1605 1495
1606 1496
3692 1496
1607 1497
1608 1498
1610 1499
1611 1500
4863 1500
1612 1501
1614 1502
1615 1503
1616 1504
1617 1505
1618 1506
1619 1507
1620 1508
1621 1509
1622 1510
1624 1511
1625 1512
1626 1513
1627 1514
1628 1515
1629 1516
1646 1516
1687 1516
2303 1516
2699 1516
1630 1517
1632 1518
4396 1518
1633 1519
1634 1520
1636 1521
1637 1522
1638 1523
4772 1523
1639 1524
1640 1525
2314 1525
1641 1526
2315 1526
2779 1526
1642 1527
1643 1528
1644 1529
1645 1530
1647 1531
1648 1532
1931 1532
1649 1533
1650 1534
1651 1535
1652 1536
1653 1537
1654 1538
1655 1539
1656 1540
1657 1541
2017 1541
1658 1542
1659 1543
1660 1544
1662 1545
1663 1546
1664 1547
1665 1548
1666 1549
1668 1550
1880 1550
2515 1550
2747 1550
1669 1551
1670 1552
1671 1553
1672 1554
4771 1554
1673 1555
1674 1556
1675 1557
1676 1558
1677 1559
1678 1560
1679 1561
1680 1562
1681 1563
1682 1564
5525 1564
1683 1565
1684 1566
1685 1567
1686 1568
5599 1568
1688 1569
1689 1570
1690 1571
1691 1572
1692 1573
1693 1574
1694 1575
1696 1576
1697 1577
1698 1578
1699 1579
1700 1580
1701 1581
1702 1582
1703 1583
1704 1584
1705 1585
1706 1586
3463 1586
1707 1587
1708 1588
1709 1589
1710 1590
2802 1590
1711 1591
5278 1591
1713 1592
1714 1593
1716 1594
1717 1595
1718 1596
1975 1596
1719 1597
2799 1597
1720 1598
1721 1599
4727 1599
9559 1599
1722 1600
1723 1601
1724 1602
1725 1603
1726 1604
1727 1605
1728 1606
1730 1607
1731 1608
1732 1609
1733 1610
3031 1610
1734 1611
1735 1612
1736 1613
3871 1613
1737 1614
1738 1615
1739 1616
1740 1617
1741 1618
1742 1619
2569 1619
1743 1620
1744 1621
1745 1622
1746 1623
1747 1624
1748 1625
1749 1626
1750 1627
1751 1628
3876 1628
5113 1628
1752 1629
1753 1630
1754 1631
1755 1632
1756 1633
1757 1634
1758 1635
1759 1636
1760 1637
1761 1638
1762 1639
1763 1640
1830 1640
5540 1640
1764 1641
1765 1642
1767 1643
1768 1644
1769 1645
1770 1646
1771 1647
1772 1648
1773 1649
1774 1650
1775 1651
1776 1652
2397 1652
1777 1653
1778 1654
1779 1655
1780 1656
1781 1657
1782 1658
1784 1659
1911 1659
2037 1659
1785 1660
1786 1661
1787 1662
1788 1663
1789 1664
1791 1665
1792 1666
2197 1666
1793 1667
1794 1668
1795 1669
1796 1670
1797 1671
1798 1672
1799 1673
1981 1673
1800 1674
1801 1675
1802 1676
1803 1677
1804 1678
1805 1679
1806 1680
1807 1681
1808 1682
1809 1683
9842 1683
1810 1684
1811 1685
1812 1686
1814 1687
1815 1688
4224 1688
1816 1689
1817 1690
1818 1691
5534 1691
1819 1692
1820 1693
1821 1694
1822 1695
1823 1696
1824 1697
1825 1698
1826 1699
1827 1700
2453 1700
1828 1701
1829 1702
5291 1702
1831 1703
1832 1704
1833 1705
1834 1706
1835 1707
1836 1708
1837 1709
1838 1710
1839 1711
1840 1712
1842 1713
1843 1714
3958 1714
1844 1715
2392 1715
6245 1715
6246 1715
7421 1715
7445 1715
1845 1716
1846 1717
1847 1718
1848 1719
1849 1720
1850 1721
1851 1722
5732 1722
1852 1723
1853 1724
1854 1725
1856 1726
1857 1727
1858 1728
1859 1729
1860 1730
1861 1731
2744 1731
1862 1732
2985 1732
1863 1733
1864 1734
1865 1735
1866 1736
1867 1737
1868 1738
1869 1739
1870 1740
6328 1740
9856 1740
1871 1741
1872 1742
1873 1743
1874 1744
1932 1744
2102 1744
6324 1744
1875 1745
1876 1746
1877 1747
1878 1748
1879 1749
1881 1750
1884 1751
4934 1751
1885 1752
1886 1753
1887 1754
1888 1755
1889 1756
1890 1757
1891 1758
1892 1759
1893 1760
1894 1761
1895 1762
1896 1763
1897 1764
1898 1765
1899 1766
1900 1767
1901 1768
1902 1769
1904 1770
3873 1770
5070 1770
1905 1771
8092 1771
1906 1772
1976 1772
1907 1773
1908 1774
1909 1775
1912 1776
1915 1777
1916 1778
1917 1779
1918 1780
1919 1781
1920 1782
1921 1783
1922 1784
1923 1785
1924 1786
1925 1787
1926 1788
1927 1789
1928 1790
1930 1791
1933 1792
1934 1793
1935 1794
1936 1795
1937 1796
2291 1796
3147 1796
1938 1797
1939 1798
1940 1799
1941 1800
5523 1800
1942 1801
1944 1802
1945 1803
1946 1804
1947 1805
1948 1806
1949 1807
1951 1808
9747 1808
1952 1809
1953 1810
1954 1811
2764 1811
1955 1812
1956 1813
1957 1814
1958 1815
1959 1816
1960 1817
9133 1817
1961 1818
1962 1819
1963 1820
1964 1821
1965 1822
1966 1823
1967 1824
1968 1825
1969 1826
1970 1827
1971 1828
1972 1829
1973 1830
1974 1831
1977 1832
1978 1833
1979 1834
1980 1835
4717 1835
1982 1836
1983 1837
1984 1838
1985 1839
1986 1840
4439 1840
5317 1840
5624 1840
7081 1840
1987 1841
9315 1841
1988 1842
1989 1843
1990 1844
1991 1845
1992 1846
1993 1847
1994 1848
1995 1849
1996 1850
2336 1850
1997 1851
1998 1852
1999 1853
2000 1854
2001 1855
2002 1856
2003 1857
2004 1858
2005 1859
2006 1860
2616 1860
2695 1860
2007 1861
4938 1861
2008 1862
2009 1863
2010 1864
2011 1865
2012 1866
2013 1867
2014 1868
2015 1869
2016 1870
3956 1870
2018 1871
2019 1872
2020 1873
2070 1873
2021 1874
2022 1875
2171 1875
2023 1876
2024 1877
2974 1877
4234 1877
2026 1878
2027 1879
2028 1880
5446 1880
2029 1881
2030 1882
2031 1883
2032 1884
2033 1885
2034 1886
2035 1887
2036 1888
2038 1889
2039 1890
2040 1891
2042 1892
2044 1893
2045 1894
2046 1895
2047 1896
2048 1897
2049 1898
2050 1899
2051 1900
2052 1901
2053 1902
4400 1902
2054 1903
2055 1904
2056 1905
5494 1905
2057 1906
2058 1907
2062 1908
2063 1909
2064 1910
2065 1911
2066 1912
2067 1913
2068 1914
2069 1915
2071 1916
2072 1917
2215 1917
2074 1918
7348 1918
7519 1918
2075 1919
2076 1920
2077 1921
2078 1922
2079 1923
2081 1924
2082 1925
2083 1926
2084 1927
2085 1928
2088 1929
2089 1930
2090 1931
8467 1931
2091 1932
2092 1933
2093 1934
2094 1935
4547 1935
2095 1936
2096 1937
2098 1938
3106 1938
3817 1938
7984 1938
2099 1939
2100 1940
2290 1940
2101 1941
2103 1942
2104 1943
2105 1944
2106 1945
2107 1946
2317 1946
2108 1947
2109 1948
2110 1949
2111 1950
2113 1951
2115 1952
2116 1953
2117 1954
2118 1955
2119 1956
2120 1957
2121 1958
2122 1959
2123 1960
2124 1961
2125 1962
2126 1963
2127 1964
2128 1965
2129 1966
3802 1966
8084 1966
2130 1967
2131 1968
2132 1969
2133 1970
2134 1971
2135 1972
2136 1973
2137 1974
2138 1975
2139 1976
2140 1977
2141 1978
2143 1979
2144 1980
2145 1981
2146 1982
2737 1982
2147 1983
2148 1984
2149 1985
2150 1986
2151 1987
2152 1988
2489 1988
2153 1989
2154 1990
2155 1991
2156 1992
2157 1993
2158 1994
2159 1995
2160 1996
2161 1997
2162 1998
2164 1999
2165 2000
2167 2001
2168 2002
2169 2003
2170 2004
2172 2005
2173 2006
2174 2007
2175 2008
2176 2009
2177 2010
2178 2011
2179 2012
2180 2013
2182 2014
2183 2015
2184 2016
2185 2017
2219 2017
2186 2018
2187 2019
5772 2019
2188 2020
2338 2020
2190 2021
2191 2022
2192 2023
2193 2024
2194 2025
2195 2026
2196 2027
2198 2028
2337 2028
2200 2029
2201 2030
5226 2030
2204 2031
5171 2031
2205 2032
2206 2033
2207 2034
2209 2035
2210 2036
2211 2037
2212 2038
2213 2039
2216 2040
2217 2041
2218 2042
2220 2043
2221 2044
2222 2045
5533 2045
2223 2046
2224 2047
2225 2048
2480 2048
2226 2049
2227 2050
3961 2050
5332 2050
2228 2051
2229 2052
2230 2053
2231 2054
2232 2055
2233 2056
2234 2057
5496 2057
2235 2058
2236 2059
2237 2060
2238 2061
2239 2062
2240 2063
2241 2064
2242 2065
2243 2066
2244 2067
2245 2068
2246 2069
2247 2070
2248 2071
2249 2072
2250 2073
2251 2074
2252 2075
2253 2076
2254 2077
2255 2078
2321 2078
2256 2079
2605 2079
2257 2080
3847 2080
2258 2081
2259 2082
2260 2083
2261 2084
2262 2085
2263 2086
2264 2087
2265 2088
2266 2089
4680 2089
2267 2090
2268 2091
3878 2091
5213 2091
5269 2091
7625 2091
2269 2092
2270 2093
2271 2094
2272 2095
2273 2096
2274 2097
2361 2097
2275 2098
2276 2099
2277 2100
2278 2101
2279 2102
2280 2103
2281 2104
2282 2105
2563 2105
2283 2106
3756 2106
2284 2107
2285 2108
2286 2109
2287 2110
2288 2111
2293 2112
2294 2113
2295 2114
2296 2115
3468 2115
2297 2116
2298 2117
2299 2118
2300 2119
8475 2119
2301 2120
2302 2121
2304 2122
8368 2122
2305 2123
2306 2124
2307 2125
2308 2126
2309 2127
2310 2128
2311 2129
2312 2130
2313 2131
2316 2132
2318 2133
2319 2134
2320 2135
2322 2136
2323 2137
2324 2138
2326 2139
2327 2140
2328 2141
2761 2141
2329 2142
2330 2143
8186 2143
2331 2144
2332 2145
2333 2146
2334 2147
2335 2148
2339 2149
2340 2150
2341 2151
2342 2152
2344 2153
2345 2154
2346 2155
2348 2156
2349 2157
2350 2158
2351 2159
2547 2159
2352 2160
2353 2161
3829 2161
2354 2162
2355 2163
2356 2164
2357 2165
4735 2165
2358 2166
2360 2167
2362 2168
2363 2169
2364 2170
2366 2171
2367 2172
2368 2173
2369 2174
2370 2175
2371 2176
2372 2177
2373 2178
2375 2179
3957 2179
4941 2179
2376 2180
2377 2181
2378 2182
2379 2183
2380 2184
2382 2185
2383 2186
2384 2187
2385 2188
2387 2189
2388 2190
2389 2191
2390 2192
2391 2193
2393 2194
2394 2195
2395 2196
2396 2197
2398 2198
2399 2199
2400 2200
2401 2201
2402 2202
2403 2203
2404 2204
2405 2205
7532 2205
2406 2206
2407 2207
2408 2208
5598 2208
2410 2209
2411 2210
2412 2211
2413 2212
2414 2213
2415 2214
2416 2215
2417 2216
2418 2217
2966 2217
2419 2218
2420 2219
2421 2220
2422 2221
2423 2222
2425 2223
2426 2224
2427 2225
2428 2226
2429 2227
2430 2228
2432 2229
2434 2230
2436 2231
2438 2232
2439 2233
2440 2234
2441 2235
2442 2236
2443 2237
2444 2238
9126 2238
2446 2239
2447 2240
2448 2241
2449 2242
2450 2243
2451 2244
3955 2244
4939 2244
2452 2245
5845 2245
2454 2246
2455 2247
2456 2248
2457 2249
2458 2250
2460 2251
2461 2252
2462 2253
2463 2254
2464 2255
2465 2256
2466 2257
2467 2258
2886 2258
5614 2258
2468 2259
2469 2260
2471 2261
2472 2262
5696 2262
2473 2263
2474 2264
2475 2265
2476 2266
2477 2267
2479 2268
2481 2269
2482 2270
2483 2271
2500 2271
2484 2272
2485 2273
2486 2274
2487 2275
2488 2276
2490 2277
2491 2278
2492 2279
2494 2280
2495 2281
2496 2282
2497 2283
6237 2283
2498 2284
2499 2285
2501 2286
2503 2287
2504 2288
2505 2289
2506 2290
2508 2291
2509 2292
2510 2293
2511 2294
2512 2295
2513 2296
2514 2297
2516 2298
2517 2299
6232 2299
7278 2299
2518 2300
2519 2301
2520 2302
2521 2303
2522 2304
2523 2305
9143 2305
2524 2306
2525 2307
2526 2308
2527 2309
2528 2310
2530 2311
3825 2311
2531 2312
2532 2313
2533 2314
2534 2315
2535 2316
2536 2317
2537 2318
2538 2319
2539 2320
8526 2320
2540 2321
2541 2322
2543 2323
2544 2324
2545 2325
2546 2326
2548 2327
2549 2328
2550 2329
2551 2330
2552 2331
2553 2332
2554 2333
2555 2334
2556 2335
2558 2336
2559 2337
2560 2338
3959 2338
2561 2339
2562 2340
2564 2341
2565 2342
2566 2343
2567 2344
2568 2345
2570 2346
2571 2347
2572 2348
2573 2349
2574 2350
2576 2351
2577 2352
2578 2353
2579 2354
9239 2354
2580 2355
2581 2356
2582 2357
2583 2358
2584 2359
8017 2359
2585 2360
2586 2361
3016 2361
5825 2361
2587 2362
2588 2363
2589 2364
2590 2365
2592 2366
2593 2367
4708 2367
5695 2367
8188 2367
2594 2368
2595 2369
2596 2370
5105 2370
5229 2370
2597 2371
2598 2372
2599 2373
2600 2374
2601 2375
2602 2376
2603 2377
2604 2378
2606 2379
2607 2380
2608 2381
2609 2382
2610 2383
2611 2384
2613 2385
3960 2385
2614 2386
2615 2387
2617 2388
2618 2389
2619 2390
2620 2391
2621 2392
2622 2393
2623 2394
7080 2394
2624 2395
2727 2395
2625 2396
2626 2397
2627 2398
2628 2399
2629 2400
6230 2400
2630 2401
2631 2402
2632 2403
2633 2404
2634 2405
2635 2406
2636 2407
2637 2408
2638 2409
3678 2409
2639 2410
2640 2411
2641 2412
3185 2412
4227 2412
2642 2413
2643 2414
2644 2415
2645 2416
2646 2417
2649 2418
2650 2419
2651 2420
2652 2421
2653 2422
2654 2423
2655 2424
2656 2425
2657 2426
9269 2426
2659 2427
2660 2428
2661 2429
2662 2430
2806 2430
2663 2431
2664 2432
2665 2433
2666 2434
2667 2435
2668 2436
2669 2437
2670 2438
2858 2438
2671 2439
2672 2440
2673 2441
2674 2442
2675 2443
2676 2444
2677 2445
2679 2446
2680 2447
2681 2448
2682 2449
2683 2450
2684 2451
2685 2452
2686 2453
2687 2454
2688 2455
2689 2456
2690 2457
2691 2458
2692 2459
2694 2460
4770 2460
2696 2461
2697 2462
2698 2463
2700 2464
2701 2465
2702 2466
2703 2467
2704 2468
2705 2469
2833 2469
2706 2470
2707 2471
2708 2472
2710 2473
2711 2474
2712 2475
2713 2476
2714 2477
2715 2478
2716 2479
2717 2480
2718 2481
2719 2482
2721 2483
2722 2484
5022 2484
2723 2485
2726 2486
2728 2487
2729 2488
2730 2489
2731 2490
2732 2491
2733 2492
2734 2493
2735 2494
2736 2495
2738 2496
2739 2497
2740 2498
2741 2499
2742 2500
2830 2500
2743 2501
2745 2502
2746 2503
2748 2504
2749 2505
2751 2506
2752 2507
2753 2508
2754 2509
2756 2510
2757 2511
2758 2512
5513 2512
2759 2513
3877 2513
2760 2514
8760 2514
2762 2515
2765 2516
2766 2517
2767 2518
2957 2518
2768 2519
2769 2520
2770 2521
2771 2522
2772 2523
2773 2524
2774 2525
2775 2526
2776 2527
2777 2528
2778 2529
2780 2530
2781 2531
2783 2532
2784 2533
2785 2534
3309 2534
2786 2535
2787 2536
2788 2537
2789 2538
2790 2539
2791 2540
2792 2541
2793 2542
2794 2543
2795 2544
2796 2545
2797 2546
2798 2547
2800 2548
2801 2549
2803 2550
2804 2551
5596 2551
2805 2552
5714 2552
2807 2553
2808 2554
2809 2555
3183 2555
2810 2556
2811 2557
2812 2558
2813 2559
2814 2560
2815 2561
2816 2562
2819 2563
2820 2564
2821 2565
2822 2566
2823 2567
2824 2568
2825 2569
2826 2570
2827 2571
2828 2572
2829 2573
2831 2574
2832 2575
2834 2576
2835 2577
2836 2578
5541 2578
2837 2579
2838 2580
2839 2581
2840 2582
2841 2583
2843 2584
2845 2585
2846 2586
2847 2587
2848 2588
2849 2589
2850 2590
2851 2591
2852 2592
2853 2593
2854 2594
2855 2595
2856 2596
2857 2597
2859 2598
2860 2599
2861 2600
2862 2601
2863 2602
7996 2602
2864 2603
3693 2603
2865 2604
4734 2604
2866 2605
2867 2606
3118 2606
4745 2606
2868 2607
2869 2608
4724 2608
2870 2609
2871 2610
2872 2611
2873 2612
2972 2612
3017 2612
2874 2613
2875 2614
4626 2614
7550 2614
2876 2615
5263 2615
8264 2615
2877 2616
2878 2617
2879 2618
2880 2619
4747 2619
8364 2619
2881 2620
2882 2621
2883 2622
2884 2623
4923 2623
2885 2624
8005 2624
2887 2625
2888 2626
2889 2627
2890 2628
2891 2629
2892 2630
2893 2631
2894 2632
8126 2632
9557 2632
2896 2633
2897 2634
8208 2634
2898 2635
2899 2636
5078 2636
2900 2637
2901 2638
2902 2639
2903 2640
4155 2640
5191 2640
2904 2641
2905 2642
2906 2643
2907 2644
2908 2645
2909 2646
2910 2647
2911 2648
3133 2648
2912 2649
3048 2649
2913 2650
2914 2651
2915 2652
2916 2653
2917 2654
2918 2655
2919 2656
2920 2657
2921 2658
3859 2658
2922 2659
2923 2660
2924 2661
2925 2662
2926 2663
2927 2664
2928 2665
2929 2665
3654 2665
2930 2666
7937 2666
2931 2667
4729 2667
2932 2668
2936 2669
4935 2669
2937 2670
4936 2670
2938 2671
4937 2671
2940 2672
5331 2672
7476 2672
2941 2673
2942 2674
2943 2675
3456 2675
2944 2676
2945 2677
2946 2678
2947 2679
4943 2679
7757 2679
2948 2680
2949 2681
2952 2681
3053 2681
2950 2682
2951 2683
2953 2684
2954 2685
2955 2686
2956 2687
2958 2688
2959 2689
3055 2689
2960 2690
3479 2690
4588 2690
2961 2691
2962 2692
2963 2693
2964 2694
2965 2695
2967 2696
2968 2697
2969 2698
2970 2698
7967 2698
2971 2699
5182 2699
2975 2700
2977 2701
8479 2701
2978 2702
2979 2703
7970 2703
2980 2704
2981 2705
2982 2706
4723 2706
2983 2707
7941 2707
2984 2708
7943 2708
2986 2709
7942 2709
2987 2710
2988 2711
2989 2712
5133 2712
8205 2712
2990 2713
2991 2714
2992 2715
3685 2715
2993 2716
2994 2717
3040 2717
2995 2718
7982 2718
2996 2719
2997 2720
2998 2721
2999 2722
3000 2723
3001 2724
3002 2725
3003 2726
3004 2727
3005 2728
3006 2729
3007 2730
3008 2731
3009 2732
5091 2732
3010 2733
3011 2734
3012 2735
8132 2735
3013 2736
3014 2737
3015 2738
3018 2739
5163 2739
3019 2740
3020 2741
3021 2742
3022 2743
3023 2744
3024 2745
3025 2746
3026 2747
3027 2748
3028 2749
3029 2750
3030 2751
3032 2752
3033 2753
3067 2753
3034 2754
3035 2755
3036 2756
3037 2757
3038 2758
3039 2759
3041 2760
3043 2761
3045 2762
3046 2763
3047 2764
3049 2765
3050 2765
3051 2766
3052 2767
3054 2768
3056 2769
3057 2769
3058 2770
3059 2771
3060 2772
3061 2773
3062 2774
3063 2775
3064 2776
3065 2777
3066 2778
3068 2779
3069 2780
3070 2781
5224 2781
3071 2782
3072 2783
3073 2784
3074 2785
3075 2786
3076 2787
3077 2788
7946 2788
7947 2788
3078 2789
3079 2790
3080 2791
9541 2791
3081 2792
3082 2793
3083 2793
3084 2793
3085 2794
5142 2794
3086 2795
7954 2795
3087 2796
3088 2797
3089 2798
3090 2799
3091 2800
3092 2801
9526 2801
3093 2802
3094 2803
5165 2803
3095 2804
7965 2804
3096 2805
3097 2806
3098 2807
3099 2808
5141 2808
3100 2809
5232 2809
3101 2810
4738 2810
3102 2811
3103 2812
3104 2813
7980 2813
3105 2814
4741 2814
3107 2815
4113 2815
8274 2815
3108 2816
3109 2817
3111 2818
3611 2818
3113 2819
3114 2820
7988 2820
3115 2821
8095 2821
3116 2822
3117 2823
4744 2823
3119 2824
5255 2824
3120 2825
3121 2826
3122 2827
3123 2828
3125 2828
3124 2829
3126 2830
3127 2831
3128 2832
3129 2833
3850 2833
3130 2834
3131 2835
3132 2836
8018 2836
3134 2837
8209 2837
3135 2838
3136 2839
8145 2839
3137 2840
3138 2841
3139 2842
3140 2843
3141 2843
3142 2843
3853 2843
6712 2843
8021 2843
8148 2843
3143 2844
4761 2844
3144 2845
9553 2845
3145 2846
3146 2847
3148 2848
3149 2849
3150 2850
3151 2851
3152 2852
3153 2853
3154 2854
3156 2855
3157 2856
3158 2857
3159 2858
3160 2859
3161 2860
3162 2861
3163 2862
3164 2863
3165 2864
3166 2865
3168 2866
3171 2867
3172 2868
3173 2868
3174 2869
7342 2869
3175 2870
5124 2870
3176 2871
4946 2871
3177 2872
3178 2873
3179 2874
4947 2874
3180 2875
5336 2875
3181 2876
5341 2876
3182 2877
3184 2878
4229 2878
6429 2878
3186 2879
3187 2880
3188 2881
3189 2882
3190 2882
3191 2883
3192 2884
5646 2884
3193 2885
3194 2885
3195 2886
3196 2886
3197 2886
3200 2886
3198 2887
3199 2887
3202 2887
3203 2887
3201 2888
3204 2889
3205 2890
3206 2891
5669 2891
3207 2892
3208 2893
3209 2894
3210 2895
3211 2895
3212 2896
3213 2897
3214 2898
3215 2899
3216 2900
3217 2901
3218 2902
3219 2903
3220 2904
3221 2905
3222 2906
3223 2907
3224 2908
3225 2909
3226 2910
3227 2911
3228 2912
3229 2913
3230 2914
3231 2915
3232 2916
3233 2917
3234 2918
3235 2919
3236 2920
3237 2921
3238 2922
3239 2923
3240 2924
3241 2925
3242 2926
3243 2927
3244 2928
3245 2929
3246 2930
3247 2931
3248 2932
3249 2933
3250 2934
3251 2935
3252 2936
3253 2937
3254 2938
3255 2939
3256 2940
3257 2941
3258 2942
3259 2943
3260 2944
3261 2945
3262 2946
3263 2947
3264 2948
3265 2949
3266 2950
3267 2951
3268 2952
6072 2952
3269 2953
3270 2954
3271 2955
3272 2956
3273 2957
3274 2958
3275 2959
3276 2960
3277 2961
3278 2962
3279 2963
3280 2964
3281 2965
3282 2966
3283 2967
3284 2968
3285 2969
3286 2970
3287 2971
3288 2972
3289 2973
3290 2974
3291 2975
3292 2976
3293 2977
3294 2978
3295 2979
3296 2980
3297 2981
3298 2982
3299 2983
3300 2984
3301 2985
3302 2986
3304 2987
3305 2988
3306 2989
3307 2990
4615 2990
3308 2991
3310 2992
3311 2993
7378 2993
3312 2994
5909 2994
3313 2995
3314 2996
3315 2997
3316 2998
3317 2999
3318 3000
3319 3001
3320 3002
3321 3003
3322 3004
3323 3005
7454 3005
3324 3006
3325 3007
3326 3008
3327 3009
3328 3010
3329 3011
3330 3012
3331 3013
3332 3014
3333 3015
3334 3016
3335 3017
3336 3018
3337 3019
3338 3020
3340 3021
3341 3022
5149 3022
3342 3023
3343 3024
3344 3025
3345 3026
3346 3027
5236 3027
3347 3028
7409 3028
3349 3029
3350 3030
3351 3031
9989 3031
3352 3032
3353 3033
3354 3034
3355 3035
3356 3036
3358 3037
3359 3038
3360 3039
3361 3040
3362 3041
5458 3041
3363 3042
3364 3043
3365 3044
3366 3045
3367 3046
4885 3046
3368 3047
3369 3048
3370 3049
3371 3050
3372 3051
3373 3052
3374 3053
3375 3054
3376 3055
9987 3055
3377 3056
7384 3056
3378 3057
7350 3057
3379 3058
3380 3059
3381 3060
3382 3061
3383 3062
3384 3063
3385 3064
3386 3065
3387 3066
3389 3067
3390 3068
3391 3069
3392 3070
3393 3071
3395 3071
3399 3071
3400 3071
3401 3071
3394 3072
3396 3073
3397 3074
5369 3074
3398 3075
3402 3076
3403 3077
3404 3078
3405 3079
5917 3079
3406 3080
3407 3081
3408 3082
3409 3083
3410 3084
3411 3085
3412 3086
3413 3087
3414 3088
3415 3089
3416 3090
3417 3091
3418 3092
3421 3093
3422 3094
3423 3095
3424 3096
3425 3096
3426 3096
3428 3096
3427 3097
3429 3098
3431 3099
3432 3100
3433 3100
3434 3101
3435 3101
3436 3102
3437 3103
3438 3104
3439 3105
3440 3106
3441 3107
3442 3108
3443 3109
3444 3110
3446 3111
3447 3112
3448 3113
3449 3114
3450 3115
3451 3116
3452 3117
3453 3118
3454 3119
5243 3119
3455 3120
3457 3121
5283 3121
3458 3122
5280 3122
3459 3123
5044 3123
6091 3123
3460 3124
5200 3124
3461 3125
5176 3125
3462 3126
3464 3127
3465 3128
3466 3129
5108 3129
6131 3129
3467 3130
5214 3130
3469 3131
3470 3132
5080 3132
6629 3132
3471 3133
5177 3133
3472 3134
3473 3135
4152 3135
3474 3136
7956 3136
3475 3137
3476 3138
8150 3138
3477 3139
3478 3140
3480 3141
4578 3141
6453 3141
3481 3142
4954 3142
3482 3143
3483 3144
3484 3145
3485 3146
3486 3147
3487 3148
3488 3149
8212 3149
3489 3150
3490 3151
3491 3152
3492 3153
4791 3153
3493 3154
3494 3155
3495 3156
3496 3157
3497 3158
3498 3159
3499 3160
3501 3161
3502 3162
3503 3163
3504 3164
3505 3165
3506 3166
3507 3167
3508 3168
3509 3169
3510 3170
3511 3171
3512 3172
3513 3173
3514 3174
3515 3175
3516 3176
3517 3177
5402 3177
3518 3178
3519 3179
3520 3180
3521 3181
3522 3182
3523 3183
3524 3184
3525 3185
3526 3186
3527 3187
3528 3188
3529 3189
3530 3190
6619 3190
3531 3191
3532 3192
3533 3193
3534 3194
3535 3195
3536 3196
3537 3197
3538 3198
3539 3199
3540 3200
3541 3201
3542 3202
3543 3203
3544 3204
3545 3205
3546 3206
3547 3207
3548 3208
3549 3209
3550 3210
3551 3211
3552 3212
3553 3213
3554 3214
5894 3214
3555 3215
3556 3216
3557 3217
4917 3217
3558 3218
3559 3219
3560 3220
3561 3221
3562 3222
3563 3223
3564 3224
3565 3225
3566 3226
3567 3227
8400 3227
3568 3228
3569 3229
3570 3230
3571 3231
3572 3232
3573 3233
3574 3234
3575 3235
3576 3236
3577 3237
3578 3238
3579 3239
3580 3240
3581 3241
3582 3242
3583 3243
3584 3244
3585 3245
3586 3246
8726 3246
3587 3247
3588 3248
3589 3249
3590 3250
3591 3251
3592 3252
3593 3253
3594 3254
3595 3255
3596 3256
6426 3256
3597 3257
3598 3258
3599 3259
3600 3260
3601 3261
8217 3261
8218 3261
8219 3261
3602 3262
3603 3263
7518 3263
3604 3264
8158 3264
3605 3265
3606 3266
3607 3267
3608 3268
3609 3269
3612 3270
4373 3270
3613 3271
3614 3272
3616 3272
3615 3273
3617 3274
3618 3275
3619 3276
5474 3276
3620 3277
3621 3278
3622 3279
3623 3280
3624 3281
5139 3281
3625 3282
5014 3282
3627 3283
5069 3283
3628 3284
5026 3284
3629 3285
5087 3285
3630 3286
6101 3286
7332 3286
3631 3287
5131 3287
3632 3288
5110 3288
3633 3289
5253 3289
3634 3290
5050 3290
3635 3291
3636 3291
5011 3291
5123 3291
3637 3292
3638 3293
5072 3293
3639 3294
5227 3294
3640 3295
3641 3296
5197 3296
3642 3297
5128 3297
3643 3298
3644 3299
5079 3299
3645 3300
5130 3300
3646 3301
5067 3301
3647 3302
5062 3302
3648 3303
3649 3304
5013 3304
3650 3305
6120 3305
7301 3305
7418 3305
7543 3305
3651 3306
5092 3306
3652 3307
5045 3307
3653 3308
5220 3308
3655 3309
3656 3310
5198 3310
3657 3311
5266 3311
3658 3312
5089 3312
3659 3313
3660 3314
5168 3314
3661 3315
5031 3315
3662 3316
3663 3317
3664 3318
3665 3319
5207 3319
3666 3320
3667 3321
3668 3322
3669 3323
3670 3324
3671 3325
3672 3326
3673 3327
3674 3328
3701 3328
3675 3329
3677 3330
3679 3331
3680 3332
3681 3333
3682 3334
3683 3335
3684 3336
3686 3337
3687 3338
3688 3339
3689 3340
3690 3341
5275 3341
3691 3342
5042 3342
3694 3343
3695 3344
3696 3345
4661 3345
5219 3345
3697 3346
3698 3347
3700 3348
3702 3349
3703 3350
3704 3351
3705 3352
3706 3353
3707 3354
8539 3354
3708 3355
3709 3355
5568 3355
8937 3355
9323 3355
3710 3356
3711 3357
3712 3358
8938 3358
3713 3359
3714 3360
3715 3361
3716 3362
3717 3363
3718 3364
5256 3364
6138 3364
3719 3365
5174 3365
3720 3366
5039 3366
6141 3366
3721 3367
5192 3367
3722 3368
5157 3368
3723 3369
5085 3369
6143 3369
3724 3370
3725 3371
5451 3371
3726 3372
5147 3372
6145 3372
9380 3372
3727 3373
5029 3373
3728 3374
5066 3374
6147 3374
8749 3374
3729 3375
3730 3376
3731 3377
5083 3377
6151 3377
8751 3377
3732 3378
5016 3378
3733 3379
5284 3379
6149 3379
3734 3380
5162 3380
6150 3380
3735 3381
5109 3381
3736 3382
5218 3382
6155 3382
3737 3383
5134 3383
6156 3383
3738 3384
3739 3385
5189 3385
6157 3385
3740 3386
5245 3386
6158 3386
3741 3387
5216 3387
6160 3387
8740 3387
3742 3388
5098 3388
6163 3388
8548 3388
3743 3389
3744 3390
3745 3391
5199 3391
3746 3392
5135 3392
6165 3392
3747 3393
5281 3393
6166 3393
3748 3394
5121 3394
6167 3394
3749 3395
5101 3395
3750 3396
5251 3396
6171 3396
3751 3397
3752 3398
5023 3398
3753 3399
5036 3399
3754 3400
3755 3401
3757 3402
3758 3403
3759 3404
3761 3405
3762 3406
3763 3407
3764 3408
3765 3409
3766 3409
3767 3410
3768 3411
3769 3412
3770 3413
3771 3414
7935 3414
3772 3415
3773 3416
7936 3416
3774 3417
8128 3417
3775 3418
8201 3418
3776 3419
5261 3419
3778 3420
3781 3421
3782 3422
3783 3423
3784 3424
3785 3425
8262 3425
3786 3426
9540 3426
3787 3427
8135 3427
3788 3428
3790 3429
8263 3429
3791 3430
5024 3430
5040 3430
5127 3430
5258 3430
5267 3430
3792 3431
3793 3432
3794 3433
3795 3434
3796 3435
3797 3436
3798 3437
7957 3437
3799 3438
3800 3439
8083 3439
3803 3440
7969 3440
3804 3441
8272 3441
3806 3442
3808 3443
7971 3443
3809 3444
3810 3445
7972 3445
9533 3445
3811 3446
8090 3446
3812 3447
3813 3448
3814 3449
3815 3450
3816 3451
3818 3452
3821 3453
3822 3454
6883 3454
3824 3455
3827 3456
7994 3456
3828 3457
3830 3458
7997 3458
3831 3459
9520 3459
3832 3460
7999 3460
9519 3460
3833 3461
8138 3461
9538 3461
3834 3462
3836 3463
3838 3464
8002 3464
3839 3465
9481 3465
3840 3466
3841 3467
3842 3468
3843 3468
4932 3468
5240 3468
5264 3468
3844 3469
3845 3470
3846 3471
3903 3471
5019 3471
3848 3472
8016 3472
3849 3473
8146 3473
3851 3474
5180 3474
8020 3474
3854 3475
3855 3476
3856 3477
8025 3477
3860 3478
8029 3478
3861 3479
8210 3479
3862 3480
8030 3480
3863 3481
5274 3481
3864 3482
8151 3482
3866 3483
5136 3483
3867 3484
5326 3484
3868 3485
5315 3485
3870 3486
5206 3486
3872 3487
5316 3487
3879 3488
5186 3488
3880 3489
3881 3490
3882 3491
5277 3491
3883 3492
5212 3492
3884 3493
6508 3493
3885 3494
5015 3494
3886 3495
4546 3495
5137 3495
3888 3496
5233 3496
3889 3497
5319 3497
3890 3498
5012 3498
3891 3499
5102 3499
3892 3500
5132 3500
3893 3501
3894 3502
5318 3502
3895 3503
5143 3503
3896 3504
5071 3504
3897 3505
5183 3505
3898 3506
5626 3506
5775 3506
3900 3507
5064 3507
3901 3508
5222 3508
3902 3509
5211 3509
3904 3510
5086 3510
3905 3511
5096 3511
3906 3512
5225 3512
3907 3513
5173 3513
3908 3514
5115 3514
3909 3515
6676 3515
3910 3516
8366 3516
3911 3517
5279 3517
3912 3518
5246 3518
3913 3519
6450 3519
3914 3520
5193 3520
3915 3521
5151 3521
3916 3522
5184 3522
8370 3522
3917 3523
5321 3523
3918 3524
5223 3524
3919 3525
5470 3525
3920 3526
3921 3526
5027 3526
5322 3526
3922 3527
5272 3527
3923 3528
5323 3528
3924 3529
5205 3529
3925 3530
5195 3530
3926 3531
5077 3531
3927 3532
5122 3532
3928 3533
5325 3533
3929 3534
5153 3534
3930 3535
5111 3535
3931 3536
5201 3536
3932 3537
5273 3537
3933 3538
3935 3539
5049 3539
3936 3540
5075 3540
3937 3541
5230 3541
7626 3541
3938 3542
5169 3542
3939 3543
5235 3543
3940 3544
5178 3544
3941 3545
5114 3545
7627 3545
3942 3546
3943 3547
3944 3548
3945 3549
3947 3550
3948 3551
3949 3552
3950 3553
3951 3554
3952 3555
3953 3556
3962 3557
7635 3557
3963 3558
7636 3558
3964 3559
3965 3560
4585 3560
3966 3561
4950 3561
7403 3561
3967 3562
7758 3562
3968 3563
7637 3563
3969 3564
3970 3565
3971 3566
3972 3567
7316 3567
3973 3568
4952 3568
7271 3568
3974 3569
4953 3569
3975 3570
3976 3571
3977 3572
3978 3573
3979 3574
3980 3575
3981 3576
3982 3577
3983 3578
3984 3579
3985 3580
3986 3581
3987 3582
3988 3583
3989 3584
3990 3585
3991 3586
3992 3587
3993 3588
3994 3589
3995 3590
3996 3591
3997 3592
3998 3593
3999 3594
6454 3594
4000 3595
4001 3595
4002 3596
4003 3597
4004 3598
4005 3599
4006 3600
4007 3601
4008 3602
4009 3603
4010 3604
4011 3605
4012 3606
4013 3607
4014 3608
4015 3609
4016 3610
4017 3611
4018 3612
4019 3613
4020 3614
4021 3615
4022 3616
4023 3617
7644 3617
4024 3618
4025 3619
4026 3620
6878 3620
4027 3621
4028 3622
4029 3623
4030 3624
4031 3625
8042 3625
4032 3626
4033 3627
4034 3628
4035 3629
4036 3630
4037 3631
4038 3632
4039 3633
4040 3634
4041 3635
4042 3636
4043 3637
8043 3637
4044 3638
6455 3638
7645 3638
4045 3639
8044 3639
4046 3640
4047 3641
4048 3642
4049 3643
8045 3643
4050 3644
4051 3645
6518 3645
4052 3646
4053 3647
4054 3648
4055 3649
4056 3650
8046 3650
4057 3651
4058 3652
4059 3653
9347 3653
4060 3654
8389 3654
4061 3655
4062 3656
4063 3657
4064 3658
4065 3658
4066 3659
4067 3660
8879 3660
4068 3661
4069 3662
4070 3663
4559 3663
4071 3664
4072 3665
4073 3666
8215 3666
4074 3667
4075 3668
9350 3668
4076 3669
8880 3669
4077 3670
4078 3671
4079 3672
4080 3673
4081 3674
4082 3675
4083 3676
4084 3677
4085 3678
4086 3679
4087 3680
4088 3681
4089 3682
4090 3683
4091 3684
4092 3685
4093 3686
4094 3687
4095 3688
4096 3689
4097 3690
4098 3691
4099 3692
4100 3693
4101 3694
4102 3695
4103 3696
4104 3697
4105 3698
4107 3699
4108 3700
4109 3701
4110 3702
4111 3703
4112 3704
4114 3705
4115 3706
4116 3707
4117 3708
4118 3709
4119 3710
9209 3710
4120 3711
4121 3712
4122 3713
4123 3714
4124 3715
4125 3716
4126 3717
4127 3718
4128 3719
8051 3719
4129 3720
4130 3721
4131 3722
4132 3723
4133 3724
4134 3725
4135 3726
4136 3727
4137 3728
4138 3729
4139 3730
4140 3731
4141 3732
4142 3733
4143 3734
4144 3735
4145 3736
4146 3737
4147 3738
4148 3739
4149 3740
4150 3741
4151 3742
4153 3743
5412 3743
4154 3744
4156 3745
4157 3746
4158 3746
4159 3746
4160 3746
4161 3747
6525 3747
4162 3748
4163 3749
4164 3749
4165 3749
4166 3750
4167 3751
4168 3752
4169 3753
4170 3754
4171 3755
4172 3756
4173 3757
4174 3758
6064 3758
4175 3759
4176 3760
4177 3761
4178 3762
8404 3762
4179 3763
4180 3764
4181 3765
4182 3766
4183 3767
4184 3768
4185 3769
4186 3770
4187 3771
4188 3772
4189 3773
4190 3774
7113 3774
4191 3775
6063 3775
4192 3776
4193 3777
4194 3778
7343 3778
8408 3778
4195 3779
4196 3780
4197 3781
4198 3782
7358 3782
4199 3783
4200 3784
4201 3785
4202 3786
4814 3786
4203 3787
8014 3787
4204 3788
4205 3789
4206 3790
4207 3791
4208 3792
4209 3792
4210 3792
4212 3792
4211 3793
9214 3793
4213 3794
4214 3795
4215 3796
6662 3796
4216 3797
4217 3798
4218 3799
4219 3799
4220 3800
4221 3801
4222 3802
4223 3803
4225 3804
4226 3804
4228 3805
4230 3806
4231 3807
6415 3807
4232 3808
4233 3809
4235 3810
4236 3811
4237 3812
4238 3813
4239 3814
4240 3815
4241 3816
4242 3817
4243 3818
4244 3819
4245 3820
4246 3821
4247 3822
4248 3823
4249 3824
4250 3825
4251 3826
4252 3827
4253 3828
4254 3829
4255 3830
4256 3831
4257 3832
4258 3833
4259 3834
4260 3835
4261 3836
4262 3837
4263 3838
4264 3839
4265 3840
4266 3841
4267 3842
4268 3843
4269 3844
4270 3845
4271 3846
4272 3847
4273 3848
4274 3848
4275 3849
4276 3850
4277 3851
4278 3852
4279 3853
4280 3854
4281 3855
4282 3856
4283 3857
4284 3858
4285 3859
4286 3860
4287 3861
4288 3862
5361 3862
4289 3863
4290 3864
4291 3865
4292 3866
4293 3867
4294 3868
4295 3869
4296 3870
7242 3870
9994 3870
4297 3871
4298 3872
7334 3872
4299 3873
4300 3874
4303 3875
4304 3876
4308 3877
4309 3878
4310 3879
4311 3880
4471 3880
4312 3881
5365 3881
4314 3882
4315 3883
4316 3884
4317 3885
4319 3886
4320 3887
4321 3888
4322 3889
4323 3890
4324 3891
4325 3892
4326 3893
4327 3894
4328 3895
4329 3896
4330 3897
4331 3898
4332 3899
4333 3900
4334 3901
4335 3902
4336 3903
4337 3904
4339 3905
4340 3906
5916 3906
4341 3907
4342 3908
4344 3909
4345 3910
4346 3911
4347 3912
4348 3913
8312 3913
4349 3914
4350 3915
4351 3916
4352 3917
4353 3918
4354 3919
4355 3920
4357 3921
4358 3922
4359 3923
4360 3924
4361 3925
4362 3926
4363 3926
4364 3927
4365 3928
4366 3929
4367 3930
4368 3930
4369 3931
4371 3932
4372 3933
4374 3934
4375 3935
4376 3936
4377 3937
4378 3938
4379 3939
4380 3940
5619 3940
4381 3941
4382 3942
4383 3943
4384 3944
4385 3945
4386 3946
5063 3946
4387 3947
4388 3948
5475 3948
5975 3948
4389 3949
4390 3950
7551 3950
4391 3951
5476 3951
4392 3952
4393 3953
4394 3953
4395 3954
4397 3955
4398 3956
4399 3957
4401 3958
5381 3958
4402 3959
5383 3959
6020 3959
7898 3959
4403 3960
4404 3961
4405 3962
4406 3963
4407 3964
4408 3965
4409 3966
4410 3967
4411 3968
4412 3969
4413 3970
4414 3971
4415 3972
4416 3973
4417 3974
4418 3975
4419 3976
4420 3977
4421 3978
4422 3979
4423 3980
4424 3981
4425 3982
4426 3983
4427 3984
4428 3985
4429 3986
4430 3987
4431 3988
4432 3989
4433 3990
4434 3991
5152 3991
4435 3992
5444 3992
4436 3993
5030 3993
4437 3994
5129 3994
4438 3995
5093 3995
4440 3996
5244 3996
5774 3996
4441 3997
5112 3997
5320 3997
4442 3998
5018 3998
7082 3998
4443 3999
5327 3999
4444 4000
5231 4000
4445 4001
4446 4002
5203 4002
7083 4002
4448 4003
4449 4004
4450 4005
4451 4006
7182 4006
7352 4006
4452 4007
7223 4007
4453 4008
5902 4008
4454 4009
4975 4009
4455 4010
7178 4010
4456 4011
6765 4011
4457 4012
4458 4013
5286 4013
4460 4014
6601 4014
4461 4015
9138 4015
4462 4016
5654 4016
4463 4017
4464 4018
6623 4018
4465 4019
5423 4019
6666 4019
7152 4019
4467 4020
5097 4020
4468 4021
4989 4021
5483 4021
4469 4022
4470 4023
4472 4024
4473 4025
7330 4025
4474 4026
4475 4027
4476 4028
4477 4029
4478 4030
4479 4031
4480 4032
4481 4033
4482 4034
4483 4035
7562 4035
4484 4036
4485 4037
4542 4037
4486 4038
4487 4039
4488 4039
7567 4039
9160 4039
4489 4040
4490 4041
4491 4042
4492 4043
4493 4044
4494 4045
4495 4046
4496 4047
4497 4048
4498 4049
4499 4050
4500 4051
4501 4052
4502 4053
8851 4053
4503 4054
8930 4054
4504 4055
7572 4055
4505 4056
4506 4057
5385 4057
6019 4057
7897 4057
4507 4058
4508 4059
4509 4060
4510 4061
4511 4062
4512 4063
4513 4064
4514 4065
4515 4066
4516 4067
4517 4068
4518 4069
4519 4070
4520 4071
4521 4072
4522 4073
4523 4074
4524 4075
4525 4076
7924 4076
4526 4077
4527 4078
4528 4079
4529 4080
4530 4081
4531 4082
4532 4083
4533 4084
4534 4085
4535 4086
4536 4087
4537 4088
4538 4089
4539 4090
4540 4091
4541 4092
4543 4093
4544 4094
4545 4095
8019 4095
4548 4096
7634 4096
4549 4097
7522 4097
4550 4098
4945 4098
4551 4099
4944 4099
4552 4100
4948 4100
4553 4101
4949 4101
4554 4102
7322 4102
4555 4103
4556 4104
8746 4104
4557 4105
4558 4106
4560 4107
4561 4108
4562 4109
9155 4109
4563 4110
7135 4110
4564 4111
4566 4112
4567 4113
4568 4114
4569 4115
4969 4115
5679 4115
4570 4116
4571 4117
6664 4117
4572 4118
4573 4119
4576 4119
4574 4120
6290 4120
4575 4121
7184 4121
4577 4122
4579 4123
5418 4123
4580 4124
4972 4124
4581 4125
4590 4125
5943 4125
6962 4125
4582 4126
4973 4126
4583 4127
4971 4127
4584 4128
4587 4129
5028 4129
6802 4129
4589 4130
4591 4131
4592 4132
4593 4133
4594 4134
4595 4135
6585 4135
4596 4136
4597 4137
4598 4138
4599 4139
4600 4140
4601 4141
4986 4141
4602 4142
4603 4143
4604 4144
4605 4145
4606 4146
4607 4147
4608 4148
4611 4149
6690 4149
4612 4150
4613 4151
4614 4152
4617 4153
4618 4154
7501 4154
4619 4155
4620 4156
6744 4156
7412 4156
4622 4157
4623 4158
4624 4159
4625 4160
4627 4161
4628 4162
4629 4163
4630 4164
4631 4165
4632 4166
4633 4166
4634 4167
4635 4168
4636 4169
4637 4170
4638 4171
4639 4172
4640 4173
4641 4174
4642 4175
4643 4176
4644 4177
5527 4177
4645 4178
8161 4178
4646 4179
4647 4180
4648 4181
4649 4182
4650 4183
4651 4184
4652 4185
4653 4186
4654 4187
4655 4188
4656 4189
4658 4189
4657 4190
4659 4191
4660 4192
4662 4193
4663 4194
4664 4195
4665 4196
4666 4197
4667 4198
4668 4199
4669 4200
4670 4201
4671 4202
4672 4203
4673 4204
4674 4205
4675 4206
4676 4207
4677 4208
4678 4209
4681 4210
4682 4211
4683 4212
4684 4213
4685 4214
4686 4215
4687 4216
4688 4217
4689 4218
4690 4219
4691 4220
4692 4221
6747 4221
8119 4221
9162 4221
4693 4222
4694 4223
4695 4224
4696 4225
4697 4226
4698 4227
4699 4228
4700 4229
6739 4229
8765 4229
4701 4230
6939 4230
4702 4231
4703 4232
4704 4233
4705 4234
4706 4235
4707 4236
4709 4237
4710 4238
4711 4239
4712 4240
4713 4241
4714 4242
4715 4243
6948 4243
4716 4244
4718 4245
4719 4246
4720 4247
4721 4247
4722 4248
7940 4248
4725 4249
8202 4249
4726 4250
4728 4251
7949 4251
4730 4252
4731 4253
4732 4254
7951 4254
4736 4255
4737 4256
4739 4257
7975 4257
4742 4258
8094 4258
9506 4258
9507 4258
9508 4258
4743 4259
7986 4259
4746 4260
7998 4260
4748 4261
8140 4261
4749 4262
4750 4263
4751 4263
4752 4264
9560 4264
4753 4265
4755 4266
4756 4267
4763 4268
8023 4268
4764 4269
4765 4270
4773 4271
4774 4272
4775 4273
5776 4273
4776 4274
5777 4274
4777 4275
4778 4276
4835 4276
5899 4276
4779 4277
4780 4278
7763 4278
4781 4279
4782 4280
4783 4281
7638 4281
4784 4282
7640 4282
4785 4283
4786 4284
7494 4284
4787 4285
4788 4286
4789 4287
4790 4288
4792 4289
4793 4290
4794 4291
4795 4292
9206 4292
4796 4293
4797 4294
4798 4295
5671 4295
4799 4296
4800 4297
4801 4298
4802 4299
4803 4300
4804 4301
4805 4302
4806 4303
4807 4304
8401 4304
4808 4305
4809 4306
4810 4307
4811 4308
4812 4309
4813 4310
4815 4311
4816 4312
4817 4313
4819 4314
4822 4315
4823 4316
7130 4316
4824 4317
4825 4318
4826 4319
6616 4319
4827 4320
4828 4321
6288 4321
7139 4321
8223 4321
8889 4321
4829 4322
4830 4323
4831 4324
6754 4324
4832 4325
4833 4326
4834 4327
4842 4327
4857 4327
4901 4327
4836 4328
4837 4329
6668 4329
4838 4330
6469 4330
4839 4331
4840 4332
7166 4332
4841 4333
4843 4334
4845 4335
4846 4336
7179 4336
4847 4337
6598 4337
4848 4338
4849 4339
4850 4340
4851 4341
6650 4341
4853 4342
5054 4342
4854 4343
7829 4343
4855 4344
4856 4345
4858 4346
4866 4346
5683 4346
4859 4347
6759 4347
4860 4348
6553 4348
4861 4349
4862 4350
4864 4351
5799 4351
6770 4351
4865 4352
5803 4352
6549 4352
9095 4352
4867 4353
4868 4354
6661 4354
4869 4355
7187 4355
4870 4356
8425 4356
4871 4357
4872 4358
8579 4358
4873 4359
6609 4359
7200 4359
7786 4359
4874 4360
4876 4361
4877 4362
5656 4362
6478 4362
4878 4363
4879 4364
6191 4364
4880 4365
4881 4366
6531 4366
4882 4367
4883 4368
5690 4368
4884 4369
4886 4370
5691 4370
6617 4370
7217 4370
4887 4371
6586 4371
4888 4372
4889 4373
6573 4373
7221 4373
4890 4374
4891 4375
4892 4376
4894 4377
4895 4378
4896 4379
4897 4380
4898 4381
4899 4382
4900 4383
7426 4383
4902 4384
4903 4385
6969 4385
4904 4386
4905 4387
5424 4387
5945 4387
7193 4387
4906 4388
6752 4388
4907 4389
7372 4389
4908 4390
4909 4391
4910 4392
4911 4393
4912 4394
4913 4395
4914 4396
4915 4397
4916 4398
4918 4399
4919 4400
4920 4401
4921 4402
4922 4403
4924 4404
4925 4405
8079 4405
4926 4406
7955 4406
4927 4407
4928 4408
7958 4408
4929 4409
8204 4409
4930 4410
8271 4410
4931 4411
4933 4412
8022 4412
4955 4413
5677 4413
7482 4413
4956 4414
4957 4415
7172 4415
4958 4416
4959 4417
4960 4418
4961 4419
4962 4420
4963 4421
4964 4422
4965 4423
4966 4424
4967 4425
4968 4426
4970 4427
7218 4427
4974 4428
4976 4429
4977 4430
4978 4431
4979 4432
4980 4433
6473 4433
7191 4433
4981 4434
5904 4434
6569 4434
4982 4435
4983 4436
7206 4436
4984 4437
5047 4437
4985 4438
4987 4439
4988 4440
4990 4441
4991 4442
4992 4443
9146 4443
4993 4444
4994 4445
4995 4446
4996 4447
4998 4448
4999 4449
5000 4450
5001 4451
5002 4452
5003 4453
5004 4454
5005 4455
5006 4456
5007 4457
5008 4458
5951 4458
5009 4459
5010 4460
5017 4461
7989 4461
5020 4462
5021 4463
6580 4463
5025 4464
5032 4465
5033 4466
8169 4466
5034 4467
5037 4468
5038 4469
5041 4470
5043 4471
5046 4472
5048 4473
7639 4473
5051 4474
6068 4474
6572 4474
5052 4475
5053 4476
5055 4477
6610 4477
5056 4478
5057 4479
5058 4480
5059 4481
8254 4481
5060 4482
5061 4483
6615 4483
5065 4484
5118 4484
5068 4485
5073 4486
6626 4486
5074 4487
5076 4488
5081 4489
6177 4489
5082 4490
7243 4490
5088 4491
5094 4492
5095 4493
5099 4494
5100 4495
5103 4496
6637 4496
5104 4497
5106 4498
7652 4498
5107 4499
5116 4500
5117 4501
5119 4502
5120 4503
6851 4503
5125 4504
7146 4504
5126 4505
5138 4506
5140 4507
6859 4507
5144 4508
5148 4509
5154 4510
5404 4510
5421 4510
5155 4511
5158 4512
5159 4513
7181 4513
5160 4514
7262 4514
5161 4515
5166 4516
5167 4517
5187 4517
5170 4518
7488 4518
5172 4519
5175 4520
6559 4520
5179 4521
5181 4522
5185 4523
5188 4524
5190 4525
5194 4526
5196 4527
5202 4528
9222 4528
5204 4529
7367 4529
5208 4530
5209 4531
5210 4532
5215 4533
5217 4534
5221 4535
5234 4536
5237 4537
5238 4538
5239 4539
5242 4540
5247 4541
5248 4542
5249 4543
5252 4544
5257 4545
5259 4546
5260 4547
5262 4548
5265 4549
5268 4550
5270 4551
6965 4551
5271 4552
7628 4552
5276 4553
5282 4554
5285 4555
5287 4556
5969 4556
5288 4557
5289 4558
5290 4559
5292 4560
5293 4561
5294 4562
5968 4562
5295 4563
5296 4564
5297 4565
5298 4566
5299 4567
5300 4568
5301 4569
6577 4569
8110 4569
5302 4570
5303 4571
6011 4571
9385 4571
5304 4572
6931 4572
5305 4573
6933 4573
5306 4574
5307 4575
6938 4575
5308 4576
5309 4577
5310 4578
5311 4579
7923 4579
5312 4580
5313 4581
5314 4582
8031 4582
5324 4583
7389 4583
5328 4584
5329 4585
5330 4586
5333 4587
5334 4588
6413 4588
5335 4589
5337 4590
5338 4591
5339 4592
5340 4593
5342 4594
5343 4595
5344 4596
5345 4597
5346 4598
7127 4598
5347 4599
6958 4599
7402 4599
5348 4600
6564 4600
5349 4601
5350 4602
5351 4603
8454 4603
5352 4604
7168 4604
5353 4605
5354 4606
7516 4606
5355 4607
5356 4608
6793 4608
5357 4609
6769 4609
5358 4610
5359 4611
5360 4612
5362 4613
5363 4614
5364 4615
9991 4615
5366 4616
5367 4617
5368 4618
5370 4619
5371 4620
5372 4620
5373 4620
5374 4621
5375 4622
5376 4623
5377 4624
5378 4625
5379 4626
5380 4627
5382 4628
5384 4629
5386 4630
5387 4631
5388 4632
5389 4633
5390 4634
5391 4635
5392 4636
5393 4637
6035 4637
8947 4637
5394 4638
5395 4639
5396 4640
5397 4641
5398 4642
5465 4642
5621 4642
7990 4642
7991 4642
7992 4642
5399 4643
5400 4644
5401 4645
5403 4646
5405 4647
5406 4648
5407 4649
5408 4650
5409 4651
5410 4652
5411 4653
5413 4654
7157 4654
5414 4655
5415 4656
6607 4656
5416 4657
6627 4657
5417 4658
5419 4659
6591 4659
5420 4660
5428 4660
6600 4660
6651 4660
5422 4661
5425 4662
5950 4662
6884 4662
5426 4663
5427 4664
5946 4664
5429 4665
5430 4666
5431 4667
5432 4668
7995 4668
9546 4668
5433 4669
6482 4669
5434 4670
5435 4671
5436 4671
5437 4672
5438 4673
5439 4674
5440 4675
5441 4676
5442 4677
5443 4678
5445 4679
5447 4680
5448 4681
5449 4682
6287 4682
7154 4682
7767 4682
5450 4683
5452 4684
7953 4684
5453 4685
6291 4685
7176 4685
5454 4686
5455 4687
5456 4688
5457 4689
5459 4690
5460 4691
5461 4692
7624 4692
5462 4693
5463 4694
5464 4695
5466 4696
6678 4696
7229 4696
5467 4697
6575 4697
5468 4698
5469 4699
5471 4700
5472 4701
5473 4702
6647 4702
6671 4702
9436 4702
9437 4702
5477 4703
5478 4704
5479 4705
5480 4706
5481 4707
5482 4708
6154 4708
5484 4709
5485 4710
5486 4711
5487 4712
5488 4713
5489 4714
5490 4715
5495 4716
8176 4716
5497 4717
9267 4717
5498 4718
6850 4718
5499 4719
9268 4719
5500 4720
5501 4721
9316 4721
5502 4722
8510 4722
5503 4723
5504 4724
6824 4724
5505 4725
6819 4725
5506 4726
6822 4726
5507 4727
6799 4727
5508 4728
6862 4728
5509 4729
5510 4730
5511 4731
6860 4731
5514 4732
8512 4732
5515 4733
6820 4733
5516 4734
9280 4734
5517 4735
6805 4735
5518 4736
9273 4736
5519 4737
6854 4737
5520 4738
6830 4738
5521 4739
9079 4739
5522 4740
9276 4740
5524 4741
5526 4742
5528 4743
5716 4743
5529 4744
5532 4745
5535 4746
5539 4747
5542 4748
5546 4749
5547 4750
6835 4750
5548 4751
9166 4751
5549 4752
6823 4752
5550 4753
6842 4753
5551 4754
8780 4754
5552 4755
9082 4755
5553 4756
9173 4756
5554 4757
9161 4757
5555 4758
6132 4758
6809 4758
7541 4758
5556 4759
6845 4759
5557 4760
9191 4760
5558 4761
6816 4761
5559 4762
6814 4762
5560 4763
8542 4763
5561 4764
8532 4764
5562 4765
9084 4765
5563 4766
6801 4766
5564 4767
5565 4768
9151 4768
5566 4769
5856 4769
5569 4770
6828 4770
5570 4771
9293 4771
5571 4772
6815 4772
5572 4773
6803 4773
5573 4774
6853 4774
5574 4775
5575 4776
9294 4776
5576 4777
6797 4777
5577 4778
9379 4778
5578 4779
5579 4780
6864 4780
5580 4781
6826 4781
5581 4782
5582 4783
6800 4783
5583 4784
9296 4784
5584 4785
9297 4785
5585 4786
6811 4786
5586 4787
8549 4787
5587 4788
6865 4788
5588 4789
6813 4789
5589 4790
8946 4790
5590 4791
6837 4791
5591 4792
6836 4792
5592 4793
6827 4793
5593 4794
5594 4795
6855 4795
9386 4795
5595 4796
6848 4796
5597 4797
5600 4798
5601 4799
5602 4800
5603 4801
6657 4801
5604 4802
6628 4802
7159 4802
5605 4803
6760 4803
5606 4804
5607 4805
8458 4805
5608 4806
5609 4807
5610 4808
5611 4809
5613 4810
5615 4811
5616 4812
6602 4812
5618 4813
5620 4814
5622 4815
5625 4816
5627 4817
5628 4818
7228 4818
5629 4819
5630 4820
5631 4821
5632 4822
5633 4823
5634 4824
5635 4825
5636 4826
5637 4827
5638 4828
5639 4829
5640 4830
5641 4831
5642 4832
5686 4832
7641 4832
7670 4832
5643 4833
5644 4834
5645 4835
5647 4836
5648 4836
5649 4836
5650 4837
5651 4838
5652 4839
5653 4840
5802 4840
5655 4841
6659 4841
9358 4841
5657 4842
5658 4843
5659 4844
5660 4845
5661 4846
5662 4847
5663 4848
5664 4849
5665 4850
5666 4851
6293 4851
6887 4851
5667 4852
5668 4853
5670 4854
6608 4854
5672 4855
5673 4856
5674 4857
5675 4858
5676 4859
5678 4860
5680 4861
7156 4861
5681 4862
6669 4862
5682 4863
5684 4864
5685 4865
6656 4865
5687 4866
5688 4867
5689 4868
6639 4868
5692 4869
5693 4870
5694 4871
5697 4872
5698 4873
5699 4874
5701 4875
9180 4875
5702 4876
9184 4876
5703 4877
9077 4877
5704 4878
9185 4878
5705 4879
9067 4879
5706 4880
9372 4880
5707 4881
5708 4882
9186 4882
5709 4883
9311 4883
5710 4884
8916 4884
5711 4885
9319 4885
5712 4886
5713 4887
8171 4887
5715 4888
5717 4889
5718 4890
5721 4891
8528 4891
5722 4892
8540 4892
5723 4893
8917 4893
5724 4894
5725 4895
8112 4895
5726 4896
6134 4896
6325 4896
6326 4896
7733 4896
7734 4896
9085 4896
9321 4896
5727 4897
5728 4898
5729 4899
5730 4900
9286 4900
5731 4901
5733 4902
8940 4902
5734 4903
8860 4903
5735 4904
9317 4904
5736 4905
8849 4905
5737 4906
5738 4907
9144 4907
5739 4908
8853 4908
5740 4909
8941 4909
5741 4910
5742 4911
8854 4911
5743 4912
8868 4912
5744 4913
8861 4913
5745 4914
8117 4914
5746 4915
8862 4915
5747 4916
5748 4917
5749 4918
8865 4918
5750 4919
9328 4919
5751 4920
8121 4920
5752 4921
5753 4922
9197 4922
5754 4923
8867 4923
5755 4924
5756 4925
8866 4925
5757 4926
5758 4927
8547 4927
5759 4928
5760 4929
5761 4930
9364 4930
5762 4931
8871 4931
5763 4932
5764 4933
9336 4933
5765 4934
8873 4934
5766 4935
8554 4935
5767 4936
8874 4936
5768 4937
9329 4937
5769 4938
8735 4938
5770 4939
8869 4939
5771 4940
8122 4940
5778 4941
7475 4941
5779 4942
5780 4943
5781 4944
5782 4945
5783 4946
6057 4946
5784 4947
5785 4948
5786 4949
5787 4950
5788 4951
5789 4952
5790 4953
5791 4954
5792 4955
7134 4955
5793 4956
5794 4957
7158 4957
7768 4957
5795 4958
6961 4958
5796 4959
5797 4960
5798 4961
8494 4961
5800 4962
5801 4963
7185 4963
5804 4964
6479 4964
5805 4965
5806 4966
5807 4967
5808 4968
5809 4969
5810 4970
5811 4971
5812 4972
5813 4973
5814 4974
5816 4975
5817 4976
5818 4977
5819 4978
5820 4979
5821 4980
5822 4981
8173 4981
5823 4982
5826 4983
9283 4983
5827 4984
6333 4984
6974 4984
5828 4985
6976 4985
5829 4986
6977 4986
5831 4987
6667 4987
6979 4987
5832 4988
6339 4988
6981 4988
5833 4989
6986 4989
5834 4990
6346 4990
6988 4990
5835 4991
6993 4991
5836 4992
6356 4992
5837 4993
5838 4994
5839 4995
8181 4995
5840 4996
8163 4996
5841 4997
5842 4998
5843 4999
5844 5000
7004 5000
5846 5001
7010 5001
5847 5002
7011 5002
5848 5003
7019 5003
7874 5003
5849 5004
5850 5005
5852 5006
6604 5006
7032 5006
5853 5007
5854 5008
5855 5009
5857 5010
6367 5010
5858 5011
7045 5011
5859 5012
7046 5012
5860 5013
6370 5013
5861 5014
6584 5014
7050 5014
7051 5014
7052 5014
7928 5014
5862 5015
6672 5015
7056 5015
5863 5016
7058 5016
5864 5017
6384 5017
7059 5017
5865 5018
6387 5018
7060 5018
5866 5019
5867 5020
5868 5021
7068 5021
5869 5022
7070 5022
5870 5023
5871 5024
5872 5025
6401 5025
7071 5025
5873 5026
7073 5026
5874 5027
6581 5027
7075 5027
5875 5028
6634 5028
7077 5028
5876 5029
5877 5030
7629 5030
5878 5031
6172 5031
7084 5031
5879 5032
5880 5033
5881 5034
5882 5035
5883 5036
5884 5037
8154 5037
5885 5038
5886 5039
5887 5040
5888 5041
5889 5042
5890 5043
8216 5043
5891 5044
5892 5045
5893 5046
5895 5047
5896 5048
5897 5049
6551 5049
7132 5049
5898 5050
7137 5050
5900 5051
5987 5051
5901 5052
5903 5053
5905 5054
7201 5054
5906 5055
6477 5055
5907 5056
5908 5057
5910 5058
5911 5059
5912 5060
5913 5061
5914 5062
5915 5063
5918 5064
5919 5064
5920 5064
5921 5064
5922 5065
5924 5066
5925 5067
5926 5068
5927 5069
5928 5070
5929 5071
5930 5072
5931 5073
5932 5074
6046 5074
5933 5075
6594 5075
7650 5075
5934 5076
6756 5076
5935 5077
5936 5078
7141 5078
5937 5079
5938 5080
5939 5081
6588 5081
5940 5082
6655 5082
7212 5082
5941 5083
6550 5083
5942 5084
5944 5085
6858 5085
5947 5086
6966 5086
7676 5086
5948 5087
5949 5088
6840 5088
5952 5089
6545 5089
5953 5090
5954 5091
5955 5092
5956 5093
5957 5094
5959 5095
5960 5096
5963 5097
5964 5098
6922 5098
5965 5099
7890 5099
5966 5100
9287 5100
5967 5101
9288 5101
5970 5102
6894 5102
7855 5102
5971 5103
7857 5103
5972 5104
7856 5104
5973 5105
6895 5105
7858 5105
5974 5106
7859 5106
5976 5107
6898 5107
5977 5108
8511 5108
9075 5108
5978 5109
6899 5109
5979 5110
8801 5110
5980 5111
8515 5111
5981 5112
7862 5112
8748 5112
5982 5113
5983 5113
9278 5113
5984 5114
7863 5114
5985 5115
6901 5115
5986 5116
6902 5116
7866 5116
5988 5117
5989 5118
9188 5118
5990 5119
7869 5119
5991 5120
5992 5121
5993 5122
5994 5123
6904 5123
7871 5123
5996 5124
7872 5124
5997 5125
6905 5125
7873 5125
5998 5126
6910 5126
5999 5127
6000 5128
6001 5129
7877 5129
6002 5130
7879 5130
6003 5131
6914 5131
6004 5132
7880 5132
6005 5133
6006 5134
6917 5134
6007 5135
6918 5135
6919 5135
8920 5135
6008 5136
6742 5136
7883 5136
6009 5137
8929 5137
6010 5138
7892 5138
6012 5139
6013 5140
6014 5141
7894 5141
6015 5142
6928 5142
6016 5143
6929 5143
6017 5144
6687 5144
9175 5144
6018 5145
6930 5145
7896 5145
6021 5146
8811 5146
6022 5147
6934 5147
7908 5147
6023 5148
7909 5148
6024 5149
7911 5149
6025 5150
6936 5150
6026 5151
6702 5151
6027 5152
6937 5152
6028 5153
6029 5154
6942 5154
6030 5155
6725 5155
7851 5155
6031 5156
6944 5156
7870 5156
6032 5157
6033 5158
7922 5158
6034 5159
6036 5160
6037 5161
8123 5161
6038 5162
7926 5162
6039 5163
7927 5163
6040 5164
6951 5164
6041 5165
7930 5165
6042 5166
7932 5166
6043 5167
6044 5168
6045 5169
8558 5169
6047 5170
6048 5171
6049 5172
6050 5173
6051 5174
6052 5175
6053 5176
6054 5177
6055 5178
6056 5179
6058 5180
6059 5181
6060 5182
6061 5183
6062 5184
6065 5185
6066 5186
6856 5186
6067 5187
6480 5187
6786 5187
6069 5188
6070 5189
6071 5190
6073 5191
6074 5192
6075 5193
6077 5194
6078 5195
6079 5196
6080 5197
6081 5198
6082 5199
6083 5200
6084 5201
6085 5202
8162 5202
6086 5203
6087 5204
7525 5204
6088 5205
7306 5205
6089 5206
7355 5206
6090 5207
6092 5208
7260 5208
6093 5209
6094 5210
8102 5210
6095 5211
6096 5212
7295 5212
6097 5213
9309 5213
6098 5214
6099 5215
7329 5215
6100 5216
9181 5216
6102 5217
6103 5218
7361 5218
6104 5219
6105 5219
7313 5219
9182 5219
6106 5220
6107 5221
9370 5221
6108 5222
6109 5223
7298 5223
6110 5224
8517 5224
6111 5225
7429 5225
6112 5226
7511 5226
6113 5227
7419 5227
6114 5228
7399 5228
6115 5229
6116 5230
7364 5230
6117 5231
9078 5231
6118 5232
7471 5232
6119 5233
7515 5233
6121 5234
8729 5234
6122 5235
7400 5235
6123 5236
9281 5236
6124 5237
6125 5238
7369 5238
6126 5239
6127 5240
6128 5241
6129 5242
6248 5242
6130 5243
6133 5244
6135 5245
7265 5245
6136 5246
7468 5246
6137 5247
7397 5247
6139 5248
7340 5248
6140 5249
6142 5250
6144 5251
7335 5251
6146 5252
8720 5252
6148 5253
6152 5254
7430 5254
6153 5255
7479 5255
6159 5256
6161 5257
7401 5257
6162 5258
7531 5258
6164 5259
9087 5259
6168 5260
7486 5260
6169 5261
7320 5261
6170 5262
9157 5262
6173 5263
6174 5264
6175 5264
6176 5265
6178 5266
6522 5266
6179 5267
6180 5268
6181 5269
6182 5270
6183 5271
6184 5271
6185 5272
7138 5272
6186 5273
7143 5273
8463 5273
6187 5274
7162 5274
6188 5275
6189 5276
6190 5277
7192 5277
6192 5278
6595 5278
6193 5279
6194 5280
6195 5281
7795 5281
6196 5282
6197 5283
6198 5284
6199 5285
6200 5286
6201 5287
6202 5288
6203 5289
7311 5289
6205 5290
6206 5291
6207 5292
6208 5293
6209 5294
6210 5295
6211 5296
6212 5297
6213 5298
7642 5298
7668 5298
6214 5299
6215 5300
6216 5301
7415 5301
6217 5302
6218 5303
6219 5304
7404 5304
6220 5305
7318 5305
6221 5306
6222 5307
7497 5307
6223 5308
7319 5308
6224 5309
9312 5309
6225 5310
9313 5310
6226 5311
6227 5312
7000 5312
9275 5312
6228 5313
6229 5314
9189 5314
6231 5315
6235 5316
7478 5316
6239 5317
7502 5317
6240 5318
7290 5318
6241 5319
7539 5319
6242 5320
7272 5320
6243 5321
7449 5321
6244 5322
7526 5322
6247 5323
6249 5324
6250 5325
6251 5326
6252 5327
7284 5327
6253 5328
7300 5328
6254 5329
7523 5329
6255 5330
7498 5330
6256 5331
6257 5332
7484 5332
7490 5332
6258 5333
7261 5333
6259 5334
6260 5335
6261 5336
6262 5337
6263 5338
7588 5338
6264 5339
7590 5339
6265 5340
7591 5340
6266 5341
7592 5341
6267 5342
7593 5342
6268 5343
7594 5343
6269 5344
7595 5344
6270 5345
7596 5345
6271 5346
7598 5346
6272 5347
7600 5347
6273 5348
7601 5348
6274 5349
7602 5349
6275 5350
7603 5350
6276 5351
7604 5351
6277 5352
7605 5352
6278 5353
7606 5353
6279 5354
7607 5354
6280 5355
7608 5355
6281 5356
6282 5357
7612 5357
6283 5358
7613 5358
6284 5359
7615 5359
6285 5360
7617 5360
6286 5361
7621 5361
6289 5362
7160 5362
6292 5363
6294 5364
7773 5364
6295 5365
7230 5365
6296 5366
8071 5366
6297 5367
6298 5368
6299 5369
6300 5370
6301 5371
6302 5372
7003 5372
6303 5373
7030 5373
6304 5374
7034 5374
6305 5375
7721 5375
6306 5376
7007 5376
7723 5376
6307 5377
7008 5377
7724 5377
6308 5378
7725 5378
6309 5379
6310 5380
7568 5380
6311 5381
7569 5381
6312 5382
7035 5382
7737 5382
9285 5382
6313 5383
6314 5384
7728 5384
9292 5384
6315 5385
7014 5385
7729 5385
6316 5386
6317 5386
7013 5386
7015 5386
6318 5387
7016 5387
6319 5388
7017 5388
6320 5389
7018 5389
6321 5390
6322 5391
6323 5392
7033 5392
6327 5393
7028 5393
7735 5393
6329 5394
6330 5395
6971 5395
7708 5395
6331 5396
6972 5396
7709 5396
6332 5397
7710 5397
6334 5398
6393 5398
7712 5398
7741 5398
6335 5399
6336 5400
7713 5400
6337 5401
6980 5401
6338 5402
7552 5402
6340 5403
6983 5403
6341 5404
6982 5404
6342 5405
7714 5405
6343 5406
6985 5406
6344 5407
7553 5407
6345 5408
7554 5408
6347 5409
6987 5409
6348 5410
6989 5410
6349 5411
7715 5411
6350 5412
6990 5412
6351 5413
6352 5414
6992 5414
6353 5415
7556 5415
6354 5416
7717 5416
6355 5417
7716 5417
6357 5418
7563 5418
6358 5419
7564 5419
6359 5420
7566 5420
6360 5421
6997 5421
6361 5422
7036 5422
7738 5422
6362 5423
7696 5423
6363 5424
6364 5425
6365 5426
7697 5426
6366 5427
7576 5427
6368 5428
7578 5428
6369 5429
7698 5429
8756 5429
6371 5430
7048 5430
6372 5431
7700 5431
6373 5432
7049 5432
7699 5432
6374 5433
7701 5433
6375 5434
7053 5434
6376 5435
7702 5435
9295 5435
6377 5436
7703 5436
6378 5437
6379 5437
7055 5437
7579 5437
6380 5438
7580 5438
6381 5439
7582 5439
6382 5440
7704 5440
6383 5441
7705 5441
6385 5442
7583 5442
6386 5443
7584 5443
7918 5443
6388 5444
7706 5444
6389 5445
7586 5445
6390 5446
6391 5447
6392 5448
7739 5448
6394 5449
7063 5449
6395 5450
7547 5450
6396 5451
7548 5451
6397 5452
7066 5452
6398 5453
7067 5453
7745 5453
6399 5454
7069 5454
6400 5455
7746 5455
6402 5456
7747 5456
6403 5457
7614 5457
6404 5458
7618 5458
6405 5459
7620 5459
6406 5460
6407 5461
6408 5462
6409 5463
6410 5464
8164 5464
6411 5465
6412 5466
6414 5467
6416 5468
6417 5469
6418 5470
6419 5471
6420 5472
6421 5473
6422 5474
6423 5475
6424 5476
6425 5477
6427 5478
6430 5479
7489 5479
6431 5480
6432 5481
6433 5482
6434 5483
6435 5484
6436 5485
6437 5486
6438 5487
6439 5488
6440 5489
6441 5490
6442 5491
6443 5492
8298 5492
6444 5493
6445 5494
6446 5495
6447 5496
6449 5497
6451 5498
8139 5498
6452 5499
6456 5500
6457 5501
6458 5502
6459 5503
6460 5504
6461 5505
6462 5506
6463 5507
6464 5508
6465 5509
6466 5510
6467 5511
6468 5512
7131 5512
6470 5513
6471 5514
6472 5515
6474 5516
7196 5516
6475 5517
7790 5517
6476 5518
7209 5518
6481 5519
6483 5520
6484 5521
6485 5522
6486 5523
6487 5524
6488 5525
6489 5526
6490 5527
6491 5528
6492 5529
6493 5530
6494 5531
6495 5532
6496 5533
6654 5533
6688 5533
6497 5534
6996 5534
7718 5534
6498 5535
6499 5536
7006 5536
7722 5536
6500 5537
7012 5537
7727 5537
6501 5538
6502 5539
7021 5539
7731 5539
6503 5540
7031 5540
6504 5541
6505 5542
7062 5542
7740 5542
6506 5543
7065 5543
7742 5543
6509 5544
8035 5544
6510 5545
7754 5545
6511 5546
7140 5546
6512 5547
6513 5548
6514 5549
6515 5550
6516 5551
6517 5552
6519 5553
6520 5554
6521 5555
6523 5556
6524 5557
6526 5558
6527 5559
6528 5560
6529 5561
8066 5561
6530 5562
7656 5562
6532 5563
7222 5563
6533 5564
6534 5565
6535 5566
6536 5567
6537 5568
6538 5569
6539 5570
6540 5571
6541 5572
6542 5573
6543 5574
6544 5575
6546 5576
6547 5577
6548 5578
6994 5578
6552 5579
6554 5580
6555 5581
6556 5582
6557 5583
6558 5584
6560 5585
6562 5586
6563 5587
6565 5588
6566 5589
8840 5589
6567 5590
8839 5590
6568 5591
6570 5592
6732 5592
8430 5592
6571 5593
7169 5593
6574 5594
6576 5595
6578 5596
7054 5596
8758 5596
6579 5597
7147 5597
6582 5598
8572 5598
9599 5598
6583 5599
9064 5599
6587 5600
6589 5601
6590 5602
6592 5603
6593 5604
7171 5604
6596 5605
6597 5606
6599 5607
6603 5608
6605 5609
8858 5609
6606 5610
6611 5611
6612 5612
6613 5613
6614 5614
6618 5615
6620 5616
6621 5617
7188 5617
6622 5618
6624 5619
6625 5620
8074 5620
6630 5621
7769 5621
6631 5622
7303 5622
6632 5623
7651 5623
6633 5624
6635 5625
6636 5626
6638 5627
6640 5628
7142 5628
6641 5629
7072 5629
6642 5630
7129 5630
6643 5631
7149 5631
6644 5632
6645 5633
6646 5634
8078 5634
6648 5635
7165 5635
6649 5636
6652 5637
6653 5638
6658 5639
6660 5640
6663 5641
6665 5642
6670 5643
6673 5644
6674 5645
6675 5646
6677 5647
6679 5648
9236 5648
6680 5649
6681 5650
7225 5650
6682 5651
6684 5652
6685 5653
6896 5653
6686 5654
8838 5654
6689 5655
6691 5656
6692 5657
6693 5658
8581 5658
6694 5659
6695 5660
8689 5660
6696 5661
8691 5661
6697 5662
6698 5663
6699 5664
9122 5664
6700 5665
6701 5666
9374 5666
6703 5667
6704 5668
8544 5668
6705 5669
6706 5670
8845 5670
6707 5671
6708 5672
6709 5673
6710 5674
6711 5675
6713 5676
6714 5677
9086 5677
6715 5678
8710 5678
6716 5679
6717 5680
8535 5680
6718 5681
8716 5681
6719 5682
9135 5682
6720 5683
6721 5684
8852 5684
6722 5685
6723 5686
6724 5687
6726 5688
7438 5688
6727 5689
6728 5690
6729 5691
8836 5691
6730 5692
6731 5693
8520 5693
6733 5694
6734 5695
6735 5696
6736 5697
8844 5697
6737 5698
6738 5699
6740 5700
6741 5701
8855 5701
6743 5702
8891 5702
6746 5703
8529 5703
6749 5704
8546 5704
6750 5705
6751 5706
6753 5707
6755 5708
8787 5708
6757 5709
6758 5710
8775 5710
6761 5711
6762 5712
8534 5712
6763 5713
6764 5714
6766 5715
7492 5715
6767 5716
6768 5717
8559 5717
6771 5718
8527 5718
6772 5719
8792 5719
6773 5720
6774 5721
6776 5722
9081 5722
6777 5723
6778 5724
6779 5725
6780 5726
6781 5727
6782 5728
6783 5729
6784 5730
6785 5731
6787 5732
8810 5732
6788 5733
6789 5734
6790 5735
8818 5735
6791 5736
6792 5737
8541 5737
6794 5738
9325 5738
6795 5739
6796 5740
6798 5741
6804 5742
7686 5742
6806 5743
6807 5744
8172 5744
6808 5745
7390 5745
6810 5746
8841 5746
6812 5747
6817 5748
6818 5749
6821 5750
9327 5750
6825 5751
6829 5752
8842 5752
6831 5753
7366 5753
6832 5754
6833 5755
6834 5756
7784 5756
6838 5757
6927 5757
6839 5758
6841 5759
6843 5760
9330 5760
6844 5761
6846 5762
9318 5762
6847 5763
9335 5763
6849 5764
6852 5765
9324 5765
6857 5766
6861 5767
6863 5768
8835 5768
6866 5769
6867 5770
6868 5771
6869 5772
6870 5773
6871 5774
7654 5774
6872 5775
7336 5775
6873 5776
7776 5776
6874 5777
6875 5778
6876 5779
6877 5780
7679 5780
6879 5781
6880 5782
6881 5783
6882 5784
6885 5785
7496 5785
6886 5786
6888 5787
6889 5788
6890 5789
6891 5790
6892 5791
6926 5791
6893 5792
6897 5793
6900 5794
6903 5795
6906 5796
6907 5797
6908 5798
6909 5799
6911 5800
8187 5800
6912 5801
6913 5802
8847 5802
6915 5803
6916 5804
6920 5805
6921 5806
8850 5806
6923 5807
6924 5808
6925 5809
6932 5810
8943 5810
6935 5811
8864 5811
6940 5812
8872 5812
6941 5813
6943 5814
6945 5815
7891 5815
6946 5816
7743 5816
6947 5817
6949 5818
6950 5819
6952 5820
7931 5820
6953 5821
8166 5821
6954 5822
7440 5822
6955 5823
6956 5824
7759 5824
6957 5825
7215 5825
6959 5826
6960 5827
8283 5827
6963 5828
6964 5829
6967 5830
6968 5831
6970 5832
8334 5832
6973 5833
9368 5833
6975 5834
6978 5835
6984 5836
6991 5837
6995 5838
6998 5839
6999 5839
9170 5839
7001 5840
7002 5841
7005 5842
7009 5843
7020 5844
7730 5844
7022 5845
8184 5845
7023 5846
7024 5846
7025 5846
7026 5847
7027 5848
7029 5849
7037 5850
7038 5851
7530 5851
7039 5852
7040 5853
7041 5854
7042 5855
7043 5856
7044 5857
7047 5858
7057 5859
7061 5860
7064 5861
8721 5861
7074 5862
8168 5862
7076 5863
7748 5863
7078 5864
8177 5864
7079 5865
7085 5866
7755 5866
7086 5867
7088 5868
7089 5869
7090 5870
7091 5871
7092 5872
7093 5873
7423 5873
7094 5874
7095 5875
7096 5876
7097 5877
7098 5878
7099 5879
7145 5879
7100 5880
7101 5881
7102 5882
7103 5883
8155 5883
7104 5884
7105 5885
7106 5886
7107 5887
7108 5888
7109 5889
7110 5890
7111 5891
9513 5891
7112 5892
7114 5893
7115 5894
7116 5895
7117 5896
7118 5896
7119 5897
7120 5898
7121 5899
7122 5900
7123 5901
7124 5902
7125 5902
7126 5903
7128 5904
7133 5905
7136 5906
7144 5907
7148 5908
7150 5909
8493 5909
7151 5910
7153 5911
7155 5912
7161 5913
7163 5914
7164 5915
7167 5916
8077 5916
7170 5917
7778 5917
7173 5918
7174 5919
7175 5920
7177 5921
7180 5922
7183 5923
7186 5924
7189 5925
7190 5926
7194 5927
7195 5928
7197 5929
7198 5930
8175 5930
7199 5931
7785 5931
7202 5932
7203 5933
7766 5933
7204 5934
7205 5935
7208 5936
7536 5936
7211 5937
7792 5937
7213 5938
7214 5939
7216 5940
7219 5941
7447 5941
7220 5942
7224 5943
7226 5944
7227 5945
7231 5946
7687 5946
7232 5947
7233 5948
7234 5949
7235 5950
7236 5951
7237 5952
7238 5953
7239 5954
7240 5955
7241 5956
7244 5957
7245 5958
7246 5959
7247 5960
7248 5961
7249 5962
7250 5963
7251 5964
7252 5965
7253 5966
7836 5966
7254 5967
7255 5968
8907 5968
7256 5969
7258 5970
7673 5970
7259 5971
7263 5972
7264 5973
7266 5974
7267 5975
7268 5976
7269 5977
7273 5978
7274 5979
7317 5979
7333 5979
7437 5979
7793 5979
7276 5980
9635 5980
7277 5981
7279 5982
7280 5983
7281 5984
7282 5985
7283 5986
7285 5987
7286 5988
7287 5989
7765 5989
7288 5990
7289 5991
7291 5992
7292 5993
7293 5994
7294 5995
7469 5995
7296 5996
7297 5997
7299 5998
7302 5999
7304 6000
7305 6001
8182 6001
7307 6002
7309 6003
7310 6004
7312 6005
7314 6006
7321 6007
7413 6007
7323 6008
7324 6009
7325 6010
7326 6011
7327 6012
8180 6012
7328 6013
8503 6013
8702 6013
8733 6013
8813 6013
8819 6013
7331 6014
7573 6014
7337 6015
7338 6016
7339 6017
7341 6018
7344 6019
7345 6020
7346 6021
7771 6021
7347 6022
7349 6023
7353 6024
7354 6025
7356 6026
7357 6027
7359 6028
7360 6029
7362 6030
7363 6031
7365 6032
7368 6033
7370 6034
7371 6035
7373 6036
7374 6037
7375 6038
7376 6039
7377 6040
7379 6041
7380 6042
7381 6043
7382 6044
7383 6045
7385 6046
7387 6047
7388 6048
7391 6049
7772 6049
7392 6050
7393 6051
7394 6052
7395 6053
7396 6054
7398 6055
8321 6055
7405 6056
7406 6057
7407 6058
7408 6059
7410 6060
7411 6061
7414 6062
7420 6063
7422 6064
7424 6065
7425 6066
7427 6067
7428 6068
7431 6069
7462 6069
7432 6070
9266 6070
9543 6070
7433 6071
7434 6072
7435 6073
7436 6074
7439 6075
7441 6076
7442 6077
7443 6078
7444 6079
7446 6080
7448 6081
7450 6081
7451 6082
7452 6083
7453 6084
7455 6085
7456 6086
7457 6087
7458 6088
7459 6089
7460 6090
7461 6091
7463 6092
7464 6093
7466 6094
7467 6095
7470 6096
7472 6097
7473 6098
7474 6099
7477 6100
7480 6101
7481 6102
7483 6103
7485 6104
7487 6105
7491 6106
7493 6107
7685 6107
9542 6107
7495 6108
7499 6109
7500 6110
7503 6111
7504 6112
7505 6113
7506 6114
7508 6115
7509 6116
7510 6117
7512 6118
7513 6119
7514 6120
7517 6121
7520 6122
7521 6123
7524 6124
7799 6124
7810 6124
7527 6125
7528 6126
7529 6127
7533 6128
7534 6129
7535 6130
7540 6131
7542 6132
7544 6133
7545 6134
7546 6135
7549 6136
7555 6137
7557 6138
7558 6139
7559 6140
7560 6141
7561 6141
7565 6142
7570 6143
7571 6144
7574 6145
7893 6145
7575 6146
7577 6147
7581 6148
7585 6149
7587 6150
7589 6151
7597 6152
7599 6153
7609 6154
7610 6155
7611 6156
7616 6157
7619 6158
7622 6159
7623 6160
8224 6160
7630 6161
7631 6162
7632 6163
7643 6164
7646 6165
7647 6166
7648 6167
7649 6168
7653 6169
7655 6170
7657 6171
7658 6172
7659 6173
7660 6174
7661 6175
7662 6176
7663 6177
7664 6178
7665 6179
7666 6180
7797 6180
7667 6181
7669 6182
7671 6183
7677 6183
7674 6184
7675 6185
7678 6186
7680 6187
7681 6188
7682 6189
7683 6190
7684 6191
7688 6192
7689 6193
7690 6194
7691 6195
7692 6196
7693 6197
7694 6198
7695 6199
7707 6200
7711 6201
7719 6202
7720 6203
7726 6204
7732 6205
7736 6206
7744 6207
7749 6208
8170 6208
7750 6209
7751 6210
7752 6211
7753 6212
7760 6213
7761 6214
7762 6215
7764 6216
7770 6217
7774 6218
7775 6219
7777 6220
7779 6221
7780 6222
7781 6223
7782 6224
7783 6225
7787 6226
7788 6227
7789 6228
7791 6229
7794 6230
7796 6231
7798 6232
7800 6233
7801 6233
7802 6234
7803 6235
7804 6236
7805 6237
7806 6238
7807 6239
7808 6240
7809 6241
7811 6242
7812 6243
7813 6244
7814 6245
7815 6246
7816 6247
7817 6248
7818 6249
7819 6250
7820 6251
7821 6252
7822 6253
7823 6254
7824 6255
7825 6256
7826 6257
7827 6258
7828 6259
7830 6260
7831 6261
8796 6261
7832 6262
7833 6263
7834 6264
7835 6265
7837 6266
7838 6267
7839 6268
7840 6269
7841 6270
8773 6270
8790 6270
7842 6271
7843 6272
7844 6272
7845 6273
7846 6274
7847 6275
7848 6276
7849 6277
7850 6278
7852 6279
7853 6280
7854 6281
7860 6282
7861 6283
7864 6284
7865 6285
7867 6286
7868 6287
7875 6288
7876 6289
8179 6289
7878 6290
7881 6291
7882 6292
7884 6293
7885 6294
7886 6295
7887 6296
7888 6297
7889 6298
7895 6299
7899 6300
7900 6301
7901 6302
7902 6303
7903 6304
7904 6305
7905 6306
7906 6307
7907 6308
7910 6309
7912 6310
7913 6311
7914 6312
7915 6313
8167 6313
7916 6314
7917 6315
7919 6316
7920 6317
7921 6318
7925 6319
8178 6319
7929 6320
7933 6321
8174 6321
7938 6322
7939 6323
7944 6324
7945 6325
8129 6325
7948 6326
7950 6327
8133 6327
7952 6328
7959 6329
7960 6330
7961 6331
7962 6332
7968 6333
7973 6334
7974 6334
7976 6335
7977 6336
7978 6337
7979 6338
7981 6339
7983 6340
7985 6341
7987 6342
8000 6343
8001 6344
8003 6345
8004 6345
8006 6346
8007 6347
8008 6348
8142 6348
8009 6349
8010 6350
8012 6351
8013 6351
8015 6352
8024 6353
8026 6354
8027 6355
8028 6355
8032 6356
8034 6356
8033 6357
8036 6358
8037 6359
8251 6359
8038 6360
8039 6361
8040 6362
8041 6363
8047 6364
8048 6365
8049 6366
8050 6367
8052 6368
8053 6369
8054 6370
8055 6371
8056 6372
8057 6373
8058 6374
8059 6375
9226 6375
8060 6376
8061 6376
8062 6376
8063 6377
8064 6378
8065 6379
8067 6380
8068 6381
8069 6382
8070 6383
8072 6384
8073 6385
8075 6386
8076 6387
8080 6388
8085 6389
8086 6390
8087 6391
8088 6392
8089 6393
8091 6394
8093 6395
8096 6396
8097 6397
8098 6398
9271 6398
8099 6399
8100 6400
8101 6401
8103 6402
8104 6403
8105 6404
8106 6405
8107 6406
8108 6407
9190 6407
8109 6408
8111 6409
8113 6410
8114 6411
8115 6412
8116 6412
8118 6413
8769 6413
8120 6414
8124 6415
9165 6415
8125 6416
8127 6417
8130 6418
8131 6419
8134 6420
8136 6421
8137 6422
8141 6423
8143 6424
8144 6425
8147 6426
8149 6427
8950 6427
8153 6428
8156 6429
8157 6430
8159 6431
8160 6432
8165 6433
8183 6434
8185 6435
8189 6436
8190 6437
8191 6438
8192 6439
8193 6440
8194 6441
8195 6442
8196 6443
8197 6444
8198 6445
8199 6446
8203 6447
8206 6448
8207 6449
8211 6450
8213 6451
8214 6452
8220 6453
8221 6454
8222 6455
8225 6456
8227 6457
8228 6458
8229 6459
8230 6460
8231 6461
8346 6461
8232 6462
8233 6463
8235 6463
8234 6464
8236 6465
8237 6466
8238 6467
8239 6468
8240 6469
8241 6470
8242 6471
8243 6472
8244 6473
8245 6473
8246 6473
8247 6473
8248 6473
8249 6473
8250 6473
8252 6474
8253 6475
8255 6476
8256 6477
8257 6478
8258 6479
8350 6479
8259 6480
8353 6480
8260 6481
8261 6482
8265 6483
9518 6483
8266 6484
8267 6485
8268 6486
8269 6486
8270 6486
8273 6487
8275 6488
8276 6489
8277 6490
8278 6491
8279 6492
8280 6493
8281 6494
8282 6495
8284 6496
8285 6497
8286 6498
8287 6499
8288 6500
8289 6501
8330 6501
8290 6502
8291 6503
8292 6504
8293 6505
8294 6506
8295 6507
8296 6508
8297 6509
8299 6510
8300 6511
8301 6512
8302 6513
8303 6514
8304 6515
8305 6516
8306 6517
8307 6518
8308 6518
8309 6519
8310 6520
8311 6521
8313 6522
8314 6523
8315 6524
8316 6525
8317 6526
8318 6527
8972 6527
9019 6527
8319 6528
8320 6529
8322 6530
8323 6531
8324 6532
8325 6533
8326 6534
8327 6535
8328 6536
8438 6536
8329 6537
8331 6538
8332 6539
8333 6540
9262 6540
8335 6541
8336 6542
8337 6543
9097 6543
8339 6544
8340 6545
8341 6546
8342 6547
8343 6548
8344 6549
8345 6550
8347 6551
8348 6552
8349 6553
8351 6554
8352 6555
8354 6556
8355 6557
8356 6558
8358 6558
8357 6559
8359 6560
8360 6561
8361 6562
8362 6563
8363 6564
8365 6565
8367 6566
8369 6567
8371 6568
8372 6569
8373 6570
8374 6571
8375 6572
8376 6573
8377 6574
8378 6575
8379 6576
8380 6577
8381 6578
8382 6579
8383 6580
8384 6581
8385 6582
8386 6583
8387 6584
8388 6585
8390 6586
8391 6587
8569 6587
8392 6588
8393 6589
8394 6590
8395 6591
8396 6592
8397 6593
8398 6594
8399 6595
8402 6596
8403 6597
8405 6598
8406 6599
8407 6600
8409 6601
8410 6602
9521 6602
8411 6603
8412 6604
8413 6605
8414 6606
8415 6607
8416 6608
8417 6609
8418 6610
8419 6611
8420 6612
8421 6613
8422 6613
8423 6614
8424 6615
8495 6615
8426 6616
8427 6617
8428 6618
8429 6619
8431 6620
8432 6621
8436 6621
8433 6622
8434 6623
8435 6624
8437 6625
8439 6626
8448 6626
8440 6627
8441 6628
9247 6628
8442 6629
8443 6630
8444 6631
8445 6632
8446 6633
8447 6634
8449 6635
8450 6636
8451 6637
8452 6638
8453 6639
8455 6640
8456 6641
8457 6642
8459 6643
8460 6644
8461 6645
8462 6646
8464 6647
8465 6648
8466 6649
8468 6650
8469 6651
8470 6652
8471 6653
8472 6654
8473 6655
8474 6656
8476 6657
8477 6658
8478 6659
8480 6660
9088 6660
8481 6661
8482 6662
8483 6663
8484 6664
8485 6665
8486 6666
8487 6667
8488 6668
8489 6669
8490 6670
8491 6671
8492 6672
8496 6673
8497 6674
8498 6675
8499 6676
8673 6676
8500 6677
8501 6678
8502 6679
8504 6680
8505 6681
8506 6682
8507 6683
8508 6684
8509 6685
8513 6686
8514 6687
8516 6688
8518 6689
8519 6690
8521 6691
8786 6691
8522 6692
8523 6693
8524 6694
8803 6694
8525 6695
8530 6696
8531 6697
8738 6697
8536 6698
8537 6699
8538 6700
8543 6701
8545 6702
8550 6703
8551 6704
8552 6705
8553 6706
8555 6707
8556 6708
8557 6709
8560 6710
8561 6711
8562 6712
8563 6713
8564 6714
8565 6715
8566 6716
8567 6717
8568 6718
8699 6718
8570 6719
9244 6719
8571 6720
8573 6721
8574 6722
8575 6723
9114 6723
9123 6723
8576 6724
8577 6725
8578 6726
8580 6727
8582 6728
9068 6728
8583 6729
8585 6730
8586 6731
8587 6732
8588 6733
8589 6734
8590 6735
8591 6736
8627 6736
8592 6737
8593 6738
8594 6739
8595 6740
8596 6741
8597 6742
8598 6743
8599 6744
8600 6745
8601 6746
8602 6747
8603 6748
8604 6749
8605 6750
8606 6751
8607 6752
8608 6753
8609 6754
8610 6755
8611 6756
8612 6757
8613 6758
8614 6759
8615 6760
8616 6761
8617 6762
8618 6763
8619 6764
8620 6765
8621 6766
8622 6767
9413 6767
8623 6768
8624 6769
8625 6770
8626 6771
8628 6772
8629 6773
8630 6774
8631 6775
8632 6776
8633 6777
8634 6778
8635 6779
8636 6780
8637 6781
8638 6782
8639 6783
8640 6784
8641 6785
8642 6786
8643 6787
8644 6787
8645 6787
8646 6788
8647 6789
8648 6790
8649 6791
8650 6792
8651 6793
8666 6793
8652 6794
8653 6795
8654 6796
8655 6797
8656 6798
8657 6799
8658 6800
8659 6801
8660 6802
8661 6803
8662 6804
8663 6805
8664 6806
8665 6806
8667 6807
8668 6808
8669 6808
8670 6808
8671 6808
8672 6808
8674 6809
8675 6810
8676 6811
8677 6812
8678 6813
8679 6814
8680 6815
8681 6816
8682 6817
8683 6818
8684 6819
8685 6820
8686 6821
8687 6822
8688 6823
8690 6824
8692 6825
8693 6826
8694 6827
8695 6828
8696 6829
8697 6830
8698 6831
8700 6832
8707 6832
8715 6832
8804 6832
8701 6833
8703 6834
8704 6835
8705 6836
8706 6837
8708 6838
8711 6839
8712 6840
8713 6841
8714 6842
8717 6843
8718 6844
8719 6845
8722 6846
8723 6847
8724 6848
8725 6849
8727 6850
8728 6851
8730 6852
8731 6853
8732 6854
8734 6855
8806 6855
8736 6856
8737 6857
8739 6858
8741 6859
8744 6859
8742 6860
8743 6861
8788 6861
8745 6862
8747 6863
8750 6864
8752 6865
8753 6866
8754 6867
8755 6868
8757 6869
8759 6870
8761 6871
8762 6872
8763 6873
8764 6874
8766 6875
8767 6876
8768 6877
8770 6878
8771 6879
8772 6880
8774 6881
8776 6882
8778 6883
8779 6884
8781 6885
8782 6886
8783 6887
8784 6888
8785 6889
8789 6890
8791 6891
8793 6892
8794 6893
8795 6894
8797 6895
8798 6896
8799 6897
8800 6898
8802 6899
9176 6899
8805 6900
8807 6901
8808 6902
8809 6903
8812 6904
8814 6905
8815 6906
8816 6907
8817 6908
8820 6909
8821 6910
8822 6911
8824 6912
8825 6913
8826 6914
8827 6915
8828 6916
8829 6917
8830 6918
8831 6919
8832 6920
8833 6921
8834 6922
8837 6923
9270 6923
8843 6924
8846 6925
8856 6926
8857 6927
8859 6928
8863 6929
8870 6930
8875 6931
8876 6932
8877 6933
8878 6934
8881 6935
8882 6936
8883 6937
8884 6938
8885 6939
8886 6940
8887 6940
8957 6940
8888 6941
8890 6942
8892 6943
8893 6944
8894 6945
8895 6946
8896 6947
8897 6948
8898 6949
8899 6950
8900 6951
8901 6952
8902 6953
8903 6954
8904 6955
8905 6956
8906 6957
8908 6958
9051 6958
9052 6958
8909 6959
8910 6960
8911 6961
8912 6962
8913 6963
8914 6964
8915 6965
8918 6966
8919 6967
8921 6968
8922 6969
8923 6970
8924 6971
8925 6972
8926 6973
8927 6974
8928 6975
8931 6976
8932 6977
8933 6978
8934 6979
8935 6980
8936 6981
8939 6982
8942 6983
8944 6984
8945 6985
8948 6986
8949 6987
8951 6988
8952 6989
8953 6990
8954 6991
8955 6992
8956 6993
8958 6994
8959 6995
8960 6996
8961 6997
8962 6998
8963 6999
8964 7000
8965 7001
8966 7002
8967 7003
8968 7004
8969 7005
8970 7006
8971 7007
8973 7008
8974 7009
9031 7009
8975 7010
8976 7011
8977 7012
8978 7013
8979 7014
8980 7015
8981 7016
8982 7017
8983 7018
8984 7019
8985 7020
9229 7020
8986 7021
8987 7022
8988 7023
8989 7024
8990 7025
8991 7026
8992 7027
8993 7028
8994 7029
8995 7030
8996 7031
8997 7032
8998 7033
8999 7034
9000 7035
9001 7036
9002 7037
9003 7038
9004 7039
9005 7040
9006 7041
9007 7042
9008 7043
9009 7044
9010 7045
9011 7046
9012 7047
9013 7048
9014 7049
9015 7049
9016 7050
9017 7051
9018 7052
9020 7053
9021 7054
9022 7055
9023 7056
9024 7057
9025 7058
9026 7059
9027 7060
9028 7061
9029 7062
9030 7063
9032 7064
9033 7065
9034 7065
9035 7066
9036 7067
9037 7068
9038 7069
9039 7070
9040 7071
9041 7072
9042 7073
9043 7074
9044 7075
9045 7076
9046 7077
9047 7078
9048 7079
9049 7080
9050 7081
9053 7082
9054 7083
9055 7084
9056 7085
9057 7086
9058 7087
9059 7088
9060 7089
9061 7090
9062 7091
9063 7092
9065 7093
9066 7094
9069 7095
9070 7096
9071 7097
9072 7098
9073 7099
9074 7100
9076 7101
9080 7102
9083 7103
9089 7104
9090 7105
9092 7106
9093 7107
9094 7108
9096 7109
9098 7110
9099 7111
9100 7112
9101 7113
9102 7114
9103 7115
9104 7116
9105 7117
9106 7118
9107 7119
9108 7120
9109 7121
9110 7122
9111 7123
9112 7124
9113 7125
9115 7126
9116 7127
9148 7127
9117 7128
9118 7129
9119 7130
9120 7131
9121 7132
9124 7133
9125 7134
9127 7135
9128 7136
9129 7137
9130 7138
9131 7139
9132 7140
9134 7141
9136 7142
9139 7143
9154 7143
9140 7144
9141 7145
9142 7146
9145 7147
9147 7148
9149 7149
9227 7149
9150 7150
9152 7151
9332 7151
9153 7152
9156 7153
9158 7154
9159 7155
9163 7156
9164 7157
9251 7157
9167 7158
9168 7159
9178 7159
9169 7160
9171 7161
9172 7162
9174 7163
9177 7164
9179 7165
9183 7166
9187 7167
9192 7168
9193 7169
9255 7169
9194 7170
9195 7171
9196 7172
9198 7173
9199 7174
9200 7175
9201 7176
9202 7177
9203 7178
9204 7179
9205 7180
9207 7181
9208 7182
9210 7183
9211 7184
9212 7185
9213 7186
9215 7187
9216 7188
9217 7189
9218 7190
9219 7191
9220 7192
9221 7193
9223 7194
9224 7195
9225 7196
9228 7197
9230 7198
9231 7199
9232 7200
9233 7201
9234 7202
9235 7203
9237 7204
9238 7205
9240 7206
9241 7207
9242 7208
9243 7209
9245 7210
9246 7211
9248 7212
9249 7213
9250 7214
9253 7215
9254 7216
9256 7217
9257 7218
9258 7219
9259 7220
9260 7221
9261 7222
9263 7223
9264 7224
9265 7225
9272 7226
9274 7227
9277 7228
9279 7229
9282 7230
9284 7231
9289 7232
9290 7233
9291 7234
9298 7235
9299 7236
9300 7237
9301 7238
9302 7239
9303 7240
9304 7241
9305 7242
9306 7243
9307 7244
9308 7245
9310 7246
9314 7247
9320 7248
9322 7249
9326 7250
9331 7251
9333 7252
9334 7253
9337 7254
9339 7255
9340 7256
9341 7257
9342 7258
9343 7259
9344 7260
9345 7261
9346 7262
9348 7263
9349 7264
9351 7265
9352 7266
9353 7267
9354 7268
9355 7269
9356 7270
9357 7271
9359 7272
9360 7273
9361 7274
9362 7275
9363 7276
9365 7277
9366 7278
9367 7279
9369 7280
9371 7281
9373 7282
9375 7283
9376 7284
9377 7285
9378 7286
9381 7287
9382 7287
9389 7287
9383 7288
9384 7289
9387 7290
9388 7291
9390 7292
9391 7293
9393 7294
9394 7295
9395 7296
9396 7297
9397 7298
9398 7299
9399 7300
9400 7301
9401 7302
9402 7303
9403 7304
9404 7305
9405 7306
9406 7307
9407 7308
9408 7309
9409 7310
9410 7311
9411 7312
9412 7313
9414 7314
9415 7315
9416 7316
9417 7317
9418 7318
9419 7319
9420 7320
9421 7321
9422 7322
9423 7323
9424 7324
9425 7325
9426 7326
9427 7327
9428 7328
9429 7329
9430 7330
9431 7331
9432 7332
9433 7333
9434 7334
9435 7335
9438 7336
9439 7337
9440 7338
9441 7339
9442 7340
9443 7341
9445 7342
9446 7343
9447 7344
9448 7345
9449 7346
9450 7347
9451 7348
9452 7349
9453 7350
9454 7350
9455 7350
9456 7350
9457 7351
9458 7352
9459 7353
9460 7354
9461 7355
9462 7356
9463 7357
9464 7358
9465 7359
9466 7360
9467 7361
9468 7362
9469 7363
9470 7364
9471 7365
9472 7366
9473 7367
9474 7368
9478 7368
9475 7369
9476 7370
9477 7371
9479 7372
9480 7373
9482 7374
9483 7375
9484 7376
9485 7377
9489 7377
9490 7377
9486 7378
9487 7379
9495 7379
9497 7379
9498 7379
9488 7380
9491 7381
9492 7382
9493 7383
9494 7384
9496 7385
9500 7386
9501 7387
9502 7388
9504 7389
9624 7389
9505 7390
9509 7391
9510 7392
9511 7393
9512 7394
9514 7395
9515 7396
9516 7397
9517 7398
9522 7399
9523 7400
9524 7401
9525 7402
9527 7403
9528 7404
9529 7405
9530 7406
9531 7407
9532 7407
9534 7407
9535 7407
9536 7407
9537 7407
9539 7408
9544 7409
9545 7410
9547 7411
9548 7412
9549 7413
9570 7413
9550 7414
9551 7415
9552 7416
9554 7417
9555 7418
9556 7419
9558 7420
9561 7421
9562 7422
9563 7423
9564 7424
9565 7425
9566 7426
9567 7427
9568 7428
9575 7428
9579 7428
9611 7428
9631 7428
9643 7428
9668 7428
9676 7428
9569 7429
9571 7430
9572 7431
9573 7432
9574 7433
9576 7434
9577 7435
9578 7436
9581 7437
9582 7438
9743 7438
9583 7439
9584 7440
9585 7441
9586 7442
9587 7443
9588 7444
9589 7445
9590 7446
9591 7447
9592 7448
9593 7449
9594 7450
9595 7451
9596 7452
9597 7453
9598 7454
9600 7455
9601 7456
9602 7457
9603 7458
9604 7459
9605 7460
9606 7461
9607 7461
9608 7462
9609 7463
9610 7464
9612 7465
9613 7466
9614 7467
9615 7468
9616 7469
9617 7470
9618 7471
9619 7472
9620 7473
9621 7474
9622 7475
9623 7476
9625 7477
9626 7478
9627 7479
9628 7480
9629 7481
9630 7482
9634 7483
9636 7484
9637 7485
9639 7486
9640 7487
9641 7488
9642 7489
9644 7490
9645 7491
9646 7491
9647 7492
9648 7492
9649 7493
9650 7494
9651 7495
9652 7496
9653 7497
9654 7498
9655 7499
9656 7500
9657 7501
9658 7502
9659 7503
9660 7504
9661 7505
9662 7506
9663 7507
9664 7508
9665 7509
9666 7510
9667 7511
9669 7512
9670 7513
9671 7514
9673 7514
9672 7515
9674 7516
9675 7517
9677 7518
9678 7519
9679 7520
9680 7521
9681 7522
9682 7523
9683 7524
9684 7525
9685 7526
9686 7527
9687 7528
9688 7529
9689 7530
9690 7531
9691 7532
9692 7533
9693 7534
9694 7535
9695 7536
9696 7537
9697 7538
9698 7539
9699 7540
9700 7541
9701 7542
9702 7543
9703 7544
9704 7545
9705 7546
9706 7547
9707 7548
9708 7549
9709 7550
9710 7551
9711 7552
9712 7553
9713 7554
9750 7554
9762 7554
9851 7554
9877 7554
9714 7555
9715 7556
9716 7557
9717 7558
9718 7559
9719 7560
9720 7561
9721 7562
9722 7563
9723 7564
9724 7565
9725 7566
9726 7567
9727 7568
9728 7569
9729 7570
9730 7571
9731 7572
9732 7573
9733 7574
9734 7575
9735 7576
9736 7577
9737 7578
9738 7579
9739 7580
9740 7581
9741 7582
9742 7583
9744 7584
9745 7585
9746 7586
9748 7587
9749 7588
9751 7589
9752 7590
9753 7591
9754 7592
9755 7593
9756 7594
9757 7595
9758 7596
9759 7597
9760 7598
9761 7599
9763 7600
9764 7601
9765 7602
9766 7603
9767 7604
9768 7605
9769 7606
9770 7607
9771 7608
9772 7609
9773 7610
9774 7611
9775 7612
9776 7613
9777 7614
9778 7615
9779 7616
9780 7617
9781 7618
9782 7619
9783 7620
9784 7621
9785 7622
9786 7623
9787 7624
9788 7625
9789 7626
9790 7627
9791 7628
9792 7629
9793 7630
9794 7631
9795 7632
9796 7633
9797 7634
9798 7635
9799 7636
9800 7637
9801 7638
9802 7639
9803 7640
9804 7641
9805 7642
9806 7643
9807 7644
9808 7645
9809 7646
9810 7647
9811 7648
9812 7649
9813 7650
9814 7651
9815 7652
9816 7653
9817 7654
9818 7655
9819 7656
9820 7657
9821 7658
9822 7659
9823 7660
9824 7661
9825 7662
9826 7663
9827 7664
9828 7665
9829 7666
9830 7667
9831 7668
9832 7669
9833 7670
9834 7671
9835 7672
9836 7673
9837 7674
9838 7675
9840 7676
9841 7677
9843 7678
9844 7679
9845 7680
9846 7681
9847 7682
9848 7683
9849 7684
9850 7685
9852 7686
9853 7687
9854 7688
9855 7689
9857 7690
9858 7691
9859 7692
9860 7693
9861 7694
9862 7695
9863 7696
9864 7697
9865 7698
9866 7699
9867 7700
9868 7701
9869 7702
9870 7703
9871 7704
9872 7705
9873 7706
9874 7707
9875 7708
9876 7709
9878 7710
9879 7711
9880 7712
9881 7713
9882 7714
9883 7715
9884 7716
9885 7717
9886 7718
9887 7719
9888 7720
9889 7721
9890 7722
9891 7723
9892 7724
9893 7725
9894 7726
9895 7727
9896 7728
9897 7729
9898 7730
9899 7731
9900 7732
9901 7733
9902 7734
9903 7735
9904 7736
9905 7737
9906 7738
9907 7739
9908 7740
9909 7741
9910 7742
9911 7743
9912 7744
9913 7745
9914 7746
9915 7747
9916 7748
9917 7749
9918 7750
9919 7751
9920 7752
9921 7753
9922 7754
9923 7755
9924 7756
9925 7757
9926 7758
9927 7759
9928 7760
9929 7761
9930 7762
9931 7763
9932 7764
9933 7765
9934 7766
9935 7767
9936 7768
9937 7769
9938 7770
9939 7771
9940 7772
9941 7773
9942 7774
9943 7775
9944 7776
9945 7777
9946 7778
9947 7779
9948 7780
9949 7781
9950 7782
9951 7783
9952 7784
9953 7785
9954 7786
9955 7787
9956 7788
9957 7789
9958 7790
9959 7791
9960 7792
9961 7793
9962 7794
9963 7795
9964 7796
9965 7797
9966 7798
9967 7799
9968 7800
9969 7801
9970 7802
9971 7803
9972 7804
9973 7805
9974 7806
9975 7807
9976 7808
9977 7809
9978 7810
9979 7811
9980 7812
9981 7813
9982 7814
9983 7815
9984 7816
9985 7817
9986 7818
9988 7819
9990 7820
9992 7821
9993 7822
9995 7823
9996 7824
