0 0
1 1
460 1
2 2
5 2
8 2
3 3
4 3
6 3
7 3
9 4
10 5
11 6
12 7
13 7
14 7
15 7
16 8
17 9
18 10
19 11
20 12
21 13
22 14
23 15
24 16
25 16
26 16
27 17
28 18
29 19
30 20
31 21
32 22
33 23
3500 23
34 24
35 25
36 26
37 27
38 28
39 29
752 29
5164 29
7275 29
40 30
904 30
41 31
42 32
936 32
43 33
44 34
45 35
46 36
47 37
48 38
49 39
50 40
51 41
52 42
681 42
53 43
54 44
55 45
56 46
4106 46
57 47
188 47
58 48
59 49
60 50
61 51
62 52
63 53
64 54
1185 54
65 55
66 56
2248 56
67 57
68 58
69 59
70 60
71 61
1613 61
72 62
73 63
655 63
801 63
74 64
802 64
75 65
3837 65
76 66
77 67
78 68
1528 68
4447 68
4951 68
79 69
80 70
81 71
82 72
83 73
3858 73
84 74
85 75
86 76
87 77
798 77
88 78
89 79
90 80
91 81
92 82
93 83
94 84
95 85
96 86
97 87
764 87
98 88
5491 88
7672 88
99 89
100 90
675 90
772 90
101 91
102 92
103 93
104 94
105 95
106 96
107 97
108 98
109 99
110 100
111 101
7538 101
112 102
113 103
114 104
115 105
116 106
117 107
127 107
118 108
119 109
120 110
121 111
122 112
123 113
124 114
3789 114
4733 114
125 115
126 116
128 117
129 118
130 119
692 119
131 120
132 121
133 122
134 123
135 124
136 125
137 126
138 127
139 128
140 129
141 130
142 131
9839 131
143 132
144 133
145 134
146 135
147 136
148 137
149 138
1215 138
150 139
151 140
152 141
153 142
154 143
155 144
156 145
157 146
158 147
159 148
160 149
161 150
162 151
163 152
164 153
165 154
166 155
167 156
168 157
169 158
170 159
171 160
172 161
173 162
174 163
175 164
176 165
177 166
178 167
179 168
180 169
181 170
182 171
925 171
183 172
184 173
185 174
186 175
187 176
189 177
190 178
191 179
192 180
294 180
193 181
194 182
195 183
196 184
4466 184
4875 184
7537 184
9444 184
197 185
198 186
7257 186
199 187
200 188
4769 188
201 189
202 190
203 191
271 191
863 191
204 192
205 193
206 194
207 195
208 196
209 197
210 198
211 199
212 200
213 201
214 202
215 203
216 204
217 205
9091 205
218 206
219 207
220 208
221 209
222 210
223 211
446 211
224 212
225 213
226 214
227 215
4768 215
228 216
229 217
4565 217
8226 217
230 218
231 219
232 220
233 221
234 222
235 223
236 224
237 225
789 225
238 226
239 227
240 228
241 229
242 230
243 231
244 232
245 233
246 234
247 235
248 236
249 237
250 238
251 239
252 240
253 241
254 242
255 243
256 244
257 245
258 246
259 247
915 247
260 248
4370 248
261 249
262 250
263 251
264 252
265 253
3805 253
266 254
267 255
330 255
670 255
268 256
269 257
270 258
272 259
273 260
336 260
805 260
274 261
3826 261
5146 261
275 262
3430 262
276 263
277 264
278 265
279 266
280 267
281 268
282 269
283 270
284 271
285 272
286 273
287 274
2933 274
288 275
289 276
290 277
291 278
292 279
293 280
7315 280
295 281
296 282
297 283
298 284
299 285
300 286
301 287
302 288
303 289
304 290
305 291
306 292
307 293
308 294
309 295
310 296
311 297
312 298
313 299
4754 299
8011 299
314 300
315 301
316 302
317 303
592 303
4609 303
4610 303
318 304
319 305
320 306
321 307
322 308
323 309
7207 309
324 310
325 311
326 312
327 313
328 314
329 315
331 316
332 317
333 318
334 319
5241 319
7993 319
335 320
850 320
867 320
337 321
338 322
339 323
4459 323
6745 323
340 324
341 325
342 326
343 327
6683 327
344 328
345 329
346 330
347 331
348 332
349 333
350 334
351 335
3110 335
352 336
353 337
354 338
355 339
356 340
357 341
358 342
359 343
360 344
361 345
362 346
363 347
364 348
365 349
366 350
367 351
368 352
369 353
370 354
371 355
372 356
373 357
550 357
374 358
375 359
376 360
377 361
378 362
458 362
379 363
380 364
381 365
382 366
383 367
384 368
7270 368
385 369
386 370
387 371
388 372
389 373
390 374
391 375
459 375
462 375
540 375
548 375
842 375
392 376
393 377
3155 377
394 378
395 379
396 380
397 381
398 382
399 383
400 384
535 384
3419 384
3420 384
5923 384
401 385
402 386
403 387
404 388
5090 388
405 389
406 390
407 391
408 392
409 393
410 394
411 395
412 396
413 397
414 398
415 399
416 400
7934 400
417 401
418 402
419 403
420 404
421 405
422 406
423 407
424 408
425 409
426 410
427 411
428 412
429 413
430 414
431 415
432 416
2166 416
433 417
434 418
750 418
435 419
436 420
437 421
438 422
439 423
440 424
441 425
442 426
443 427
444 428
445 429
447 430
448 431
449 432
450 433
451 434
452 435
453 436
454 437
3946 437
455 438
456 439
457 440
461 441
785 441
463 442
464 443
465 444
466 445
467 446
468 447
469 448
470 449
471 450
472 451
473 452
824 452
474 453
475 454
590 454
476 455
477 456
756 456
478 457
3865 457
479 458
480 459
481 460
482 461
483 462
484 463
485 464
486 465
3170 465
487 466
488 467
2935 467
489 468
490 469
491 470
492 471
493 472
494 473
495 474
496 475
497 476
498 477
499 478
500 479
2725 479
501 480
502 481
503 482
504 483
505 484
506 485
507 486
508 487
509 488
510 489
511 490
512 491
513 492
514 493
515 494
516 495
517 496
518 497
519 498
520 499
521 500
522 501
523 502
524 503
525 504
526 505
527 506
528 507
529 508
530 509
531 510
532 511
533 512
534 513
536 514
537 515
538 516
539 517
541 518
542 519
543 520
3445 520
5612 520
544 521
545 522
546 523
547 524
549 525
551 526
552 527
2163 527
3899 527
553 528
554 529
3857 529
555 530
556 531
557 532
558 533
559 534
2939 534
560 535
5150 535
561 536
562 537
563 538
564 539
565 540
566 541
567 542
568 543
569 544
570 545
571 546
572 547
573 548
574 549
575 550
576 551
577 552
578 553
579 554
580 555
581 556
582 557
9137 557
583 558
584 559
585 560
586 561
587 562
588 563
589 564
591 565
4893 565
593 566
594 567
595 568
596 569
716 569
758 569
873 569
597 570
598 571
599 572
826 572
600 573
601 574
3807 574
602 575
603 576
604 577
605 578
606 579
4766 579
607 580
608 581
609 582
610 583
611 584
612 585
613 586
614 587
615 588
616 589
617 590
618 591
619 592
620 593
621 594
622 595
623 596
624 597
625 598
626 599
627 600
628 601
629 602
2895 602
630 603
631 604
632 605
633 606
634 607
635 608
636 609
637 610
4844 610
638 611
639 612
640 613
641 614
642 615
643 616
644 617
645 618
646 619
647 620
648 621
3112 621
649 622
650 623
651 624
652 625
653 626
654 627
4740 627
656 628
657 629
658 630
659 631
660 632
661 633
662 634
663 635
664 636
665 637
666 638
3780 638
667 639
668 640
669 641
671 642
672 643
673 644
674 645
676 646
677 647
678 648
679 649
680 650
682 651
683 652
684 653
685 654
686 655
687 656
688 657
852 657
689 658
690 659
691 660
693 661
694 662
9252 662
695 663
696 664
697 665
698 666
699 667
700 668
701 669
702 670
703 671
704 672
705 673
706 674
707 675
708 676
709 677
710 678
711 679
712 680
713 681
714 682
3852 682
715 683
717 684
718 685
2934 685
719 686
720 687
721 688
722 689
723 690
724 691
725 692
726 693
727 694
728 695
729 696
730 697
3835 697
731 698
732 699
733 700
734 701
735 702
3823 702
736 703
737 704
738 705
739 706
740 707
741 708
742 709
743 710
744 711
745 712
746 713
747 714
748 715
749 716
751 717
4586 717
753 718
754 719
755 720
757 721
759 722
760 723
761 724
762 725
763 726
765 727
3169 727
4767 727
766 728
767 729
768 730
769 731
770 732
771 733
773 734
774 735
775 736
776 737
777 738
778 739
779 740
780 741
781 742
782 743
783 744
784 745
786 746
787 747
788 748
790 749
791 750
792 751
3874 751
793 752
794 753
795 754
796 755
797 756
799 757
800 758
803 759
804 760
806 761
807 762
808 763
809 764
810 765
7308 765
811 766
812 767
813 768
814 769
815 770
816 771
822 771
817 772
818 773
819 774
820 775
821 776
823 777
825 778
827 779
828 780
829 781
830 782
831 783
832 784
833 785
834 786
835 787
836 788
837 789
838 790
839 791
840 792
841 793
843 794
844 795
845 796
846 797
847 798
848 799
849 800
851 801
853 802
854 803
855 804
856 805
857 806
858 807
888 807
859 808
860 809
861 810
5035 810
5228 810
862 811
864 812
865 813
866 814
868 815
869 816
4760 816
870 817
871 818
872 819
874 820
875 821
876 822
877 823
878 824
879 825
880 826
881 827
882 828
883 829
884 830
885 831
886 832
887 833
1244 833
889 834
890 835
891 836
892 837
893 838
894 839
895 840
896 841
897 842
898 843
899 844
900 845
901 846
902 847
903 848
905 849
906 850
907 851
908 852
909 853
910 854
911 855
912 856
913 857
914 858
3167 858
916 859
917 860
918 861
919 862
920 863
921 864
922 865
923 866
924 867
926 868
927 869
5623 869
7210 869
928 870
929 871
930 872
931 873
932 874
933 875
934 876
935 877
937 878
938 879
939 880
940 881
1492 881
941 882
942 883
943 884
944 885
5512 885
945 886
946 887
947 888
948 889
949 890
950 891
951 892
952 893
953 894
7963 894
7964 894
8081 894
8082 894
954 895
5700 895
955 896
1386 896
1562 896
2842 896
956 897
957 898
958 899
959 900
960 901
961 902
962 903
2059 903
963 904
964 905
965 906
966 907
967 908
968 909
1813 909
969 910
970 911
971 912
972 913
973 914
974 915
975 916
976 917
5531 917
977 918
978 919
979 920
980 921
3760 921
981 922
982 923
983 924
984 925
6507 925
8152 925
985 926
986 927
8777 927
987 928
988 929
989 930
990 931
991 932
992 933
4759 933
993 934
994 935
995 936
996 937
997 938
998 939
999 940
1000 941
1001 942
9434 942
1002 943
1003 944
1311 944
1004 945
1005 946
1006 947
1007 948
1008 949
1009 950
1010 951
1011 952
1012 953
1013 954
1014 955
1929 955
1015 956
1016 957
3934 957
1017 958
1018 959
1019 960
1020 961
5567 961
6561 961
1021 962
1022 963
1023 964
1024 965
1025 966
1026 967
1027 968
1028 969
1029 970
1030 971
1031 972
1032 973
3779 973
1033 974
1034 975
1035 976
1036 977
1037 978
2365 978
1038 979
1039 980
1040 981
1041 982
1042 983
1043 984
1044 985
8709 985
1045 986
7386 986
1046 987
1047 988
1048 989
1049 990
1050 991
1051 992
1052 993
1053 994
2325 994
1054 995
5492 995
1055 996
1056 997
1057 998
1058 999
1059 1000
1060 1001
1061 1002
1062 1003
2763 1003
1063 1004
1064 1005
1065 1006
2424 1006
2435 1006
1066 1007
7465 1007
1067 1008
1068 1009
1069 1010
1070 1011
1071 1012
1072 1013
4820 1013
1073 1014
3042 1014
1074 1015
1883 1015
1075 1016
5856 1016
1076 1017
1729 1017
1077 1018
1078 1019
1079 1020
1080 1021
1081 1022
1082 1023
1083 1024
1084 1025
1085 1026
1086 1027
1087 1028
1088 1029
1089 1030
1090 1031
1091 1032
1092 1033
1093 1034
8552 1034
1094 1035
1095 1036
1096 1037
1097 1038
1098 1039
1099 1040
1100 1041
1101 1042
1102 1043
1103 1044
1104 1045
1105 1046
1106 1047
1107 1048
1108 1049
2693 1049
1109 1050
1110 1051
1111 1052
1112 1053
1113 1054
1114 1055
1115 1056
1116 1057
1117 1058
1118 1059
1119 1060
1120 1061
1121 1062
1122 1063
1529 1063
1123 1064
2041 1064
1124 1065
1125 1066
2470 1066
1126 1067
1127 1068
1128 1069
1129 1070
5961 1070
1130 1071
1131 1072
1132 1073
1320 1073
1133 1074
1134 1075
1135 1076
8848 1076
1136 1077
2976 1077
1137 1078
1138 1079
2658 1079
1139 1080
1140 1081
2080 1081
1141 1082
1142 1083
1143 1084
1144 1085
1145 1086
1472 1086
2459 1086
1146 1087
1147 1088
1148 1089
1587 1089
2529 1089
5773 1089
1149 1090
1150 1091
1151 1092
1152 1093
1153 1094
1154 1095
1155 1096
1156 1097
1913 1097
2208 1097
2755 1097
1157 1098
1158 1099
1159 1100
1160 1101
1903 1101
2386 1101
2648 1101
1161 1102
1162 1103
1841 1103
1163 1104
2502 1104
1164 1105
5973 1105
6895 1105
7858 1105
1165 1106
1166 1107
1167 1108
1168 1109
1435 1109
5537 1109
1169 1110
1170 1111
1171 1112
1172 1113
1173 1114
1174 1115
1914 1115
1175 1116
2347 1116
1176 1117
1177 1118
1178 1119
1179 1120
1180 1121
1181 1122
1182 1123
1183 1124
1184 1125
1186 1126
1187 1127
1188 1128
1189 1129
1190 1130
1191 1131
8533 1131
1192 1132
1193 1133
1194 1134
2073 1134
1195 1135
6364 1135
1196 1136
1197 1137
1198 1138
1199 1139
1200 1140
1201 1141
1454 1141
1202 1142
1203 1143
1204 1144
1205 1145
1206 1146
1207 1147
1208 1148
1209 1149
1210 1150
1211 1151
1212 1152
1213 1153
1214 1154
1216 1155
1217 1156
1218 1157
1219 1158
1220 1159
2433 1159
1221 1160
1222 1161
1223 1162
1224 1163
1225 1164
1226 1165
1227 1166
2060 1166
2374 1166
1228 1167
1229 1168
1230 1169
1231 1170
2114 1170
1232 1171
1233 1172
1420 1172
1234 1173
1235 1174
2087 1174
1236 1175
5526 1175
1237 1176
1238 1177
1239 1178
5543 1178
1240 1179
1241 1180
1242 1181
1243 1182
1245 1183
1246 1184
1247 1185
1248 1186
1249 1187
1250 1188
2381 1188
1251 1189
1252 1190
2782 1190
1253 1191
1254 1192
4757 1192
9499 1192
1255 1193
5536 1193
1256 1194
1257 1195
1258 1196
1259 1197
1260 1198
1261 1199
1262 1200
1373 1200
1263 1201
1264 1202
1265 1203
1266 1204
1267 1205
1268 1206
1269 1207
1270 1208
1271 1209
1272 1210
1273 1211
1274 1212
1275 1213
2025 1213
2557 1213
1276 1214
5493 1214
1277 1215
1278 1216
1279 1217
2203 1217
1280 1218
1281 1219
1282 1220
1283 1221
1284 1222
1285 1223
2202 1223
1286 1224
5530 1224
1287 1225
1288 1226
1289 1227
1290 1228
1291 1229
1292 1230
1293 1231
1294 1232
1295 1233
1790 1233
1296 1234
1297 1235
1298 1236
1299 1237
1300 1238
1301 1239
1302 1240
1303 1241
1304 1242
1305 1243
1306 1244
1307 1245
1308 1246
1309 1247
1310 1248
1312 1249
1313 1250
1314 1251
1315 1252
1316 1253
1317 1254
1318 1255
1319 1256
1321 1257
1322 1258
1323 1259
1324 1260
1325 1261
1326 1262
1327 1263
1328 1264
1329 1265
1330 1266
1331 1267
1332 1268
1333 1269
1334 1270
1335 1271
1336 1272
6076 1272
1337 1273
1338 1274
5830 1274
1339 1275
1340 1276
1341 1277
2478 1277
3044 1277
1342 1278
1343 1279
5254 1279
1344 1280
1345 1281
1346 1282
1347 1283
2214 1283
1348 1284
1667 1284
5824 1284
1349 1285
1350 1286
1351 1287
1352 1288
1353 1289
1354 1290
1355 1291
1715 1291
1356 1292
1357 1293
1358 1294
1359 1295
2142 1295
2647 1295
1360 1296
3777 1296
1361 1297
1362 1298
1363 1299
1364 1300
1365 1301
1366 1302
1367 1303
1368 1304
1369 1305
1370 1306
1371 1307
2189 1307
2818 1307
1372 1308
1374 1309
1540 1309
1375 1310
1376 1311
1377 1312
1378 1313
1379 1314
1380 1315
1381 1316
2429 1316
1382 1317
1383 1318
1695 1318
1384 1319
1385 1320
1387 1321
1388 1322
2493 1322
2575 1322
1389 1323
1390 1324
2678 1324
1391 1325
1392 1326
6775 1326
1393 1327
1394 1328
1395 1329
1396 1330
1397 1331
1398 1332
1399 1333
2542 1333
1400 1334
1401 1335
1402 1336
5538 1336
1403 1337
1404 1338
1405 1339
1943 1339
1406 1340
1407 1341
1408 1342
2199 1342
2612 1342
1409 1343
1410 1344
1411 1345
1412 1346
2233 1346
1413 1347
1414 1348
1415 1349
1416 1350
1417 1351
1882 1351
2437 1351
1418 1352
4762 1352
1419 1353
1421 1354
1422 1355
1423 1356
1424 1357
1425 1358
1426 1359
1427 1360
1500 1360
5545 1360
5851 1360
1428 1361
1429 1362
1430 1363
1431 1364
3801 1364
7966 1364
1432 1365
5849 1365
1433 1366
1434 1367
1436 1368
1437 1369
2292 1369
1438 1370
1439 1371
1440 1372
1441 1373
4302 1373
8200 1373
1442 1374
1443 1375
1444 1376
1445 1377
4343 1377
1446 1378
1447 1379
1448 1380
2289 1380
1449 1381
1450 1382
1451 1383
1452 1384
1453 1385
5995 1385
1455 1386
7633 1386
1456 1387
1523 1387
2445 1387
5719 1387
1457 1388
1458 1389
1459 1390
1460 1391
1461 1392
1462 1393
4852 1393
1463 1394
1464 1395
2343 1395
5544 1395
5720 1395
1465 1396
1466 1397
1467 1398
1468 1399
1469 1400
1470 1401
1471 1402
7756 1402
1473 1403
1474 1404
1475 1405
1476 1406
1477 1407
1478 1408
1479 1409
1480 1410
1481 1411
1482 1412
1483 1413
1484 1414
1485 1415
4942 1415
5958 1415
1486 1416
1487 1417
1488 1418
1489 1419
1490 1420
1491 1421
1493 1422
1494 1423
1495 1424
6238 1424
7351 1424
1496 1425
1497 1426
1498 1427
6236 1427
7507 1427
1499 1428
1501 1429
1502 1430
1783 1430
3887 1430
9638 1430
1503 1431
1766 1431
3626 1431
1504 1432
1505 1433
1506 1434
1507 1435
1508 1436
1509 1437
1510 1438
1511 1439
1512 1440
4997 1440
1513 1441
1514 1442
1515 1443
1516 1444
1517 1445
4758 1445
1518 1446
3699 1446
1519 1447
1520 1448
1521 1449
1522 1450
2724 1450
1524 1451
1525 1452
1526 1453
1527 1454
1910 1454
1530 1455
1531 1456
1532 1457
1533 1458
1534 1459
1535 1460
1536 1461
1537 1462
1538 1463
1539 1464
1541 1465
1542 1466
1543 1467
3875 1467
5145 1467
1544 1468
2409 1468
1545 1469
4940 1469
1546 1470
1547 1471
1548 1472
1549 1473
1550 1474
1551 1475
1552 1476
1553 1477
1554 1478
1555 1479
1556 1480
1557 1481
1558 1482
1559 1483
6233 1483
7416 1483
1560 1484
1561 1485
1563 1486
1564 1487
1565 1488
1566 1489
2061 1489
1567 1490
1568 1491
1569 1492
1570 1493
1571 1494
1572 1495
1573 1496
1574 1497
1575 1498
1576 1499
3954 1499
1577 1500
1578 1501
1579 1502
1580 1503
1581 1504
1582 1505
5084 1505
1583 1506
1584 1507
1585 1508
1586 1509
1635 1509
2043 1509
1588 1510
1589 1511
1590 1512
1591 1513
8338 1513
1592 1514
1593 1515
1594 1516
1595 1517
1596 1518
1597 1519
1598 1520
1599 1521
1600 1522
1601 1523
1602 1524
3676 1524
6234 1524
7417 1524
1603 1525
1604 1526
1605 1527
1606 1528
3692 1528
1607 1529
1608 1530
1609 1531
1610 1532
1611 1533
1612 1534
1614 1535
1615 1536
1616 1537
1617 1538
1618 1539
1619 1540
1620 1541
1621 1542
1622 1543
1623 1544
1624 1545
1625 1546
1626 1547
1627 1548
1628 1549
1629 1550
1646 1550
1687 1550
2303 1550
2699 1550
1630 1551
1631 1552
1632 1553
4396 1553
1633 1554
1634 1555
1636 1556
1637 1557
1638 1558
4772 1558
1639 1559
1640 1560
2314 1560
1641 1561
2315 1561
2779 1561
1642 1562
1643 1563
1644 1564
1645 1565
1647 1566
1648 1567
1649 1568
9427 1568
1650 1569
1651 1570
1652 1571
1653 1572
1654 1573
1655 1574
1656 1575
1657 1576
2017 1576
1658 1577
1659 1578
1660 1579
1661 1580
1662 1581
1663 1582
1664 1583
1665 1584
1666 1585
1668 1586
1880 1586
2515 1586
2747 1586
1669 1587
1670 1588
1671 1589
1672 1590
4771 1590
1673 1591
1674 1592
1675 1593
1676 1594
1677 1595
1678 1596
1679 1597
1680 1598
1681 1599
1682 1600
5525 1600
1683 1601
1684 1602
1685 1603
1686 1604
5599 1604
1688 1605
1689 1606
1690 1607
1691 1608
1692 1609
1693 1610
1694 1611
1696 1612
1697 1613
1698 1614
1699 1615
1700 1616
1701 1617
1702 1618
1703 1619
1704 1620
1705 1621
1706 1622
3463 1622
1707 1623
1708 1624
1709 1625
1710 1626
2802 1626
1711 1627
5278 1627
1712 1628
1713 1629
1714 1630
1716 1631
1717 1632
1718 1633
1975 1633
1719 1634
2799 1634
1720 1635
1721 1636
4727 1636
1722 1637
1723 1638
1724 1639
1725 1640
1726 1641
1727 1642
1728 1643
1730 1644
1731 1645
1732 1646
1733 1647
3031 1647
1734 1648
1735 1649
1736 1650
3871 1650
1737 1651
1738 1652
1739 1653
1740 1654
1741 1655
1742 1656
1743 1657
1744 1658
1745 1659
1746 1660
1747 1661
1748 1662
1749 1663
1750 1664
1751 1665
3876 1665
5113 1665
1752 1666
1753 1667
1754 1668
1755 1669
1756 1670
1757 1671
1758 1672
1759 1673
1760 1674
1761 1675
1762 1676
1763 1677
1830 1677
5540 1677
1764 1678
1765 1679
1767 1680
1768 1681
1769 1682
1770 1683
1771 1684
1772 1685
1773 1686
1774 1687
1775 1688
1776 1689
2397 1689
1777 1690
1778 1691
1779 1692
1780 1693
1781 1694
1782 1695
1784 1696
1785 1697
1786 1698
1787 1699
1788 1700
1789 1701
1791 1702
1792 1703
1793 1704
1794 1705
1795 1706
1796 1707
1797 1708
1798 1709
1799 1710
1981 1710
1800 1711
1801 1712
1802 1713
1803 1714
1804 1715
1805 1716
1806 1717
1807 1718
1808 1719
1809 1720
9842 1720
1810 1721
1811 1722
1812 1723
1814 1724
1815 1725
4224 1725
1816 1726
1817 1727
1818 1728
5534 1728
1819 1729
1820 1730
1821 1731
1822 1732
1823 1733
1824 1734
1825 1735
1826 1736
1827 1737
2453 1737
1828 1738
1829 1739
5291 1739
1831 1740
1832 1741
1833 1742
1834 1743
1835 1744
1836 1745
1837 1746
1838 1747
1839 1748
1840 1749
1842 1750
1843 1751
3958 1751
1844 1752
2392 1752
6245 1752
6246 1752
7421 1752
7445 1752
1845 1753
1846 1754
1847 1755
1848 1756
2136 1756
2143 1756
1849 1757
1850 1758
1851 1759
5732 1759
1852 1760
1853 1761
1854 1762
1855 1763
4821 1763
1856 1764
1857 1765
1858 1766
1859 1767
1860 1768
1861 1769
1862 1770
1863 1771
1864 1772
1865 1773
1866 1774
1867 1775
1868 1776
1869 1777
1870 1778
6328 1778
9856 1778
1871 1779
1872 1780
1873 1781
1874 1782
1875 1783
1876 1784
1877 1785
1878 1786
1879 1787
1881 1788
1884 1789
4934 1789
1885 1790
1886 1791
1887 1792
1888 1793
1889 1794
1890 1795
1891 1796
1892 1797
1893 1798
1894 1799
1895 1800
1896 1801
1897 1802
1898 1803
1899 1804
1900 1805
1901 1806
1902 1807
1904 1808
3873 1808
5070 1808
1905 1809
8092 1809
1906 1810
1976 1810
1907 1811
1908 1812
1909 1813
1911 1814
2037 1814
1912 1815
1915 1816
1916 1817
1917 1818
1918 1819
1919 1820
1920 1821
1921 1822
1922 1823
1923 1824
1924 1825
1925 1826
1926 1827
1927 1828
1928 1829
1930 1830
1931 1831
1932 1832
2102 1832
6324 1832
1933 1833
1934 1834
1935 1835
1936 1836
1937 1837
2291 1837
3147 1837
1938 1838
1939 1839
1940 1840
1941 1841
5523 1841
1942 1842
1944 1843
1945 1844
1946 1845
1947 1846
1948 1847
1949 1848
1950 1849
1951 1850
9747 1850
1952 1851
1953 1852
1954 1853
2764 1853
1955 1854
1956 1855
1957 1856
1958 1857
1959 1858
1960 1859
9133 1859
1961 1860
1962 1861
1963 1862
1964 1863
1965 1864
1966 1865
1967 1866
1968 1867
1969 1868
1970 1869
1971 1870
1972 1871
1973 1872
1974 1873
1977 1874
1978 1875
1979 1876
1980 1877
4717 1877
1982 1878
1983 1879
1984 1880
1985 1881
1986 1882
4439 1882
5317 1882
5624 1882
7081 1882
1987 1883
9315 1883
1988 1884
1989 1885
1990 1886
1991 1887
1992 1888
1993 1889
1994 1890
1995 1891
1996 1892
1997 1893
1998 1894
9314 1894
1999 1895
2000 1896
2001 1897
2002 1898
2003 1899
2004 1900
2005 1901
2006 1902
2616 1902
2695 1902
2007 1903
4938 1903
2008 1904
2009 1905
2010 1906
2011 1907
2012 1908
2013 1909
2014 1910
2015 1911
2016 1912
3956 1912
2018 1913
2019 1914
2020 1915
2070 1915
2021 1916
2022 1917
2023 1918
2024 1919
2974 1919
4234 1919
2026 1920
2027 1921
2028 1922
5446 1922
2029 1923
2030 1924
2031 1925
2032 1926
2033 1927
2034 1928
2035 1929
2036 1930
2038 1931
2039 1932
2040 1933
2042 1934
2044 1935
2045 1936
2046 1937
2047 1938
2048 1939
2049 1940
2050 1941
2051 1942
2052 1943
2053 1944
4400 1944
2054 1945
2055 1946
2056 1947
5494 1947
2057 1948
2058 1949
2062 1950
2063 1951
2064 1952
2065 1953
2066 1954
2067 1955
2068 1956
2069 1957
2071 1958
2072 1959
2215 1959
2074 1960
2075 1961
2076 1962
2077 1963
2078 1964
2079 1965
2081 1966
2082 1967
2083 1968
2084 1969
2085 1970
2086 1971
2088 1972
2089 1973
2090 1974
8467 1974
2091 1975
2092 1976
2093 1977
2094 1978
4547 1978
2095 1979
2096 1980
2097 1981
2098 1982
3106 1982
3817 1982
7984 1982
2099 1983
2100 1984
2290 1984
2101 1985
2103 1986
2104 1987
2105 1988
2106 1989
2107 1990
2317 1990
2108 1991
5601 1991
2109 1992
2110 1993
2111 1994
2112 1995
2817 1995
2113 1996
2115 1997
2116 1998
2117 1999
2118 2000
2119 2001
2120 2002
2121 2003
2122 2004
2123 2005
2124 2006
2125 2007
2126 2008
2127 2009
2128 2010
2129 2011
3802 2011
8084 2011
2130 2012
2131 2013
2132 2014
2133 2015
2134 2016
2135 2017
2137 2018
2138 2019
2139 2020
2140 2021
2141 2022
2144 2023
2145 2024
2146 2025
2147 2026
2148 2027
2149 2028
2150 2029
2151 2030
5842 2030
2152 2031
2489 2031
2153 2032
2154 2033
2155 2034
2156 2035
2157 2036
2158 2037
2159 2038
2160 2039
2161 2040
2162 2041
2164 2042
2165 2043
2167 2044
2168 2045
2169 2046
2170 2047
2171 2048
2172 2049
2173 2050
2174 2051
2175 2052
2176 2053
2177 2054
2178 2055
2179 2056
2180 2057
2181 2058
2182 2059
2183 2060
2184 2061
2185 2062
2219 2062
2186 2063
2187 2064
5772 2064
2188 2065
2338 2065
2190 2066
2191 2067
2192 2068
2193 2069
2194 2070
2195 2071
2196 2072
2197 2073
2198 2074
2337 2074
2200 2075
2201 2076
5226 2076
2204 2077
5171 2077
2205 2078
2206 2079
2207 2080
2209 2081
2210 2082
2211 2083
2212 2084
2213 2085
2216 2086
2217 2087
2218 2088
2220 2089
2221 2090
2222 2091
5533 2091
2223 2092
2224 2093
2225 2094
2226 2095
2227 2096
3961 2096
5332 2096
2228 2097
2229 2098
2230 2099
2231 2100
2232 2101
2234 2102
5496 2102
2235 2103
2236 2104
2237 2105
2238 2106
2239 2107
2240 2108
2241 2109
2242 2110
2243 2111
2244 2112
2245 2113
2246 2114
2247 2115
2249 2116
2250 2117
2251 2118
2252 2119
2253 2120
2254 2121
2255 2122
2321 2122
2256 2123
2605 2123
2257 2124
3847 2124
2258 2125
2259 2126
2260 2127
2261 2128
2262 2129
2263 2130
2264 2131
2265 2132
2266 2133
4680 2133
2267 2134
2268 2135
3878 2135
5213 2135
5269 2135
7625 2135
2269 2136
2270 2137
2271 2138
2272 2139
2273 2140
2274 2141
2361 2141
2275 2142
2276 2143
2277 2144
2278 2145
2279 2146
2280 2147
2281 2148
2282 2149
2563 2149
2283 2150
3756 2150
2284 2151
2285 2152
2286 2153
2287 2154
2288 2155
2293 2156
2294 2157
2295 2158
2296 2159
3468 2159
2297 2160
2298 2161
2299 2162
2300 2163
8475 2163
2301 2164
2302 2165
2304 2166
8368 2166
2305 2167
2306 2168
2307 2169
2308 2170
2309 2171
2310 2172
2311 2173
2312 2174
2313 2175
2316 2176
2318 2177
2319 2178
2320 2179
2322 2180
2323 2181
2324 2182
2326 2183
2327 2184
2328 2185
2761 2185
2329 2186
2330 2187
8186 2187
2331 2188
2332 2189
2333 2190
2334 2191
2335 2192
2336 2193
2339 2194
2340 2195
2341 2196
2342 2197
2344 2198
2345 2199
2346 2200
2348 2201
2349 2202
2350 2203
2351 2204
2547 2204
2352 2205
2353 2206
3829 2206
2354 2207
2355 2208
2356 2209
2357 2210
4735 2210
2358 2211
2359 2212
2360 2213
2362 2214
2363 2215
2364 2216
2366 2217
2367 2218
2368 2219
2369 2220
2370 2221
2371 2222
2372 2223
2373 2224
2375 2225
3957 2225
4941 2225
2376 2226
2377 2227
2378 2228
2379 2229
2380 2230
2382 2231
2383 2232
2384 2233
2385 2234
2387 2235
2388 2236
2389 2237
2390 2238
2391 2239
2393 2240
2394 2241
2395 2242
2396 2243
2398 2244
2399 2245
2400 2246
2401 2247
2402 2248
2403 2249
2404 2250
2405 2251
7532 2251
2406 2252
2407 2253
2408 2254
5598 2254
2410 2255
2411 2256
2412 2257
2413 2258
2414 2259
2415 2260
2416 2261
2417 2262
2418 2263
2966 2263
2419 2264
2420 2265
2421 2266
2422 2267
2423 2268
2425 2269
2426 2270
2427 2271
2428 2272
2430 2273
2431 2274
2432 2275
2434 2276
2436 2277
2438 2278
2439 2279
2440 2280
2441 2281
2442 2282
2443 2283
2444 2284
9126 2284
2446 2285
2447 2286
2448 2287
2449 2288
2450 2289
2451 2290
3955 2290
4939 2290
2452 2291
5845 2291
2454 2292
2455 2293
2456 2294
2457 2295
2458 2296
2460 2297
2461 2298
2462 2299
2463 2300
2464 2301
2465 2302
2466 2303
2467 2304
2886 2304
5614 2304
2468 2305
2469 2306
2471 2307
2472 2308
5696 2308
2473 2309
2474 2310
2475 2311
2476 2312
2477 2313
2479 2314
2480 2315
2481 2316
2482 2317
2483 2318
2500 2318
2484 2319
2485 2320
2486 2321
2487 2322
2488 2323
2490 2324
2491 2325
2492 2326
2494 2327
2495 2328
2496 2329
2497 2330
6237 2330
2498 2331
5843 2331
2499 2332
2501 2333
2503 2334
2504 2335
2505 2336
2506 2337
2507 2338
2508 2339
2509 2340
2510 2341
2511 2342
2512 2343
2513 2344
2514 2345
2516 2346
2517 2347
6232 2347
7278 2347
2518 2348
2519 2349
2520 2350
2521 2351
2522 2352
2523 2353
2524 2354
2525 2355
2526 2356
2527 2357
2528 2358
2530 2359
3825 2359
2531 2360
2532 2361
2533 2362
2534 2363
2535 2364
2536 2365
2537 2366
2538 2367
2539 2368
8526 2368
2540 2369
2541 2370
2543 2371
2544 2372
2545 2373
2546 2374
2548 2375
2549 2376
2550 2377
2551 2378
2552 2379
2553 2380
2554 2381
2555 2382
2556 2383
2558 2384
2559 2385
2560 2386
3959 2386
2561 2387
2562 2388
2564 2389
2565 2390
2566 2391
2567 2392
2568 2393
2569 2394
2570 2395
2571 2396
2572 2397
2573 2398
2574 2399
2576 2400
2577 2401
2578 2402
2579 2403
9239 2403
2580 2404
2581 2405
2582 2406
2583 2407
2584 2408
8017 2408
2585 2409
2586 2410
2587 2411
2588 2412
2589 2413
2590 2414
2591 2415
2592 2416
2593 2417
4708 2417
5695 2417
8188 2417
2594 2418
2595 2419
2596 2420
5105 2420
5229 2420
2597 2421
2598 2422
2599 2423
2600 2424
2601 2425
2602 2426
2603 2427
2604 2428
2606 2429
2607 2430
2608 2431
5867 2431
2609 2432
2610 2433
2611 2434
2613 2435
3960 2435
2614 2436
2615 2437
2617 2438
2618 2439
2619 2440
2620 2441
2621 2442
2622 2443
2623 2444
7080 2444
2624 2445
2727 2445
2625 2446
2626 2447
2627 2448
2628 2449
2629 2450
6230 2450
2630 2451
2631 2452
2632 2453
2633 2454
2634 2455
2635 2456
2636 2457
2637 2458
2638 2459
3678 2459
2639 2460
2640 2461
2641 2462
3185 2462
2642 2463
2643 2464
2644 2465
2645 2466
2646 2467
2649 2468
2650 2469
2651 2470
2652 2471
2653 2472
2654 2473
2655 2474
2656 2475
2657 2476
9269 2476
2659 2477
2660 2478
2661 2479
2662 2480
2806 2480
2663 2481
2664 2482
2665 2483
2666 2484
2667 2485
2668 2486
2669 2487
2670 2488
2858 2488
2671 2489
2672 2490
2673 2491
2674 2492
2675 2493
2676 2494
2677 2495
2679 2496
2680 2497
2681 2498
2682 2499
2683 2500
2684 2501
2685 2502
2686 2503
2687 2504
2688 2505
2689 2506
2690 2507
2691 2508
2692 2509
2694 2510
4770 2510
2696 2511
2697 2512
2698 2513
2700 2514
2701 2515
2702 2516
2703 2517
2704 2518
2705 2519
2833 2519
2706 2520
2707 2521
2708 2522
2709 2523
2710 2524
2711 2525
2712 2526
2713 2527
2714 2528
2715 2529
2716 2530
2717 2531
2718 2532
2719 2533
2720 2534
2721 2535
2722 2536
5022 2536
2723 2537
2726 2538
2728 2539
2729 2540
2730 2541
2731 2542
2732 2543
2733 2544
2734 2545
2735 2546
2736 2547
2737 2548
2738 2549
2739 2550
2740 2551
2741 2552
2742 2553
2743 2554
2744 2555
2745 2556
2746 2557
2748 2558
2749 2559
2750 2560
2751 2561
2752 2562
2753 2563
2754 2564
2756 2565
2757 2566
2758 2567
5513 2567
2759 2568
3877 2568
2760 2569
8760 2569
2762 2570
2765 2571
2766 2572
2767 2573
2957 2573
2768 2574
2769 2575
2770 2576
2771 2577
2772 2578
2773 2579
2774 2580
2775 2581
2776 2582
2777 2583
2778 2584
2780 2585
2781 2586
2783 2587
2784 2588
2785 2589
3309 2589
2786 2590
2787 2591
2788 2592
2789 2593
2790 2594
2791 2595
2792 2596
2793 2597
2794 2598
2795 2599
2796 2600
2797 2601
2798 2602
2800 2603
2801 2604
5823 2604
2803 2605
2804 2606
5596 2606
2805 2607
5714 2607
2807 2608
2808 2609
2809 2610
3183 2610
2810 2611
2811 2612
2812 2613
2813 2614
2814 2615
2815 2616
2816 2617
2819 2618
2820 2619
2821 2620
2822 2621
2823 2622
2824 2623
5529 2623
2825 2624
2826 2625
2827 2626
2828 2627
2829 2628
2830 2629
2831 2630
2832 2631
2834 2632
2835 2633
2836 2634
5541 2634
2837 2635
2838 2636
2839 2637
2840 2638
2841 2639
2843 2640
2844 2641
2845 2642
2846 2643
2847 2644
2848 2645
2849 2646
2850 2647
2851 2648
2852 2649
2853 2650
2854 2651
2855 2652
2856 2653
2857 2654
2859 2655
2860 2656
2861 2657
2862 2658
2863 2659
7996 2659
2864 2660
2865 2661
4734 2661
2866 2662
2867 2663
3118 2663
4745 2663
2868 2664
2869 2665
4724 2665
2870 2666
2871 2667
2872 2668
2873 2669
2972 2669
3017 2669
2874 2670
2875 2671
4626 2671
7550 2671
2876 2672
5263 2672
8264 2672
2877 2673
2878 2674
2879 2675
2880 2676
4747 2676
8364 2676
2881 2677
2882 2678
2883 2679
2884 2680
4923 2680
2885 2681
8005 2681
2887 2682
2888 2683
2889 2684
2890 2685
2891 2686
2892 2687
2893 2688
2894 2689
8126 2689
2896 2690
2897 2691
8208 2691
2898 2692
2899 2693
5078 2693
2900 2694
2901 2695
2902 2696
2903 2697
4155 2697
5191 2697
2904 2698
2905 2699
2906 2700
2907 2701
2908 2702
2909 2703
2910 2704
2911 2705
3133 2705
2912 2706
2913 2707
2914 2708
2915 2709
2916 2710
2917 2711
2918 2712
2919 2713
2920 2714
2921 2715
3859 2715
2922 2716
2923 2717
2924 2718
2925 2719
2926 2720
2927 2721
2928 2722
2929 2723
3654 2723
2930 2724
7937 2724
2931 2725
4729 2725
2932 2726
2936 2727
4935 2727
2937 2728
4936 2728
2938 2729
4937 2729
2940 2730
5331 2730
7476 2730
2941 2731
2942 2732
2943 2733
3456 2733
2944 2734
2945 2735
2946 2736
2947 2737
4943 2737
7757 2737
2948 2738
2949 2739
2952 2739
3053 2739
2950 2740
2951 2741
2953 2742
2954 2743
2955 2744
2956 2745
2958 2746
2959 2747
2960 2748
3479 2748
2961 2749
2962 2750
2963 2751
2964 2752
2965 2753
2967 2754
2968 2755
2969 2756
2970 2756
7967 2756
2971 2757
5182 2757
2973 2758
2975 2759
2977 2760
8479 2760
2978 2761
2979 2762
7970 2762
2980 2763
2981 2764
2982 2765
4723 2765
2983 2766
7941 2766
2984 2767
7943 2767
2985 2768
2986 2769
7942 2769
2987 2770
2988 2771
2989 2772
5133 2772
8205 2772
2990 2773
2991 2774
2992 2775
3685 2775
2993 2776
2994 2777
3040 2777
2995 2778
7982 2778
2996 2779
2997 2780
2998 2781
2999 2782
3000 2783
3001 2784
3002 2785
3003 2786
3004 2787
3005 2788
3006 2789
3007 2790
3008 2791
3009 2792
5091 2792
3010 2793
3011 2794
3012 2795
8132 2795
3013 2796
3014 2797
3015 2798
3016 2799
5825 2799
3018 2800
5163 2800
3019 2801
3020 2802
3021 2803
3022 2804
3023 2805
3024 2806
3025 2807
3026 2808
3027 2809
3028 2810
3029 2811
3030 2812
3032 2813
3033 2814
3067 2814
3034 2815
3035 2816
3036 2817
3037 2818
3038 2819
3039 2820
3041 2821
3043 2822
3045 2823
3046 2824
3047 2825
3048 2826
3049 2827
3050 2827
3051 2828
3052 2829
3054 2830
3055 2831
3056 2832
3057 2832
3058 2833
3059 2834
3060 2835
3061 2836
3062 2837
3063 2838
5578 2838
3064 2839
3065 2840
3066 2841
3068 2842
3069 2843
3070 2844
5224 2844
3071 2845
3072 2846
3073 2847
3074 2848
3075 2849
3076 2850
3077 2851
7946 2851
7947 2851
3078 2852
3079 2853
3080 2854
3081 2855
3082 2856
3083 2856
3084 2856
3085 2857
5142 2857
3086 2858
7954 2858
3087 2859
3088 2860
3089 2861
3090 2862
3091 2863
3092 2864
3093 2865
3094 2866
5165 2866
3095 2867
7965 2867
3096 2868
3097 2869
3098 2870
3099 2871
5141 2871
3100 2872
5232 2872
3101 2873
4738 2873
3102 2874
3103 2875
3104 2876
7980 2876
3105 2877
4741 2877
3107 2878
4113 2878
8274 2878
3108 2879
3109 2880
3111 2881
3611 2881
3113 2882
3114 2883
7988 2883
3115 2884
8095 2884
3116 2885
3117 2886
4744 2886
3119 2887
5255 2887
3120 2888
3121 2889
3122 2890
3123 2891
3125 2891
3124 2892
3126 2893
3127 2894
3128 2895
3129 2896
3850 2896
3130 2897
3131 2898
3132 2899
8018 2899
3134 2900
8209 2900
3135 2901
3136 2902
8145 2902
3137 2903
3138 2904
3139 2905
3140 2906
3141 2906
3142 2906
3853 2906
6712 2906
8021 2906
8148 2906
3143 2907
4761 2907
3144 2908
3145 2909
3146 2910
3148 2911
3149 2912
3150 2913
3151 2914
3152 2915
3153 2916
3154 2917
3156 2918
3157 2919
3158 2920
3159 2921
3160 2922
3161 2923
3162 2924
3163 2925
3164 2926
3165 2927
3166 2928
3168 2929
3171 2930
3172 2931
3173 2931
3174 2932
7342 2932
3175 2933
5124 2933
3176 2934
4946 2934
3177 2935
3178 2936
3179 2937
4947 2937
3180 2938
5336 2938
3181 2939
5341 2939
3182 2940
3184 2941
6429 2941
3186 2942
3187 2943
3188 2944
3189 2945
3190 2945
3191 2946
3192 2947
5646 2947
3193 2948
3194 2948
3195 2949
3196 2949
3197 2949
3200 2949
3198 2950
3199 2950
3202 2950
3203 2950
3201 2951
3204 2952
3205 2953
3206 2954
5669 2954
3207 2955
3208 2956
3209 2957
3210 2958
3211 2958
3212 2959
3213 2960
3214 2961
3215 2962
3216 2963
3217 2964
3218 2965
3219 2966
3220 2967
3221 2968
3222 2969
3223 2970
3224 2971
3225 2972
3226 2973
3227 2974
3228 2975
3229 2976
3230 2977
3231 2978
3232 2979
3233 2980
3234 2981
3235 2982
3236 2983
3237 2984
3238 2985
3239 2986
3240 2987
3241 2988
3242 2989
3243 2990
3244 2991
3245 2992
3246 2993
3247 2994
3248 2995
3249 2996
3250 2997
3251 2998
3252 2999
3253 3000
3254 3001
3255 3002
3256 3003
3257 3004
3258 3005
3259 3006
3260 3007
3261 3008
3262 3009
3263 3010
3264 3011
3265 3012
3266 3013
3267 3014
3268 3015
6072 3015
3269 3016
3270 3017
3271 3018
3272 3019
3273 3020
3274 3021
3275 3022
3276 3023
3277 3024
3278 3025
3279 3026
3280 3027
3281 3028
3282 3029
3283 3030
3284 3031
3285 3032
3286 3033
3287 3034
3288 3035
3289 3036
3290 3037
3291 3038
3292 3039
3293 3040
3294 3041
3295 3042
3296 3043
3297 3044
3298 3045
3299 3046
3300 3047
3301 3048
3302 3049
3303 3050
3304 3051
3305 3052
3306 3053
3307 3054
4615 3054
3308 3055
3310 3056
3311 3057
7378 3057
3312 3058
5909 3058
3313 3059
3314 3060
3315 3061
3316 3062
3317 3063
3318 3064
3319 3065
3320 3066
3321 3067
3322 3068
3323 3069
7454 3069
3324 3070
3325 3071
3326 3072
3327 3073
3328 3074
3329 3075
3330 3076
3331 3077
3332 3078
3333 3079
3334 3080
3335 3081
3336 3082
3337 3083
3338 3084
3339 3085
3340 3086
3341 3087
5149 3087
3342 3088
3343 3089
3344 3090
3345 3091
3346 3092
5236 3092
3347 3093
7409 3093
3348 3094
3349 3095
3350 3096
3351 3097
9989 3097
3352 3098
3353 3099
3354 3100
3355 3101
3356 3102
3357 3103
3358 3104
3359 3105
3360 3106
3361 3107
3362 3108
5458 3108
3363 3109
3364 3110
3365 3111
3366 3112
3367 3113
4885 3113
3368 3114
3369 3115
3370 3116
3371 3117
3372 3118
3373 3119
3374 3120
3375 3121
3376 3122
9987 3122
3377 3123
7384 3123
3378 3124
7350 3124
3379 3125
3380 3126
3381 3127
3382 3128
3383 3129
3384 3130
3385 3131
3386 3132
3387 3133
3388 3134
3389 3135
3390 3136
3391 3137
3392 3138
3393 3139
3395 3139
3399 3139
3400 3139
3401 3139
3394 3140
3396 3141
3397 3142
5369 3142
3398 3143
3402 3144
3403 3145
3404 3146
3405 3147
5917 3147
3406 3148
3407 3149
3408 3150
3409 3151
3410 3152
3411 3153
3412 3154
3413 3155
3414 3156
3415 3157
3416 3158
3417 3159
3418 3160
3421 3161
3422 3162
3423 3163
3424 3164
3425 3164
3426 3164
3428 3164
3427 3165
3429 3166
3431 3167
3432 3168
3433 3168
3434 3169
3435 3169
3436 3170
3437 3171
3438 3172
3439 3173
3440 3174
3441 3175
3442 3176
3443 3177
3444 3178
3446 3179
3447 3180
3448 3181
3449 3182
3450 3183
3451 3184
3452 3185
3453 3186
3454 3187
5243 3187
6108 3187
3455 3188
3457 3189
5283 3189
3458 3190
5280 3190
6090 3190
3459 3191
5044 3191
6091 3191
3460 3192
5200 3192
3461 3193
5176 3193
3462 3194
3464 3195
3465 3196
3466 3197
5108 3197
6131 3197
3467 3198
5214 3198
3469 3199
3470 3200
5080 3200
6629 3200
3471 3201
5177 3201
3472 3202
3473 3203
3474 3204
7956 3204
3475 3205
3476 3206
8150 3206
3477 3207
3478 3208
3480 3209
6453 3209
3481 3210
4954 3210
3482 3211
3483 3212
3484 3213
3485 3214
3486 3215
3487 3216
3488 3217
8212 3217
3489 3218
3490 3219
3491 3220
3492 3221
4791 3221
3493 3222
3494 3223
3495 3224
3496 3225
3497 3226
3498 3227
3499 3228
3501 3229
3502 3230
3503 3231
3504 3232
3505 3233
3506 3234
3507 3235
3508 3236
3509 3237
3510 3238
3511 3239
3512 3240
3513 3241
3514 3242
3515 3243
3516 3244
3517 3245
5402 3245
3518 3246
3519 3247
3520 3248
3521 3249
3522 3250
3523 3251
3524 3252
3525 3253
3526 3254
3527 3255
3528 3256
3529 3257
3530 3258
6619 3258
3531 3259
3532 3260
3533 3261
3534 3262
3535 3263
3536 3264
3537 3265
3538 3266
3539 3267
3540 3268
3541 3269
3542 3270
3543 3271
3544 3272
3545 3273
3546 3274
3547 3275
3548 3276
3549 3277
3550 3278
3551 3279
3552 3280
3553 3281
3554 3282
5894 3282
3555 3283
3556 3284
3557 3285
4917 3285
3558 3286
3559 3287
3560 3288
3561 3289
3562 3290
3563 3291
3564 3292
3565 3293
3566 3294
3567 3295
8400 3295
3568 3296
3569 3297
3570 3298
3571 3299
3572 3300
3573 3301
3574 3302
3575 3303
3576 3304
3577 3305
3578 3306
3579 3307
3580 3308
3581 3309
3582 3310
3583 3311
3584 3312
3585 3313
3586 3314
3587 3315
3588 3316
3589 3317
3590 3318
3591 3319
3592 3320
3593 3321
3594 3322
3595 3323
3596 3324
3597 3325
3598 3326
3599 3327
3600 3328
3601 3329
8217 3329
8218 3329
8219 3329
3602 3330
3603 3331
7518 3331
3604 3332
8158 3332
3605 3333
3606 3334
3607 3335
3608 3336
3609 3337
3610 3338
6428 3338
3612 3339
4373 3339
3613 3340
3614 3341
3616 3341
3615 3342
3617 3343
3618 3344
3619 3345
5474 3345
3620 3346
3621 3347
3622 3348
3623 3349
3624 3350
5139 3350
3625 3351
5014 3351
3627 3352
5069 3352
3628 3353
5026 3353
3629 3354
5087 3354
3630 3355
6101 3355
7332 3355
3631 3356
5131 3356
3632 3357
5110 3357
3633 3358
5253 3358
3634 3359
5050 3359
3635 3360
3636 3360
5011 3360
5123 3360
3637 3361
3638 3362
5072 3362
3639 3363
5227 3363
3640 3364
3641 3365
5197 3365
3642 3366
5128 3366
3643 3367
3644 3368
5079 3368
3645 3369
5130 3369
3646 3370
5067 3370
3647 3371
5062 3371
3648 3372
3649 3373
5013 3373
3650 3374
6120 3374
7543 3374
3651 3375
5092 3375
3652 3376
5045 3376
3653 3377
5220 3377
3655 3378
3656 3379
5198 3379
3657 3380
5266 3380
3658 3381
5089 3381
3659 3382
3660 3383
5168 3383
3661 3384
5031 3384
6124 3384
3662 3385
3663 3386
3664 3387
3665 3388
5207 3388
3666 3389
3667 3390
3668 3391
3669 3392
3670 3393
3671 3394
3672 3395
3673 3396
3674 3397
3701 3397
3675 3398
3677 3399
3679 3400
3680 3401
3681 3402
3682 3403
3683 3404
3684 3405
3686 3406
3687 3407
3688 3408
3689 3409
3690 3410
5275 3410
3691 3411
5042 3411
3693 3412
3694 3413
3695 3414
3696 3415
4661 3415
5219 3415
3697 3416
3698 3417
3700 3418
3702 3419
8538 3419
3703 3420
3704 3421
3705 3422
3706 3423
6720 3423
3707 3424
8539 3424
3708 3425
3709 3425
5568 3425
8937 3425
9323 3425
3710 3426
3711 3427
3712 3428
8938 3428
3713 3429
3714 3430
3715 3431
3716 3432
3717 3433
3718 3434
5256 3434
6138 3434
3719 3435
5174 3435
3720 3436
5039 3436
6141 3436
3721 3437
5192 3437
3722 3438
5157 3438
3723 3439
5085 3439
6143 3439
3724 3440
3725 3441
5451 3441
3726 3442
5147 3442
6145 3442
9380 3442
3727 3443
3728 3444
5066 3444
6147 3444
8749 3444
3729 3445
3730 3446
3731 3447
5083 3447
6151 3447
8751 3447
3732 3448
5016 3448
3733 3449
5284 3449
6149 3449
3734 3450
5162 3450
6150 3450
3735 3451
5109 3451
3736 3452
5218 3452
6155 3452
3737 3453
5134 3453
6156 3453
3738 3454
3739 3455
5189 3455
6157 3455
3740 3456
5245 3456
6158 3456
3741 3457
5216 3457
6160 3457
8740 3457
3742 3458
5098 3458
6163 3458
8548 3458
3743 3459
3744 3460
3745 3461
5199 3461
3746 3462
5135 3462
6165 3462
3747 3463
5281 3463
6166 3463
3748 3464
5121 3464
6167 3464
3749 3465
5101 3465
3750 3466
5251 3466
6171 3466
3751 3467
3752 3468
5023 3468
3753 3469
5036 3469
3754 3470
3755 3471
3757 3472
3758 3473
3759 3474
3761 3475
3762 3476
3763 3477
3764 3478
3765 3479
3766 3480
3767 3481
3768 3482
3769 3483
3770 3484
3771 3485
7935 3485
3772 3486
3773 3487
7936 3487
3774 3488
8128 3488
3775 3489
8201 3489
3776 3490
5261 3490
3778 3491
3781 3492
3782 3493
3783 3494
3784 3495
3785 3496
8262 3496
3786 3497
3787 3498
8135 3498
3788 3499
3790 3500
8263 3500
3791 3501
5024 3501
5040 3501
5127 3501
5258 3501
5267 3501
3792 3502
3793 3503
3794 3504
3795 3505
3796 3506
3797 3507
3798 3508
7957 3508
3799 3509
3800 3510
8083 3510
3803 3511
7969 3511
3804 3512
8272 3512
3806 3513
3808 3514
7971 3514
3809 3515
3810 3516
7972 3516
3811 3517
8090 3517
3812 3518
3813 3519
3814 3520
3815 3521
3816 3522
3818 3523
3819 3524
3820 3524
3821 3525
3822 3526
6883 3526
3824 3527
3827 3528
7994 3528
3828 3529
3830 3530
7997 3530
3831 3531
3832 3532
7999 3532
3833 3533
8138 3533
3834 3534
3836 3535
3838 3536
8002 3536
3839 3537
3840 3538
3841 3539
3842 3540
3843 3540
4932 3540
5240 3540
5264 3540
3844 3541
3845 3542
3846 3543
3848 3544
8016 3544
3849 3545
8146 3545
3851 3546
5180 3546
8020 3546
3854 3547
3855 3548
3856 3549
8025 3549
3860 3550
8029 3550
3861 3551
8210 3551
3862 3552
8030 3552
3863 3553
5274 3553
3864 3554
8151 3554
3866 3555
5136 3555
3867 3556
5326 3556
3868 3557
5315 3557
3869 3558
5156 3558
3870 3559
5206 3559
3872 3560
5316 3560
3879 3561
5186 3561
3880 3562
3881 3563
3882 3564
5277 3564
3883 3565
5212 3565
3884 3566
6508 3566
3885 3567
5015 3567
3886 3568
4546 3568
5137 3568
3888 3569
5233 3569
3889 3570
5319 3570
3890 3571
5012 3571
3891 3572
5102 3572
3892 3573
5132 3573
3893 3574
3894 3575
5318 3575
3895 3576
5143 3576
3896 3577
5071 3577
3897 3578
5183 3578
3898 3579
5626 3579
5775 3579
3900 3580
5064 3580
3901 3581
5222 3581
3902 3582
5211 3582
3903 3583
5019 3583
3904 3584
5086 3584
3905 3585
5096 3585
3906 3586
5225 3586
3907 3587
5173 3587
3908 3588
5115 3588
3909 3589
6676 3589
3910 3590
3911 3591
5279 3591
3912 3592
5246 3592
3913 3593
6450 3593
3914 3594
5193 3594
3915 3595
5151 3595
3916 3596
5184 3596
8370 3596
3917 3597
5321 3597
3918 3598
5223 3598
3919 3599
5470 3599
3920 3600
3921 3600
5027 3600
5322 3600
3922 3601
5272 3601
3923 3602
5323 3602
3924 3603
5205 3603
3925 3604
5195 3604
3926 3605
5077 3605
3927 3606
5122 3606
3928 3607
5325 3607
3929 3608
5153 3608
3930 3609
5111 3609
3931 3610
5201 3610
3932 3611
5273 3611
3933 3612
3935 3613
5049 3613
3936 3614
5075 3614
3937 3615
5230 3615
7626 3615
3938 3616
5169 3616
3939 3617
5235 3617
3940 3618
5178 3618
3941 3619
5114 3619
7627 3619
3942 3620
3943 3621
3944 3622
3945 3623
3947 3624
3948 3625
3949 3626
3950 3627
3951 3628
3952 3629
3953 3630
3962 3631
7635 3631
3963 3632
7636 3632
3964 3633
3965 3634
4585 3634
3966 3635
4950 3635
7403 3635
3967 3636
7758 3636
3968 3637
7637 3637
3969 3638
3970 3639
3971 3640
3972 3641
7316 3641
3973 3642
4952 3642
7271 3642
3974 3643
4953 3643
3975 3644
3976 3645
3977 3646
3978 3647
3979 3648
3980 3649
3981 3650
3982 3651
3983 3652
3984 3653
3985 3654
3986 3655
3987 3656
3988 3657
3989 3658
3990 3659
3991 3660
3992 3661
3993 3662
3994 3663
3995 3664
3996 3665
3997 3666
3998 3667
3999 3668
4000 3669
4001 3669
4002 3670
4003 3671
4004 3672
4005 3673
4006 3674
4007 3675
4008 3676
4009 3677
4010 3678
4011 3679
4012 3680
4013 3681
4014 3682
4015 3683
4016 3684
4017 3685
4018 3686
4019 3687
4020 3688
4021 3689
4022 3690
4023 3691
7644 3691
4024 3692
4025 3693
4026 3694
6878 3694
4027 3695
4028 3696
4029 3697
4030 3698
4031 3699
8042 3699
4032 3700
4033 3701
4034 3702
4035 3703
4036 3704
4037 3705
4038 3706
4039 3707
4040 3708
4041 3709
4042 3710
4043 3711
8043 3711
4044 3712
4045 3713
8044 3713
4046 3714
4047 3715
4048 3716
4049 3717
8045 3717
4050 3718
4051 3719
6518 3719
4052 3720
4053 3721
4054 3722
4055 3723
4056 3724
8046 3724
4057 3725
4058 3726
4059 3727
9347 3727
4060 3728
8389 3728
4061 3729
4062 3730
4063 3731
4064 3732
4065 3732
4066 3733
4067 3734
8879 3734
4068 3735
4069 3736
4070 3737
4559 3737
4071 3738
4072 3739
4073 3740
8215 3740
4074 3741
4075 3742
9350 3742
4076 3743
8880 3743
4077 3744
4078 3745
4079 3746
4080 3747
4081 3748
4082 3749
4083 3750
4084 3751
4085 3752
4086 3753
4087 3754
4088 3755
4089 3756
4090 3757
4091 3758
4092 3759
4093 3760
4094 3761
4095 3762
4096 3763
4097 3764
4098 3765
4099 3766
4100 3767
4101 3768
4102 3769
4103 3770
4104 3771
4105 3772
4107 3773
4108 3774
4109 3775
4110 3776
4111 3777
4112 3778
4114 3779
4115 3780
4116 3781
4117 3782
4118 3783
4119 3784
4120 3785
4121 3786
4122 3787
4123 3788
4124 3789
4125 3790
4126 3791
4127 3792
4128 3793
8051 3793
4129 3794
4130 3795
4131 3796
4132 3797
4133 3798
4134 3799
4135 3800
4136 3801
4137 3802
4138 3803
4139 3804
4140 3805
4141 3806
4142 3807
4143 3808
4144 3809
4145 3810
4146 3811
4147 3812
4148 3813
4149 3814
4150 3815
4151 3816
4152 3817
4153 3818
5412 3818
4154 3819
4156 3820
4157 3821
4158 3821
4159 3821
4160 3821
4161 3822
6525 3822
4162 3823
4163 3824
4164 3824
4165 3824
4166 3825
4167 3826
4168 3827
4169 3828
4170 3829
4171 3830
4172 3831
4173 3832
4174 3833
4175 3834
4176 3835
4177 3836
4178 3837
8404 3837
4179 3838
4180 3839
4181 3840
4182 3841
4183 3842
4184 3843
4185 3844
4186 3845
4187 3846
4188 3847
4189 3848
4190 3849
7113 3849
4191 3850
6063 3850
4192 3851
4193 3852
4194 3853
7343 3853
8408 3853
4195 3854
4196 3855
4197 3856
4198 3857
7358 3857
4199 3858
4200 3859
4201 3860
4202 3861
4814 3861
4203 3862
8014 3862
4204 3863
4205 3864
4206 3865
4207 3866
4208 3867
4209 3867
4210 3867
4212 3867
4211 3868
9214 3868
4213 3869
4214 3870
4215 3871
6662 3871
4216 3872
4217 3873
4218 3874
4219 3874
4220 3875
4221 3876
4222 3877
4223 3878
4225 3879
4226 3879
4227 3880
4228 3881
4229 3882
4230 3883
4231 3884
6415 3884
4232 3885
4233 3886
4235 3887
4236 3888
4237 3889
4238 3890
4239 3891
4240 3892
4241 3893
4242 3894
4243 3895
4244 3896
4245 3897
4246 3898
4247 3899
4248 3900
4249 3901
4250 3902
4251 3903
4252 3904
4253 3905
4254 3906
4255 3907
4256 3908
4257 3909
4258 3910
4259 3911
4260 3912
4261 3913
4262 3914
4263 3915
4264 3916
4265 3917
4266 3918
4267 3919
4268 3920
4269 3921
4270 3922
4271 3923
4272 3924
4273 3925
4274 3925
4275 3926
4276 3927
4277 3928
4278 3929
4279 3930
4280 3931
4281 3932
4282 3933
4283 3934
4284 3935
4285 3936
4286 3937
4287 3938
4288 3939
4289 3940
4290 3941
4291 3942
4292 3943
4293 3944
4294 3945
4295 3946
4296 3947
7242 3947
9994 3947
4297 3948
4298 3949
7334 3949
4299 3950
4300 3951
4301 3952
4303 3953
4304 3954
4305 3955
4306 3956
4307 3957
4308 3958
4309 3959
4310 3960
4311 3961
4471 3961
4312 3962
5365 3962
4313 3963
4314 3964
4315 3965
4316 3966
4317 3967
4318 3968
4319 3969
4320 3970
4321 3971
4322 3972
4323 3973
4324 3974
4325 3975
4326 3976
4327 3977
4328 3978
4329 3979
4330 3980
4331 3981
4332 3982
4333 3983
4334 3984
4335 3985
4336 3986
4337 3987
4338 3988
4339 3989
4340 3990
5916 3990
4341 3991
4342 3992
4344 3993
4345 3994
4346 3995
4347 3996
4348 3997
8312 3997
4349 3998
4350 3999
4351 4000
4352 4001
4353 4002
4354 4003
4355 4004
4356 4005
4357 4006
4358 4007
4359 4008
4360 4009
4361 4010
4362 4011
4363 4011
4364 4012
4365 4013
4366 4014
4367 4015
4368 4015
4369 4016
4371 4017
4372 4018
4374 4019
4375 4020
4376 4021
4377 4022
4378 4023
4379 4024
4380 4025
5619 4025
4381 4026
4382 4027
4383 4028
4384 4029
4385 4030
4386 4031
5063 4031
4387 4032
4388 4033
5475 4033
5975 4033
4389 4034
4390 4035
7551 4035
4391 4036
5476 4036
4392 4037
4393 4038
4394 4038
7560 4038
7561 4038
4395 4039
4397 4040
4398 4041
4399 4042
4401 4043
5381 4043
6010 4043
7892 4043
4402 4044
5383 4044
6020 4044
7898 4044
4403 4045
4404 4046
4405 4047
4406 4048
4407 4049
4408 4050
4409 4051
4410 4052
4411 4053
4412 4054
4413 4055
4414 4056
4415 4057
4416 4058
4417 4059
4418 4060
4419 4061
4420 4062
4421 4063
4422 4064
4423 4065
4424 4066
4425 4067
4426 4068
4427 4069
4428 4070
4429 4071
4430 4072
4431 4073
4432 4074
4433 4075
4434 4076
5152 4076
4435 4077
5444 4077
4436 4078
5030 4078
4437 4079
5129 4079
4438 4080
5093 4080
4440 4081
5244 4081
5774 4081
4441 4082
5112 4082
5320 4082
4442 4083
5018 4083
7082 4083
4443 4084
5327 4084
4444 4085
5231 4085
4445 4086
4446 4087
5203 4087
7083 4087
4448 4088
4449 4089
4450 4090
4451 4091
7182 4091
7352 4091
4452 4092
7223 4092
4453 4093
5902 4093
4454 4094
4975 4094
4455 4095
7178 4095
4456 4096
6765 4096
4457 4097
4458 4098
5286 4098
4460 4099
6601 4099
4461 4100
9138 4100
4462 4101
5654 4101
4463 4102
4464 4103
6623 4103
4465 4104
5423 4104
6666 4104
7152 4104
4467 4105
5097 4105
4468 4106
4989 4106
5483 4106
4469 4107
4470 4108
4472 4109
4473 4110
7330 4110
4474 4111
4475 4112
4476 4113
4477 4114
4478 4115
4479 4116
4480 4117
4481 4118
4482 4119
4483 4120
7562 4120
4484 4121
4485 4122
4542 4122
4486 4123
7565 4123
4487 4124
9160 4124
4488 4125
7567 4125
4489 4126
4490 4127
4491 4128
4492 4129
4493 4130
4494 4131
4495 4132
4496 4133
4497 4134
4498 4135
4499 4136
4500 4137
4501 4138
4502 4139
8851 4139
4503 4140
8930 4140
4504 4141
7572 4141
4505 4142
4506 4143
5385 4143
6019 4143
7897 4143
4507 4144
4508 4145
4509 4146
4510 4147
4511 4148
4512 4149
4513 4150
4514 4151
4515 4152
4516 4153
4517 4154
4518 4155
4519 4156
4520 4157
4521 4158
4522 4159
4523 4160
4524 4161
4525 4162
4526 4163
4527 4164
4528 4165
4529 4166
4530 4167
4531 4168
4532 4169
4533 4170
4534 4171
4535 4172
4536 4173
4537 4174
4538 4175
4539 4176
4540 4177
4541 4178
4543 4179
4544 4180
4545 4181
8019 4181
4548 4182
7634 4182
4549 4183
7522 4183
4550 4184
4945 4184
4551 4185
4944 4185
4552 4186
4948 4186
4553 4187
4949 4187
4554 4188
7322 4188
4555 4189
4556 4190
8746 4190
4557 4191
4558 4192
4560 4193
4561 4194
4562 4195
9155 4195
4563 4196
7135 4196
4564 4197
4566 4198
4567 4199
4568 4200
4569 4201
4969 4201
5679 4201
4570 4202
4571 4203
6664 4203
4572 4204
4573 4205
4576 4205
4574 4206
6290 4206
4575 4207
4577 4208
4578 4209
4579 4210
5418 4210
4580 4211
4972 4211
4581 4212
4590 4212
5943 4212
6962 4212
4582 4213
4973 4213
4583 4214
4971 4214
4584 4215
4587 4216
5028 4216
6802 4216
4588 4217
4589 4218
4591 4219
4592 4220
4593 4221
4594 4222
4595 4223
6585 4223
4596 4224
4597 4225
4598 4226
4599 4227
4600 4228
4601 4229
4986 4229
4602 4230
4603 4231
4604 4232
4605 4233
4606 4234
4607 4235
4608 4236
4611 4237
4612 4238
4613 4239
4614 4240
4616 4241
4617 4242
4618 4243
7501 4243
4619 4244
4620 4245
6744 4245
7412 4245
4621 4246
4622 4247
4623 4248
4624 4249
6330 4249
6971 4249
7708 4249
4625 4250
6331 4250
6972 4250
7709 4250
4627 4251
4628 4252
4629 4253
4630 4254
6729 4254
8836 4254
4631 4255
4632 4256
4633 4256
4634 4257
4635 4258
4636 4259
6751 4259
4637 4260
4638 4261
4639 4262
6903 4262
4640 4263
4641 4264
4642 4265
4643 4266
4644 4267
5527 4267
4645 4268
8161 4268
4646 4269
4647 4270
6906 4270
4648 4271
7005 4271
4649 4272
6308 4272
7725 4272
4650 4273
5846 4273
7010 4273
4651 4274
4652 4275
4653 4276
4654 4277
4655 4278
4656 4279
4658 4279
4657 4280
4659 4281
4660 4282
4662 4283
4663 4284
4664 4285
4665 4286
4666 4287
4667 4288
4668 4289
4669 4290
4670 4291
4671 4292
4672 4293
4673 4294
4674 4295
4675 4296
4676 4297
4677 4298
4678 4299
4679 4300
5566 4300
4681 4301
4682 4302
4683 4303
4684 4304
4685 4305
4686 4306
4687 4307
4688 4308
4689 4309
4690 4310
6373 4310
7049 4310
7699 4310
4691 4311
4692 4312
4693 4313
4694 4314
4695 4315
4696 4316
6382 4316
7704 4316
4697 4317
4698 4317
4699 4318
4700 4319
6739 4319
8765 4319
4701 4320
6939 4320
4702 4321
4703 4322
4704 4323
4705 4324
4706 4325
6941 4325
4707 4326
4709 4327
6398 4327
7067 4327
7745 4327
4710 4328
5868 4328
7068 4328
4711 4329
4712 4330
4713 4331
4714 4332
4715 4333
6948 4333
4716 4334
6641 4334
7072 4334
4718 4335
4719 4336
8165 4336
4720 4337
4721 4338
4722 4339
7940 4339
4725 4340
8202 4340
4726 4341
4728 4342
7949 4342
4730 4343
4731 4344
4732 4345
7951 4345
4736 4346
4737 4347
4739 4348
7975 4348
4742 4349
8094 4349
4743 4350
7986 4350
4746 4351
7998 4351
4748 4352
8140 4352
4749 4353
4750 4354
4751 4354
4752 4355
4753 4356
4755 4357
4756 4358
4763 4359
8023 4359
4764 4360
4765 4361
4773 4362
4774 4363
4775 4364
5776 4364
4776 4365
5777 4365
4777 4366
4778 4367
4835 4367
5899 4367
4779 4368
4780 4369
4781 4370
4782 4371
4783 4372
7638 4372
4784 4373
7640 4373
4785 4374
4786 4375
4787 4376
4788 4377
4789 4378
4790 4379
4792 4380
4793 4381
4794 4382
4795 4383
9206 4383
4796 4384
4797 4385
4798 4386
5671 4386
4799 4387
4800 4388
4801 4389
4802 4390
4803 4391
4804 4392
4805 4393
4806 4394
4807 4395
8401 4395
4808 4396
4809 4397
4810 4398
4811 4399
4812 4400
4813 4401
4815 4402
4816 4403
4817 4404
4818 4405
4819 4406
4822 4407
4823 4408
7130 4408
4824 4409
4825 4410
4826 4411
6616 4411
4827 4412
4828 4413
6288 4413
7139 4413
8223 4413
8889 4413
4829 4414
4830 4415
4831 4416
6754 4416
4832 4417
4833 4418
4834 4419
4842 4419
4857 4419
4901 4419
4836 4420
4837 4421
6668 4421
4838 4422
6469 4422
4839 4423
4840 4424
7166 4424
4841 4425
4843 4426
4845 4427
4846 4428
7179 4428
4847 4429
6598 4429
4848 4430
4849 4431
4850 4432
4851 4433
6650 4433
4853 4434
5054 4434
4854 4435
7829 4435
4855 4436
4856 4437
4858 4438
4866 4438
5683 4438
4859 4439
6759 4439
4860 4440
6553 4440
4861 4441
4862 4442
4863 4443
4864 4444
5799 4444
6770 4444
4865 4445
5803 4445
6549 4445
9095 4445
4867 4446
4868 4447
6661 4447
4869 4448
7187 4448
4870 4449
8425 4449
4871 4450
4872 4451
8579 4451
4873 4452
6609 4452
7200 4452
7786 4452
4874 4453
4876 4454
4877 4455
5656 4455
6478 4455
4878 4456
4879 4457
6191 4457
4880 4458
4881 4459
6531 4459
4882 4460
4883 4461
5690 4461
4884 4462
4886 4463
5691 4463
6617 4463
7217 4463
4887 4464
6586 4464
4888 4465
4889 4466
6573 4466
7221 4466
4890 4467
4891 4468
4892 4469
4894 4470
4895 4471
4896 4472
4897 4473
4898 4474
4899 4475
4900 4476
4902 4477
4903 4478
6969 4478
4904 4479
4905 4480
5424 4480
5945 4480
7193 4480
4906 4481
6752 4481
4907 4482
4908 4483
4909 4484
4910 4485
4911 4486
4912 4487
4913 4488
4914 4489
4915 4490
4916 4491
4918 4492
4919 4493
4920 4494
4921 4495
4922 4496
4924 4497
4925 4498
8079 4498
4926 4499
7955 4499
4927 4500
4928 4501
7958 4501
4929 4502
8204 4502
4930 4503
8271 4503
4931 4504
4933 4505
8022 4505
4955 4506
5677 4506
7482 4506
4956 4507
4957 4508
4958 4509
4959 4510
4960 4511
4961 4512
4962 4513
4963 4514
4964 4515
4965 4516
4966 4517
4967 4518
4968 4519
4970 4520
7218 4520
4974 4521
4976 4522
4977 4523
4978 4524
4979 4525
4980 4526
6473 4526
7191 4526
4981 4527
5904 4527
6569 4527
4982 4528
4983 4529
7206 4529
4984 4530
5047 4530
4985 4531
4987 4532
4988 4533
4990 4534
4991 4535
4992 4536
4993 4537
4994 4538
4995 4539
4996 4540
4998 4541
4999 4542
5000 4543
5001 4544
5002 4545
5003 4546
5004 4547
5005 4548
5006 4549
5007 4550
5008 4551
5951 4551
5009 4552
5010 4553
5017 4554
7989 4554
5020 4555
5021 4556
6580 4556
5025 4557
5029 4558
5032 4559
5033 4560
5034 4561
5037 4562
5038 4563
5041 4564
5043 4565
5046 4566
5048 4567
7639 4567
5051 4568
6068 4568
5052 4569
5053 4570
5055 4571
6610 4571
5056 4572
5057 4573
5058 4574
5059 4575
8254 4575
5060 4576
5061 4577
6615 4577
5065 4578
5118 4578
5068 4579
5073 4580
6626 4580
5074 4581
5076 4582
5081 4583
6177 4583
5082 4584
7243 4584
5088 4585
5094 4586
5095 4587
5099 4588
5100 4589
5103 4590
6637 4590
5104 4591
5106 4592
7652 4592
5107 4593
5116 4594
5117 4595
5119 4596
5120 4597
6851 4597
5125 4598
7146 4598
5126 4599
5138 4600
5140 4601
6859 4601
5144 4602
5148 4603
5154 4604
5404 4604
5421 4604
5155 4605
5158 4606
5159 4607
7181 4607
5160 4608
7262 4608
5161 4609
5166 4610
5167 4611
5187 4611
5170 4612
5172 4613
5175 4614
6559 4614
5179 4615
5181 4616
5185 4617
5188 4618
5190 4619
5194 4620
5196 4621
5202 4622
9222 4622
5204 4623
7367 4623
5208 4624
5209 4625
5210 4626
5215 4627
5217 4628
5221 4629
5234 4630
5237 4631
5238 4632
5239 4633
5242 4634
5247 4635
5248 4636
5249 4637
5250 4638
5252 4639
5257 4640
5259 4641
5260 4642
5262 4643
5265 4644
5268 4645
5270 4646
6965 4646
5271 4647
7628 4647
5276 4648
5282 4649
5285 4650
5287 4651
5969 4651
5288 4652
5289 4653
5976 4653
6898 4653
5290 4654
5979 4654
8801 4654
5292 4655
5988 4655
5293 4656
5294 4657
5968 4657
5295 4658
5978 4658
6899 4658
5296 4659
5982 4659
5983 4659
9278 4659
5297 4660
5989 4660
9188 4660
5298 4661
6908 4661
5299 4662
5300 4663
5301 4664
6577 4664
8110 4664
5302 4665
5303 4666
6011 4666
9385 4666
5304 4667
6931 4667
5305 4668
6933 4668
5306 4669
5307 4670
6938 4670
5308 4671
5309 4672
5310 4673
5311 4674
7923 4674
5312 4675
5313 4676
5314 4677
8031 4677
5324 4678
7389 4678
5328 4679
5329 4680
5330 4681
5333 4682
5334 4683
6413 4683
5335 4684
5337 4685
5338 4686
5339 4687
5340 4688
5342 4689
5343 4690
5344 4691
5345 4692
5346 4693
7127 4693
5347 4694
6958 4694
7402 4694
5348 4695
6564 4695
5349 4696
5350 4697
5351 4698
8454 4698
5352 4699
7168 4699
5353 4700
5354 4701
7516 4701
5355 4702
5356 4703
6793 4703
5357 4704
6769 4704
5358 4705
5359 4706
5360 4707
5361 4708
5362 4709
5363 4710
5364 4711
9991 4711
5366 4712
5367 4713
5368 4714
5370 4715
5371 4716
5372 4716
5373 4716
5374 4717
5375 4718
5376 4719
5377 4720
5378 4721
5379 4722
5380 4723
5382 4724
6012 4724
5384 4725
5386 4726
9441 4726
5387 4727
5388 4728
5389 4729
6950 4729
5390 4730
5391 4731
5392 4732
5393 4733
6035 4733
8947 4733
5394 4734
6036 4734
5395 4735
6042 4735
7932 4735
5396 4736
5397 4737
5398 4738
5465 4738
5621 4738
7990 4738
7991 4738
7992 4738
5399 4739
5400 4740
5401 4741
5403 4742
5405 4743
5406 4744
5407 4745
5408 4746
5409 4747
5410 4748
5411 4749
5413 4750
7157 4750
5414 4751
5415 4752
6607 4752
5416 4753
6627 4753
5417 4754
5419 4755
6591 4755
5420 4756
6651 4756
5422 4757
5425 4758
5950 4758
6884 4758
5426 4759
5427 4760
5946 4760
5428 4761
6600 4761
5429 4762
5430 4763
5431 4764
5432 4765
7995 4765
5433 4766
6482 4766
5434 4767
5435 4768
5436 4768
5437 4769
5438 4770
5439 4771
5440 4772
5441 4773
5442 4774
5443 4775
5445 4776
5447 4777
5448 4778
5449 4779
6287 4779
7154 4779
7767 4779
5450 4780
5452 4781
7953 4781
5453 4782
6291 4782
7176 4782
5454 4783
5455 4784
5456 4785
5457 4786
5459 4787
5460 4788
5461 4789
7624 4789
5462 4790
5463 4791
5464 4792
5466 4793
6678 4793
7229 4793
5467 4794
6575 4794
5468 4795
5469 4796
5471 4797
5472 4798
5473 4799
6647 4799
9436 4799
5477 4800
5478 4801
6605 4801
8858 4801
5479 4802
5480 4803
5481 4804
6645 4804
5482 4805
6154 4805
5484 4806
5485 4807
5486 4808
5487 4809
5488 4810
5489 4811
5490 4812
5495 4813
8176 4813
5497 4814
9267 4814
5498 4815
6850 4815
5499 4816
9268 4816
5500 4817
5501 4818
9316 4818
5502 4819
8510 4819
5503 4820
5504 4821
6824 4821
5505 4822
6819 4822
5506 4823
6822 4823
5507 4824
6799 4824
5508 4825
6862 4825
5509 4826
5510 4827
5511 4828
6860 4828
5514 4829
8512 4829
5515 4830
6820 4830
5516 4831
9280 4831
5517 4832
6805 4832
5518 4833
9273 4833
5519 4834
6854 4834
5520 4835
6830 4835
5521 4836
9079 4836
5522 4837
9276 4837
5524 4838
5528 4839
5716 4839
5532 4840
5535 4841
5539 4842
5542 4843
5546 4844
5547 4845
6835 4845
5548 4846
9166 4846
5549 4847
6823 4847
5550 4848
6842 4848
5551 4849
8780 4849
5552 4850
9082 4850
5553 4851
9173 4851
5554 4852
9161 4852
5555 4853
6132 4853
6809 4853
7541 4853
5556 4854
6845 4854
5557 4855
9191 4855
5558 4856
6816 4856
5559 4857
6814 4857
5560 4858
8542 4858
5561 4859
8532 4859
5562 4860
9084 4860
5563 4861
6801 4861
5564 4862
5565 4863
9151 4863
5569 4864
6828 4864
5570 4865
9293 4865
5571 4866
6815 4866
5572 4867
6803 4867
5573 4868
6853 4868
5574 4869
5575 4870
9294 4870
5576 4871
6797 4871
5577 4872
9379 4872
5579 4873
6864 4873
5580 4874
6826 4874
5581 4875
5582 4876
6800 4876
5583 4877
9296 4877
5584 4878
9297 4878
5585 4879
6811 4879
5586 4880
8549 4880
5587 4881
6865 4881
5588 4882
6813 4882
5589 4883
8946 4883
5590 4884
6837 4884
5591 4885
6836 4885
5592 4886
6827 4886
5593 4887
5594 4888
6855 4888
9386 4888
5595 4889
6848 4889
5597 4890
5600 4891
5602 4892
5603 4893
6657 4893
5604 4894
6628 4894
7159 4894
5605 4895
6760 4895
5606 4896
5607 4897
8458 4897
5608 4898
5609 4899
5610 4900
5611 4901
5613 4902
5615 4903
9562 4903
5616 4904
6602 4904
5617 4905
8584 4905
5618 4906
5620 4907
5622 4908
5625 4909
5627 4910
5628 4911
7228 4911
5629 4912
5630 4913
5631 4914
5632 4915
5633 4916
5634 4917
5635 4918
5636 4919
5637 4920
5638 4921
5639 4922
5640 4923
5641 4924
5642 4925
7641 4925
5643 4926
5644 4927
5645 4928
5647 4929
5648 4929
5649 4929
5650 4930
5651 4931
5652 4932
5653 4933
5802 4933
5655 4934
6659 4934
9358 4934
5657 4935
5658 4936
5659 4937
5660 4938
5661 4939
5662 4940
5663 4941
5664 4942
5665 4943
5666 4944
6293 4944
6887 4944
5667 4945
5668 4946
5670 4947
6608 4947
5672 4948
5673 4949
5674 4950
5675 4951
5676 4952
5678 4953
5680 4954
7156 4954
5681 4955
6669 4955
5682 4956
5684 4957
5685 4958
6656 4958
5686 4959
7670 4959
5687 4960
5688 4961
5689 4962
6639 4962
5692 4963
5693 4964
5694 4965
5697 4966
5698 4967
5699 4968
5701 4969
9180 4969
5702 4970
9184 4970
5703 4971
9077 4971
5704 4972
9185 4972
5705 4973
9067 4973
5706 4974
9372 4974
5707 4975
5708 4976
9186 4976
5709 4977
9311 4977
5710 4978
8916 4978
5711 4979
9319 4979
5712 4980
5713 4981
5715 4982
5717 4983
5718 4984
5721 4985
8528 4985
5722 4986
8540 4986
5723 4987
8917 4987
5724 4988
5725 4989
8112 4989
5726 4990
6134 4990
6325 4990
6326 4990
7733 4990
7734 4990
9085 4990
9321 4990
5727 4991
5728 4992
5729 4993
5730 4994
9286 4994
5731 4995
5733 4996
8940 4996
5734 4997
8860 4997
5735 4998
9317 4998
5736 4999
8849 4999
5737 5000
5738 5001
9144 5001
5739 5002
8853 5002
5740 5003
8941 5003
5741 5004
5742 5005
8854 5005
5743 5006
8868 5006
5744 5007
8861 5007
5745 5008
8117 5008
5746 5009
8862 5009
5747 5010
5748 5011
5749 5012
8865 5012
5750 5013
9328 5013
5751 5014
8121 5014
5752 5015
5753 5016
9197 5016
5754 5017
8867 5017
5755 5018
5756 5019
8866 5019
5757 5020
5758 5021
8547 5021
5759 5022
5760 5023
5761 5024
9364 5024
5762 5025
8871 5025
5763 5026
5764 5027
9336 5027
5765 5028
8873 5028
5766 5029
8554 5029
5767 5030
8874 5030
5768 5031
9329 5031
5769 5032
8735 5032
5770 5033
8869 5033
5771 5034
8122 5034
5778 5035
7475 5035
5779 5036
5780 5037
5781 5038
5782 5039
5783 5040
6057 5040
5784 5041
5785 5042
5786 5043
5787 5044
5788 5045
5789 5046
5790 5047
5791 5048
5792 5049
7134 5049
5793 5050
5794 5051
7158 5051
7768 5051
5795 5052
6961 5052
5796 5053
5797 5054
5798 5055
8494 5055
5800 5056
5801 5057
7185 5057
5804 5058
6479 5058
5805 5059
5806 5060
5807 5061
5808 5062
5809 5063
5810 5064
5811 5065
5812 5066
5813 5067
5814 5068
5815 5069
5816 5070
5817 5071
5818 5072
5819 5073
5820 5074
5821 5075
5822 5076
5826 5077
9283 5077
5827 5078
6333 5078
6974 5078
5828 5079
6976 5079
5829 5080
6977 5080
5831 5081
6667 5081
6979 5081
5832 5082
6339 5082
6981 5082
5833 5083
6986 5083
5834 5084
6346 5084
6988 5084
5835 5085
6993 5085
5836 5086
6356 5086
5837 5087
5838 5088
5839 5089
8181 5089
5840 5090
8163 5090
5841 5091
5844 5092
7004 5092
5847 5093
7011 5093
5848 5094
7019 5094
7874 5094
5850 5095
5852 5096
6604 5096
7032 5096
5853 5097
5854 5098
5855 5099
5857 5100
6367 5100
5858 5101
7045 5101
5859 5102
7046 5102
5860 5103
6370 5103
5861 5104
6584 5104
7052 5104
7928 5104
5862 5105
6672 5105
7056 5105
5863 5106
7058 5106
5864 5107
6384 5107
7059 5107
5865 5108
6387 5108
7060 5108
5866 5109
5869 5110
7070 5110
5870 5111
5871 5112
5872 5113
6401 5113
7071 5113
5873 5114
7073 5114
5874 5115
6581 5115
7075 5115
5875 5116
6634 5116
7077 5116
5876 5117
5877 5118
7629 5118
5878 5119
6172 5119
5879 5120
5880 5121
5881 5122
5882 5123
5883 5124
5884 5125
8154 5125
5885 5126
5886 5127
5887 5128
5888 5129
5889 5130
5890 5131
8216 5131
5891 5132
5892 5133
5893 5134
5895 5135
5896 5136
5897 5137
6551 5137
7132 5137
5898 5138
7137 5138
5900 5139
5901 5140
5903 5141
5905 5142
7201 5142
5906 5143
6477 5143
5907 5144
5908 5145
5910 5146
5911 5147
5912 5148
5913 5149
5914 5150
5915 5151
5918 5152
5919 5152
5920 5152
5921 5152
5922 5153
5924 5154
5925 5155
5926 5156
5927 5157
5928 5158
5929 5159
5930 5160
5931 5161
5932 5162
6046 5162
5933 5163
6594 5163
7650 5163
5934 5164
6756 5164
5935 5165
5936 5166
7141 5166
5937 5167
5938 5168
5939 5169
6588 5169
5940 5170
6655 5170
7212 5170
5941 5171
6550 5171
5942 5172
5944 5173
6858 5173
5947 5174
6966 5174
7676 5174
5948 5175
5949 5176
6840 5176
5952 5177
6545 5177
5953 5178
5954 5179
5955 5180
5956 5181
5957 5182
5959 5183
5960 5184
5962 5185
5963 5186
5964 5187
6922 5187
5965 5188
7890 5188
5966 5189
9287 5189
5967 5190
9288 5190
5970 5191
6894 5191
7855 5191
5971 5192
7857 5192
5972 5193
7856 5193
5974 5194
7859 5194
5977 5195
8511 5195
9075 5195
5980 5196
8515 5196
5981 5197
7862 5197
8748 5197
5984 5198
7863 5198
5985 5199
6901 5199
5986 5200
6902 5200
7866 5200
5987 5201
5990 5202
7869 5202
5991 5203
5992 5204
5993 5205
5994 5206
6904 5206
7871 5206
5996 5207
7872 5207
5997 5208
6905 5208
7873 5208
5998 5209
6910 5209
5999 5210
6000 5211
6001 5212
7877 5212
6002 5213
7879 5213
6003 5214
6914 5214
6004 5215
7880 5215
6005 5216
6006 5217
6917 5217
6007 5218
6918 5218
6919 5218
8920 5218
6008 5219
6742 5219
7883 5219
6009 5220
8929 5220
6013 5221
6014 5222
7894 5222
6015 5223
6928 5223
6016 5224
6929 5224
6017 5225
6687 5225
9175 5225
6018 5226
6930 5226
7896 5226
6021 5227
8811 5227
6022 5228
6934 5228
7908 5228
6023 5229
7909 5229
6024 5230
7911 5230
6025 5231
6936 5231
6026 5232
6702 5232
6027 5233
6937 5233
6028 5234
6029 5235
6942 5235
6030 5236
6725 5236
7851 5236
6031 5237
6944 5237
7870 5237
6032 5238
6033 5239
7922 5239
6034 5240
6037 5241
8123 5241
6038 5242
7926 5242
6039 5243
7927 5243
6040 5244
6951 5244
6041 5245
7930 5245
6043 5246
6044 5247
6045 5248
8558 5248
6047 5249
6048 5250
6049 5251
6050 5252
6051 5253
6052 5254
6053 5255
6054 5256
6055 5257
6056 5258
6058 5259
6059 5260
6060 5261
6061 5262
6062 5263
6064 5264
6065 5265
6066 5266
6856 5266
6067 5267
6480 5267
6786 5267
6069 5268
6070 5269
6071 5270
6073 5271
6074 5272
6075 5273
6077 5274
6078 5275
6079 5276
6080 5277
6081 5278
6082 5279
6083 5280
6084 5281
6085 5282
6086 5283
6087 5284
7525 5284
6088 5285
7306 5285
6089 5286
7355 5286
6092 5287
7260 5287
6093 5288
6094 5289
8102 5289
6095 5290
6096 5291
7295 5291
6097 5292
9309 5292
6098 5293
6099 5294
7329 5294
6100 5295
9181 5295
6102 5296
6103 5297
7361 5297
6104 5298
6105 5298
7313 5298
9182 5298
6106 5299
6107 5300
9370 5300
6109 5301
7298 5301
6110 5302
8517 5302
6111 5303
7429 5303
6112 5304
7511 5304
6113 5305
7419 5305
6114 5306
7399 5306
6115 5307
6116 5308
7364 5308
6117 5309
9078 5309
6118 5310
7471 5310
6119 5311
7515 5311
6121 5312
8729 5312
6122 5313
7400 5313
6123 5314
9281 5314
6125 5315
7369 5315
6126 5316
6127 5317
6128 5318
6129 5319
6248 5319
6130 5320
6133 5321
6135 5322
7265 5322
6136 5323
7468 5323
6137 5324
7397 5324
6139 5325
7340 5325
6140 5326
6142 5327
6144 5328
7335 5328
6146 5329
8720 5329
6148 5330
6152 5331
7430 5331
6153 5332
7479 5332
6159 5333
6161 5334
7401 5334
6162 5335
7531 5335
6164 5336
9087 5336
6168 5337
7486 5337
6169 5338
7320 5338
6170 5339
9157 5339
6173 5340
6174 5341
6175 5341
6176 5342
6178 5343
6522 5343
6179 5344
6180 5345
6181 5346
6182 5347
6183 5348
6184 5348
6185 5349
7138 5349
6186 5350
7143 5350
8463 5350
6187 5351
7162 5351
6188 5352
6189 5353
6190 5354
7192 5354
6192 5355
6595 5355
6193 5356
6194 5357
6195 5358
7795 5358
6196 5359
6197 5360
6198 5361
6199 5362
6200 5363
6201 5364
6202 5365
6203 5366
7311 5366
6204 5367
6205 5368
6206 5369
6207 5370
6208 5371
6209 5372
6210 5373
6211 5374
6212 5375
6213 5376
7642 5376
6214 5377
6215 5378
6216 5379
7415 5379
6217 5380
6218 5381
6219 5382
7404 5382
6220 5383
7318 5383
6221 5384
6222 5385
7497 5385
6223 5386
7319 5386
6224 5387
9312 5387
6225 5388
9313 5388
6226 5389
6227 5390
7000 5390
9275 5390
6228 5391
6229 5392
9189 5392
6231 5393
6235 5394
7478 5394
6239 5395
7502 5395
6240 5396
7290 5396
6241 5397
7539 5397
6242 5398
7272 5398
6243 5399
7449 5399
6244 5400
7526 5400
6247 5401
6249 5402
6250 5403
6251 5404
6252 5405
7284 5405
6253 5406
7300 5406
6254 5407
7523 5407
6255 5408
7498 5408
6256 5409
6257 5410
7490 5410
6258 5411
7261 5411
6259 5412
6260 5413
6261 5414
6262 5415
6263 5416
7588 5416
6264 5417
7590 5417
6265 5418
7591 5418
6266 5419
7592 5419
6267 5420
7593 5420
6268 5421
7594 5421
6269 5422
7595 5422
6270 5423
7596 5423
6271 5424
7598 5424
6272 5425
7600 5425
6273 5426
7601 5426
6274 5427
7602 5427
6275 5428
7603 5428
6276 5429
7604 5429
6277 5430
7605 5430
6278 5431
7606 5431
6279 5432
7607 5432
6280 5433
7608 5433
6281 5434
6282 5435
7612 5435
6283 5436
7613 5436
6284 5437
7615 5437
6285 5438
7617 5438
6286 5439
7621 5439
6289 5440
7160 5440
6292 5441
6294 5442
7773 5442
6295 5443
7230 5443
6296 5444
8071 5444
6297 5445
6298 5446
6299 5447
6300 5448
6301 5449
6302 5450
7003 5450
6303 5451
7030 5451
6304 5452
7034 5452
6305 5453
7721 5453
6306 5454
7007 5454
7723 5454
6307 5455
7008 5455
7724 5455
6309 5456
6310 5457
7568 5457
6311 5458
7569 5458
6312 5459
7035 5459
7737 5459
9285 5459
6313 5460
6314 5461
7728 5461
9292 5461
6315 5462
7014 5462
7729 5462
6316 5463
7013 5463
6317 5464
7015 5464
6318 5465
7016 5465
6319 5466
7017 5466
6320 5467
7018 5467
6321 5468
6322 5469
6323 5470
7033 5470
6327 5471
7028 5471
7735 5471
6329 5472
6332 5473
7710 5473
6334 5474
6393 5474
7712 5474
7741 5474
6335 5475
6336 5476
7713 5476
6337 5477
6980 5477
6338 5478
7552 5478
6340 5479
6983 5479
6341 5480
6982 5480
6342 5481
7714 5481
6343 5482
6985 5482
6344 5483
7553 5483
6345 5484
7554 5484
6347 5485
6987 5485
6348 5486
6989 5486
6349 5487
7715 5487
6350 5488
6990 5488
6351 5489
6352 5490
6992 5490
6353 5491
7556 5491
6354 5492
7717 5492
6355 5493
7716 5493
6357 5494
7563 5494
6358 5495
7564 5495
6359 5496
7566 5496
6360 5497
6997 5497
6361 5498
7036 5498
7738 5498
6362 5499
7696 5499
6363 5500
6365 5501
7697 5501
6366 5502
7576 5502
6368 5503
7578 5503
6369 5504
7698 5504
8756 5504
6371 5505
7048 5505
6372 5506
7700 5506
6374 5507
7701 5507
6375 5508
7053 5508
6376 5509
7702 5509
9295 5509
6377 5510
7703 5510
6378 5511
7055 5511
6379 5512
7579 5512
6380 5513
7580 5513
6381 5514
7582 5514
6383 5515
7705 5515
6385 5516
7583 5516
6386 5517
7584 5517
7918 5517
6388 5518
7706 5518
6389 5519
7586 5519
6390 5520
6391 5521
6392 5522
7739 5522
6394 5523
7063 5523
6395 5524
7547 5524
6396 5525
7548 5525
6397 5526
7066 5526
6399 5527
7069 5527
6400 5528
7746 5528
6402 5529
7747 5529
6403 5530
7614 5530
6404 5531
7618 5531
6405 5532
7620 5532
6406 5533
6407 5534
6408 5535
6409 5536
6410 5537
6411 5538
6412 5539
6414 5540
6416 5541
6417 5542
6418 5543
6419 5544
6420 5545
6421 5546
6422 5547
6423 5548
6424 5549
6425 5550
6426 5551
6427 5552
6430 5553
7489 5553
6431 5554
6432 5555
6433 5556
6434 5557
6435 5558
6436 5559
6437 5560
6438 5561
6439 5562
6440 5563
6441 5564
6442 5565
6443 5566
8298 5566
6444 5567
6445 5568
6446 5569
6447 5570
6448 5571
6449 5572
6451 5573
8139 5573
6452 5574
6454 5575
6455 5576
6456 5577
6457 5578
6458 5579
6459 5580
6460 5581
6461 5582
6462 5583
6463 5584
6464 5585
6465 5586
6466 5587
6467 5588
6468 5589
7131 5589
6470 5590
6471 5591
6472 5592
6474 5593
7196 5593
6475 5594
7790 5594
6476 5595
7209 5595
6481 5596
6483 5597
6484 5598
6485 5599
6486 5600
6487 5601
6488 5602
6489 5603
6490 5604
6491 5605
6492 5606
6493 5607
6494 5608
6495 5609
6496 5610
6654 5610
6688 5610
6497 5611
6996 5611
7718 5611
6498 5612
6499 5613
7006 5613
7722 5613
6500 5614
7012 5614
7727 5614
6501 5615
6502 5616
7021 5616
7731 5616
6503 5617
7031 5617
6504 5618
6505 5619
7062 5619
7740 5619
6506 5620
7065 5620
7742 5620
6509 5621
8035 5621
6510 5622
7754 5622
6511 5623
7140 5623
6512 5624
6513 5625
6514 5626
6515 5627
6516 5628
6517 5629
6519 5630
6520 5631
6521 5632
6523 5633
6524 5634
6526 5635
6527 5636
6528 5637
6529 5638
8066 5638
6530 5639
7656 5639
6532 5640
7222 5640
6533 5641
6534 5642
6535 5643
6536 5644
6537 5645
6538 5646
6539 5647
6540 5648
6541 5649
6542 5650
6543 5651
6544 5652
6546 5653
6547 5654
6548 5655
6994 5655
6552 5656
6554 5657
6555 5658
6556 5659
6557 5660
6558 5661
6560 5662
6562 5663
6563 5664
6565 5665
6566 5666
8840 5666
6567 5667
8839 5667
6568 5668
6570 5669
6732 5669
8430 5669
6571 5670
7169 5670
6572 5671
6574 5672
6576 5673
6578 5674
7054 5674
8758 5674
6579 5675
7147 5675
6582 5676
9599 5676
6583 5677
9064 5677
6587 5678
6589 5679
6590 5680
6592 5681
6593 5682
7171 5682
6596 5683
6597 5684
6599 5685
6603 5686
6606 5687
6611 5688
6612 5689
6613 5690
6614 5691
6618 5692
6620 5693
6621 5694
7188 5694
6622 5695
6624 5696
6625 5697
8074 5697
6630 5698
7769 5698
6631 5699
6632 5700
7651 5700
6633 5701
6635 5702
6636 5703
6638 5704
6640 5705
7142 5705
6642 5706
7129 5706
6643 5707
7149 5707
6644 5708
6646 5709
6648 5710
7165 5710
6649 5711
6652 5712
6653 5713
6658 5714
6660 5715
6663 5716
6665 5717
6670 5718
6671 5719
9437 5719
6673 5720
6674 5721
6675 5722
6677 5723
6679 5724
9236 5724
6680 5725
6681 5726
7225 5726
6682 5727
6684 5728
6685 5729
6686 5730
8838 5730
6689 5731
6690 5732
6691 5733
6692 5734
6693 5735
8581 5735
6694 5736
6695 5737
8689 5737
6696 5738
8691 5738
6697 5739
6698 5740
6699 5741
9122 5741
6700 5742
6701 5743
9374 5743
6703 5744
6704 5745
8544 5745
6705 5746
6706 5747
8845 5747
6707 5748
6708 5749
6709 5750
6710 5751
6711 5752
6713 5753
6714 5754
9086 5754
6715 5755
8710 5755
6716 5756
6717 5757
8535 5757
6718 5758
8716 5758
6719 5759
9135 5759
6721 5760
8852 5760
6722 5761
6723 5762
6724 5763
6726 5764
7438 5764
6727 5765
6728 5766
6730 5767
6731 5768
8520 5768
6733 5769
6734 5770
6735 5771
6736 5772
8844 5772
6737 5773
6738 5774
6740 5775
6741 5776
8855 5776
6743 5777
8891 5777
6746 5778
8529 5778
6747 5779
9162 5779
6748 5780
6749 5781
8546 5781
6750 5782
6753 5783
6755 5784
8787 5784
6757 5785
6758 5786
8775 5786
6761 5787
6762 5788
8534 5788
6763 5789
6764 5790
6766 5791
7492 5791
6767 5792
6768 5793
8559 5793
6771 5794
8527 5794
6772 5795
8792 5795
6773 5796
6774 5797
6776 5798
9081 5798
6777 5799
6778 5800
6779 5801
6780 5802
6781 5803
6782 5804
6783 5805
6784 5806
6785 5807
6787 5808
8810 5808
6788 5809
6789 5810
6790 5811
8818 5811
6791 5812
6792 5813
8541 5813
6794 5814
9325 5814
6795 5815
6796 5816
6798 5817
6804 5818
7686 5818
6806 5819
6807 5820
8172 5820
6808 5821
6810 5822
8841 5822
6812 5823
6817 5824
6818 5825
6821 5826
9327 5826
6825 5827
6829 5828
8842 5828
6831 5829
7366 5829
6832 5830
6833 5831
6834 5832
7784 5832
6838 5833
6927 5833
6839 5834
6841 5835
6843 5836
9330 5836
6844 5837
6846 5838
9318 5838
6847 5839
9335 5839
6849 5840
6852 5841
9324 5841
6857 5842
6861 5843
6863 5844
8835 5844
6866 5845
6867 5846
6868 5847
6869 5848
6870 5849
6871 5850
7654 5850
6872 5851
7336 5851
6873 5852
7776 5852
6874 5853
6875 5854
6876 5855
6877 5856
7679 5856
6879 5857
6880 5858
6881 5859
6882 5860
6885 5861
7496 5861
6886 5862
6888 5863
6889 5864
6890 5865
6891 5866
6892 5867
6926 5867
6893 5868
6896 5869
6897 5870
6900 5871
6907 5872
6909 5873
6911 5874
8187 5874
6912 5875
6913 5876
8847 5876
6915 5877
6916 5878
6920 5879
6921 5880
8850 5880
6923 5881
6924 5882
6925 5883
6932 5884
8943 5884
6935 5885
8864 5885
6940 5886
8872 5886
6943 5887
6945 5888
7891 5888
6946 5889
7743 5889
6947 5890
6949 5891
6952 5892
7931 5892
6953 5893
8166 5893
6954 5894
7440 5894
6955 5895
6956 5896
7759 5896
6957 5897
6959 5898
6960 5899
8283 5899
6963 5900
6964 5901
6967 5902
6968 5903
6970 5904
8334 5904
6973 5905
9368 5905
6975 5906
6978 5907
6984 5908
6991 5909
6995 5910
6998 5911
6999 5912
9170 5912
7001 5913
7002 5914
7009 5915
7020 5916
7730 5916
7022 5917
8184 5917
7023 5918
7024 5918
7025 5918
7026 5919
7027 5920
7029 5921
7037 5922
7038 5923
7530 5923
7039 5924
7040 5925
7041 5926
7042 5927
7043 5928
7044 5929
7047 5930
7050 5931
7051 5932
7057 5933
7061 5934
7064 5935
8721 5935
7074 5936
8168 5936
7076 5937
7748 5937
7078 5938
7079 5939
7084 5940
7085 5941
7755 5941
7086 5942
7087 5943
7088 5944
7089 5945
7090 5946
7091 5947
7092 5948
7093 5949
7423 5949
7094 5950
7095 5951
7096 5952
7097 5953
7098 5954
7099 5955
7100 5956
7101 5957
7102 5958
7103 5959
8155 5959
7104 5960
7105 5961
7106 5962
7107 5963
7108 5964
7109 5965
7110 5966
7111 5967
7112 5968
7114 5969
7115 5970
7116 5971
7117 5972
7118 5972
7119 5973
7120 5974
7121 5975
7122 5976
7123 5977
7124 5978
7125 5978
7126 5979
7128 5980
7133 5981
7136 5982
7144 5983
7145 5984
7148 5985
7150 5986
8493 5986
7151 5987
7153 5988
7155 5989
7161 5990
7163 5991
7164 5992
7167 5993
8077 5993
7170 5994
7778 5994
7172 5995
7173 5996
7174 5997
7175 5998
7177 5999
7180 6000
7183 6001
7184 6002
7186 6003
7189 6004
7190 6005
7194 6006
7195 6007
7197 6008
7198 6009
8175 6009
7199 6010
7785 6010
7202 6011
7203 6012
7766 6012
7204 6013
7205 6014
7208 6015
7536 6015
7211 6016
7792 6016
7213 6017
7214 6018
7215 6019
7216 6020
7219 6021
7220 6022
7224 6023
7226 6024
7227 6025
7231 6026
7232 6027
7233 6028
7234 6029
7235 6030
7236 6031
7237 6032
7238 6033
7239 6034
7240 6035
7241 6036
7244 6037
7245 6038
7246 6039
7247 6040
7248 6041
7249 6042
7250 6043
7251 6044
7252 6045
7253 6046
7836 6046
7254 6047
7255 6048
8907 6048
7256 6049
7258 6050
7259 6051
7263 6052
7264 6053
7266 6054
7267 6055
7268 6056
7269 6057
7273 6058
7274 6059
7317 6059
7333 6059
7437 6059
7793 6059
7276 6060
9635 6060
7277 6061
7279 6062
7280 6063
7281 6064
7282 6065
7283 6066
7285 6067
7286 6068
7287 6069
7765 6069
7288 6070
7289 6071
7291 6072
7292 6073
7293 6074
7294 6075
7296 6076
7297 6077
7299 6078
7301 6079
7302 6080
7303 6081
7304 6082
7305 6083
8182 6083
7307 6084
7309 6085
7310 6086
7312 6087
7314 6088
7321 6089
7413 6089
7323 6090
7324 6091
7325 6092
7326 6093
7327 6094
8180 6094
7328 6095
8503 6095
8702 6095
8733 6095
8813 6095
8819 6095
7331 6096
7337 6097
7338 6098
7339 6099
7341 6100
7344 6101
7345 6102
7346 6103
7771 6103
7347 6104
7348 6105
7519 6105
7349 6106
7353 6107
7354 6108
7356 6109
7357 6110
7359 6111
7360 6112
7362 6113
7363 6114
7365 6115
7368 6116
7671 6116
7677 6116
7370 6117
7371 6118
7372 6119
7373 6120
7374 6121
7375 6122
7376 6123
7377 6124
7379 6125
7380 6126
7381 6127
7382 6128
7383 6129
7385 6130
7387 6131
7388 6132
7390 6133
7391 6134
7392 6135
7393 6136
7394 6137
7395 6138
7396 6139
7398 6140
8321 6140
7405 6141
7406 6142
7407 6143
7408 6144
7410 6145
7411 6146
7414 6147
7418 6148
7420 6149
7422 6150
7424 6151
7425 6152
7426 6153
7427 6154
7428 6155
7431 6156
7432 6157
9266 6157
9543 6157
7433 6158
7434 6159
7435 6160
7436 6161
7439 6162
7441 6163
7442 6164
7443 6165
7444 6166
7446 6167
7447 6168
7448 6169
7450 6169
7451 6170
7452 6171
7453 6172
7455 6173
7456 6174
7457 6175
7458 6176
7459 6177
7460 6178
7461 6179
7462 6180
7463 6181
7464 6182
7466 6183
7467 6184
7469 6185
7470 6186
7472 6187
7473 6188
7474 6189
7477 6190
7480 6191
7481 6192
7483 6193
7484 6194
7485 6195
7487 6196
7488 6197
7491 6198
7493 6199
7685 6199
9542 6199
7494 6200
7495 6201
7499 6202
7500 6203
7503 6204
7504 6205
7505 6206
7506 6207
7508 6208
7509 6209
7510 6210
7512 6211
7513 6212
7514 6213
7517 6214
7520 6215
7521 6216
7524 6217
7799 6217
7810 6217
7527 6218
7528 6219
7529 6220
7533 6221
7534 6222
7535 6223
7540 6224
7542 6225
7544 6226
7545 6227
7546 6228
7549 6229
7555 6230
7557 6231
7558 6232
7559 6233
7570 6234
7571 6235
7573 6236
7574 6237
7893 6237
7575 6238
7577 6239
7581 6240
7585 6241
7587 6242
7589 6243
7597 6244
7599 6245
7609 6246
7610 6247
7611 6248
7616 6249
7619 6250
7622 6251
7623 6252
8224 6252
7630 6253
7631 6254
7632 6255
7643 6256
7645 6257
7646 6258
7647 6259
7648 6260
7649 6261
7653 6262
7655 6263
7657 6264
7658 6265
7659 6266
7660 6267
7661 6268
7662 6269
7663 6270
7664 6271
7665 6272
7666 6273
7797 6273
7667 6274
7668 6275
7669 6276
7673 6277
7674 6278
7675 6279
7678 6280
7680 6281
7681 6282
7682 6283
7683 6284
7684 6285
7687 6286
7688 6287
7689 6288
7690 6289
7691 6290
7692 6291
7693 6292
7694 6293
7695 6294
7707 6295
7711 6296
7719 6297
7720 6298
7726 6299
7732 6300
7736 6301
7744 6302
7749 6303
8170 6303
7750 6304
7751 6305
7752 6306
7753 6307
7760 6308
7761 6309
7762 6310
7763 6311
7764 6312
7770 6313
7772 6314
7774 6315
7775 6316
7777 6317
7779 6318
7780 6319
7781 6320
7782 6321
7783 6322
7787 6323
7788 6324
7789 6325
7791 6326
7794 6327
7796 6328
7798 6329
7800 6330
7801 6330
7802 6331
7803 6332
7804 6333
7805 6334
7806 6335
7807 6336
7808 6337
7809 6338
7811 6339
7812 6340
7813 6341
7814 6342
7815 6343
7816 6344
7817 6345
7818 6346
7819 6347
7820 6348
7821 6349
7822 6350
7823 6351
7824 6352
7825 6353
7826 6354
7827 6355
7828 6356
7830 6357
7831 6358
8796 6358
7832 6359
7833 6360
7834 6361
7835 6362
7837 6363
7838 6364
7839 6365
7840 6366
7841 6367
8773 6367
8790 6367
7842 6368
7843 6369
7844 6369
7845 6370
7846 6371
7847 6372
7848 6373
7849 6374
7850 6375
7852 6376
7853 6377
7854 6378
7860 6379
7861 6380
7864 6381
7865 6382
7867 6383
7868 6384
7875 6385
7876 6386
7878 6387
7881 6388
7882 6389
7884 6390
7885 6391
7886 6392
7887 6393
7888 6394
7889 6395
7895 6396
7899 6397
7900 6398
7901 6399
7902 6400
7903 6401
7904 6402
7905 6403
7906 6404
7907 6405
7910 6406
7912 6407
7913 6408
7914 6409
7915 6410
7916 6411
7917 6412
7919 6413
7920 6414
7921 6415
7924 6416
7925 6417
8178 6417
7929 6418
7933 6419
8174 6419
7938 6420
7939 6421
7944 6422
7945 6423
8129 6423
7948 6424
7950 6425
8133 6425
7952 6426
7959 6427
7960 6428
7961 6429
7962 6430
7968 6431
7973 6432
7974 6432
7976 6433
7977 6434
7978 6435
7979 6436
7981 6437
7983 6438
7985 6439
7987 6440
8000 6441
8001 6442
8003 6443
8004 6443
8006 6444
8007 6445
8008 6446
8142 6446
8009 6447
8010 6448
8012 6449
8013 6450
8015 6451
8024 6452
8026 6453
8027 6454
8028 6454
8032 6455
8034 6455
8033 6456
8036 6457
8037 6458
8038 6459
8039 6460
8040 6461
8041 6462
8047 6463
8048 6464
8049 6465
8050 6466
8052 6467
8053 6468
8054 6469
8055 6470
8056 6471
8057 6472
8058 6473
8059 6474
8060 6475
8061 6475
8062 6475
8063 6476
8064 6477
8065 6478
8067 6479
8068 6480
8069 6481
8070 6482
8072 6483
8073 6484
8075 6485
8076 6486
8078 6487
8080 6488
8085 6489
8086 6490
8087 6491
8088 6492
8089 6493
8091 6494
8093 6495
8096 6496
8097 6497
8098 6498
9271 6498
8099 6499
8100 6500
8101 6501
8103 6502
8104 6503
8105 6504
8106 6505
8107 6506
8108 6507
9190 6507
8109 6508
8111 6509
8113 6510
8114 6511
8115 6512
8116 6512
8118 6513
8119 6514
8120 6515
8124 6516
8125 6517
8127 6518
8130 6519
8131 6520
8134 6521
8136 6522
8137 6523
8141 6524
8143 6525
8144 6526
8147 6527
8149 6528
8950 6528
8153 6529
8156 6530
8157 6531
8159 6532
8160 6533
8162 6534
8164 6535
8167 6536
8169 6537
8171 6538
8173 6539
8177 6540
8179 6541
8183 6542
8185 6543
8189 6544
8190 6545
8191 6546
8192 6547
8193 6548
8194 6549
8195 6550
8196 6551
8197 6552
8198 6553
8199 6554
8203 6555
8206 6556
8207 6557
8211 6558
8213 6559
8214 6560
8220 6561
8221 6562
8222 6563
8225 6564
8227 6565
8228 6566
8229 6567
8230 6568
8231 6569
8346 6569
8232 6570
8233 6571
8235 6571
8234 6572
8236 6573
8237 6574
8238 6575
8239 6576
8240 6577
8241 6578
8242 6579
8243 6580
8244 6581
8245 6581
8246 6581
8247 6581
8248 6581
8249 6581
8250 6581
8251 6582
8252 6583
8253 6584
8255 6585
8256 6586
8257 6587
8258 6588
8350 6588
8259 6589
8260 6590
8261 6591
8265 6592
8266 6593
8267 6594
8268 6595
8269 6595
8270 6595
8273 6596
8275 6597
8276 6598
8277 6599
8278 6600
8279 6601
8280 6602
8281 6603
8282 6604
8284 6605
8285 6606
8286 6607
8287 6608
8288 6609
8289 6610
8330 6610
8290 6611
8291 6612
8292 6613
8293 6614
8294 6615
8295 6616
8296 6617
8297 6618
8299 6619
8300 6620
8301 6621
8302 6622
8303 6623
8304 6624
8305 6625
8306 6626
8307 6627
8308 6627
8309 6628
8310 6629
8311 6630
8313 6631
8314 6632
8315 6633
8316 6634
8317 6635
8318 6636
8972 6636
9019 6636
8319 6637
8320 6638
8322 6639
8323 6640
8324 6641
8325 6642
8326 6643
8327 6644
8328 6645
8329 6646
8331 6647
8332 6648
8333 6649
8335 6650
8336 6651
8337 6652
9097 6652
8339 6653
8340 6654
8341 6655
8342 6656
8343 6657
8344 6658
8345 6659
8347 6660
8348 6661
8349 6662
8351 6663
8352 6664
8353 6665
8354 6666
8355 6667
8356 6668
8358 6668
8357 6669
8359 6670
8360 6671
8361 6672
8362 6673
8363 6674
8365 6675
8366 6676
8367 6677
8369 6678
8371 6679
8372 6680
8373 6681
8374 6682
8375 6683
8376 6684
8377 6685
8378 6686
8379 6687
8380 6688
8381 6689
8382 6690
8383 6691
8384 6692
8385 6693
8386 6694
8387 6695
8388 6696
8390 6697
8391 6698
8392 6699
8393 6700
8394 6701
8395 6702
8396 6703
8397 6704
8398 6705
8399 6706
8402 6707
8403 6708
8405 6709
8406 6710
8407 6711
8409 6712
8410 6713
9521 6713
8411 6714
8412 6715
8413 6716
8414 6717
8415 6718
8416 6719
8417 6720
8418 6721
8419 6722
8420 6723
8421 6724
8422 6724
8423 6725
8424 6726
8495 6726
8426 6727
8427 6728
8428 6729
8429 6730
8431 6731
8432 6732
8433 6733
8434 6734
8435 6735
8436 6736
8437 6737
8438 6738
8439 6739
8448 6739
8440 6740
8441 6741
9247 6741
8442 6742
8443 6743
8444 6744
8445 6745
8446 6746
8447 6747
8449 6748
8450 6749
8451 6750
8452 6751
8453 6752
8455 6753
8456 6754
8457 6755
8459 6756
8460 6757
8461 6758
8462 6759
8464 6760
8465 6761
8466 6762
8468 6763
8469 6764
8470 6765
8471 6766
8472 6767
8473 6768
8474 6769
8476 6770
8477 6771
8478 6772
8480 6773
9088 6773
8481 6774
8482 6775
8483 6776
8484 6777
8485 6778
8486 6779
8487 6780
8488 6781
8489 6782
8490 6783
8491 6784
8492 6785
8496 6786
8497 6787
8498 6788
8499 6789
8673 6789
8500 6790
8501 6791
8502 6792
8504 6793
8505 6794
8506 6795
8507 6796
8508 6797
8509 6798
8513 6799
8514 6800
8516 6801
8518 6802
8519 6803
8521 6804
8786 6804
8522 6805
8523 6806
8524 6807
8803 6807
8525 6808
8530 6809
8531 6810
8536 6811
8537 6812
8543 6813
8545 6814
8550 6815
8551 6816
8553 6817
8555 6818
8556 6819
8557 6820
8560 6821
8561 6822
8562 6823
8563 6824
8564 6825
8565 6826
8566 6827
8567 6828
8568 6829
8699 6829
8569 6830
8570 6831
9244 6831
8571 6832
8572 6833
8573 6834
8574 6835
8575 6836
9114 6836
9123 6836
8576 6837
8577 6838
8578 6839
8580 6840
8582 6841
8583 6842
8585 6843
8586 6844
8587 6845
8588 6846
8589 6847
8590 6848
8591 6849
8627 6849
8592 6850
8593 6851
8594 6852
8595 6853
8596 6854
8597 6855
8598 6856
8599 6857
8600 6858
8601 6859
8602 6860
8603 6861
8604 6862
8605 6863
8606 6864
8607 6865
8608 6866
8609 6867
8610 6868
8611 6869
8612 6870
8613 6871
8614 6872
8615 6873
8616 6874
8617 6875
8618 6876
8619 6877
8620 6878
8621 6879
8622 6880
9413 6880
8623 6881
8624 6882
8625 6883
8626 6884
8628 6885
8629 6886
8630 6887
8631 6888
8632 6889
8633 6890
8634 6891
8635 6892
8636 6893
8637 6894
8638 6895
8639 6896
8640 6897
8641 6898
8642 6899
8643 6900
8644 6900
8645 6900
8646 6901
8647 6902
8648 6903
8649 6904
8650 6905
8651 6906
8666 6906
8652 6907
8653 6908
8654 6909
8655 6910
8656 6911
8657 6912
8658 6913
8659 6914
8660 6915
8661 6916
8662 6917
8663 6918
8664 6919
8665 6919
8667 6920
8668 6921
8669 6921
8670 6921
8671 6921
8672 6921
8674 6922
8675 6923
8676 6924
8677 6925
8678 6926
8679 6927
8680 6928
8681 6929
8682 6930
8683 6931
8684 6932
8685 6933
8686 6934
8687 6935
8688 6936
8690 6937
8692 6938
8693 6939
8694 6940
8695 6941
8696 6942
8697 6943
8698 6944
8700 6945
8707 6945
8715 6945
8804 6945
8701 6946
8703 6947
8704 6948
8705 6949
8706 6950
8708 6951
8711 6952
8712 6953
8713 6954
8714 6955
8717 6956
8718 6957
8719 6958
8722 6959
8723 6960
8724 6961
8725 6962
8726 6963
8727 6964
8728 6965
8730 6966
8731 6967
8732 6968
8734 6969
8736 6970
8737 6971
8738 6972
8739 6973
8741 6974
8744 6974
8742 6975
8743 6976
8788 6976
8745 6977
8747 6978
8750 6979
8752 6980
8753 6981
8754 6982
8755 6983
8757 6984
8759 6985
8761 6986
8762 6987
8763 6988
8764 6989
8766 6990
8767 6991
8768 6992
8769 6993
8770 6994
8771 6995
8772 6996
8774 6997
8776 6998
8778 6999
8779 7000
8781 7001
8782 7002
8783 7003
8784 7004
8785 7005
8789 7006
8791 7007
8793 7008
8794 7009
8795 7010
8797 7011
8798 7012
8799 7013
8800 7014
8802 7015
9176 7015
8805 7016
8806 7017
8807 7018
8808 7019
8809 7020
8812 7021
8814 7022
8815 7023
8816 7024
8817 7025
8820 7026
8821 7027
8822 7028
8823 7029
8824 7030
8825 7031
8826 7032
8827 7033
8828 7034
8829 7035
8830 7036
8831 7037
8832 7038
8833 7039
8834 7040
8837 7041
9270 7041
8843 7042
8846 7043
8856 7044
8857 7045
8859 7046
8863 7047
8870 7048
8875 7049
8876 7050
8877 7051
8878 7052
8881 7053
8882 7054
8883 7055
8884 7056
8885 7057
8886 7058
8887 7058
8957 7058
8888 7059
8890 7060
8892 7061
8893 7062
8894 7063
8895 7064
8896 7065
8897 7066
8898 7067
8899 7068
8900 7069
8901 7070
8902 7071
8903 7072
8904 7073
8905 7074
8906 7075
8908 7076
9051 7076
9052 7076
8909 7077
8910 7078
8911 7079
8912 7080
8913 7081
8914 7082
8915 7083
8918 7084
8919 7085
8921 7086
8922 7087
8923 7088
8924 7089
8925 7090
8926 7091
8927 7092
8928 7093
8931 7094
8932 7095
8933 7096
8934 7097
8935 7098
8936 7099
8939 7100
8942 7101
8944 7102
8945 7103
8948 7104
8949 7105
8951 7106
8952 7107
8953 7108
8954 7109
8955 7110
8956 7111
8958 7112
8959 7113
8960 7114
8961 7115
8962 7116
8963 7117
8964 7118
8965 7119
8966 7120
8967 7121
8968 7122
8969 7123
8970 7124
8971 7125
8973 7126
8974 7127
9031 7127
8975 7128
8976 7129
8977 7130
8978 7131
8979 7132
8980 7133
8981 7134
8982 7135
8983 7136
8984 7137
8985 7138
9229 7138
8986 7139
8987 7140
8988 7141
8989 7142
8990 7143
8991 7144
8992 7145
8993 7146
8994 7147
8995 7148
8996 7149
8997 7150
8998 7151
8999 7152
9000 7153
9001 7154
9002 7155
9003 7156
9004 7157
9005 7158
9006 7159
9007 7160
9008 7161
9009 7162
9010 7163
9011 7164
9012 7165
9013 7166
9014 7167
9015 7167
9016 7168
9017 7169
9018 7170
9020 7171
9021 7172
9022 7173
9023 7174
9024 7175
9025 7176
9026 7177
9027 7178
9028 7179
9029 7180
9030 7181
9032 7182
9033 7183
9034 7183
9035 7184
9036 7185
9037 7186
9038 7187
9039 7188
9040 7189
9041 7190
9042 7191
9043 7192
9044 7193
9045 7194
9046 7195
9047 7196
9048 7197
9049 7198
9050 7199
9053 7200
9054 7201
9055 7202
9056 7203
9057 7204
9058 7205
9059 7206
9060 7207
9061 7208
9062 7209
9063 7210
9065 7211
9066 7212
9068 7213
9069 7214
9070 7215
9071 7216
9072 7217
9073 7218
9074 7219
9076 7220
9080 7221
9083 7222
9089 7223
9090 7224
9092 7225
9093 7226
9094 7227
9096 7228
9098 7229
9099 7230
9100 7231
9101 7232
9102 7233
9103 7234
9104 7235
9105 7236
9106 7237
9107 7238
9108 7239
9109 7240
9110 7241
9111 7242
9112 7243
9113 7244
9115 7245
9116 7246
9117 7247
9118 7248
9119 7249
9120 7250
9121 7251
9124 7252
9125 7253
9127 7254
9128 7255
9129 7256
9130 7257
9131 7258
9132 7259
9134 7260
9136 7261
9139 7262
9154 7262
9140 7263
9141 7264
9142 7265
9143 7266
9145 7267
9146 7268
9147 7269
9148 7270
9149 7271
9150 7272
9152 7273
9332 7273
9153 7274
9156 7275
9158 7276
9159 7277
9163 7278
9164 7279
9251 7279
9165 7280
9167 7281
9168 7282
9178 7282
9169 7283
9171 7284
9172 7285
9174 7286
9177 7287
9179 7288
9183 7289
9187 7290
9192 7291
9193 7292
9255 7292
9194 7293
9195 7294
9196 7295
9198 7296
9199 7297
9200 7298
9201 7299
9202 7300
9203 7301
9204 7302
9205 7303
9207 7304
9208 7305
9209 7306
9210 7307
9211 7308
9212 7309
9213 7310
9215 7311
9216 7312
9217 7313
9218 7314
9219 7315
9220 7316
9221 7317
9223 7318
9224 7319
9225 7320
9226 7321
9227 7322
9228 7323
9230 7324
9231 7325
9232 7326
9233 7327
9234 7328
9235 7329
9237 7330
9238 7331
9240 7332
9241 7333
9242 7334
9243 7335
9245 7336
9246 7337
9248 7338
9249 7339
9250 7340
9253 7341
9254 7342
9256 7343
9257 7344
9258 7345
9259 7346
9260 7347
9261 7348
9262 7349
9263 7350
9264 7351
9265 7352
9272 7353
9274 7354
9277 7355
9279 7356
9282 7357
9284 7358
9289 7359
9290 7360
9291 7361
9298 7362
9299 7363
9300 7364
9301 7365
9302 7366
9303 7367
9304 7368
9305 7369
9306 7370
9307 7371
9308 7372
9310 7373
9320 7374
9322 7375
9326 7376
9331 7377
9333 7378
9334 7379
9337 7380
9338 7381
9339 7382
9340 7383
9341 7384
9342 7385
9343 7386
9344 7387
9345 7388
9346 7389
9348 7390
9349 7391
9351 7392
9352 7393
9353 7394
9354 7395
9355 7396
9356 7397
9357 7398
9359 7399
9360 7400
9361 7401
9362 7402
9363 7403
9365 7404
9366 7405
9367 7406
9369 7407
9371 7408
9373 7409
9375 7410
9376 7411
9377 7412
9378 7413
9381 7414
9382 7414
9389 7414
9383 7415
9384 7416
9387 7417
9388 7418
9390 7419
9391 7420
9392 7421
9393 7422
9394 7423
9395 7424
9396 7425
9397 7426
9398 7427
9399 7428
9400 7429
9401 7430
9402 7431
9403 7432
9404 7433
9405 7434
9406 7435
9407 7436
9408 7437
9409 7438
9410 7439
9411 7440
9412 7441
9414 7442
9415 7443
9416 7444
9417 7445
9418 7446
9419 7447
9420 7448
9421 7449
9422 7450
9423 7451
9424 7452
9425 7453
9426 7454
9428 7455
9429 7456
9430 7457
9431 7458
9432 7459
9433 7460
9435 7461
9438 7462
9439 7463
9440 7464
9442 7465
9443 7466
9445 7467
9446 7468
9447 7469
9448 7470
9449 7471
9450 7472
9451 7473
9452 7474
9453 7475
9454 7475
9455 7475
9456 7475
9457 7476
9458 7477
9459 7478
9460 7479
9461 7480
9462 7481
9463 7482
9464 7483
9465 7484
9466 7485
9467 7486
9468 7487
9469 7488
9470 7489
9471 7490
9472 7491
9473 7492
9474 7493
9478 7493
9475 7494
9476 7495
9477 7496
9479 7497
9480 7498
9481 7499
9482 7500
9483 7501
9484 7502
9485 7503
9489 7503
9490 7503
9486 7504
9487 7505
9495 7505
9497 7505
9498 7505
9488 7506
9491 7507
9492 7508
9493 7509
9494 7510
9496 7511
9500 7512
9501 7513
9502 7514
9503 7515
9504 7516
9505 7517
9506 7518
9507 7518
9508 7518
9509 7519
9510 7520
9511 7521
9512 7522
9513 7523
9514 7524
9515 7525
9516 7526
9517 7527
9518 7528
9519 7529
9520 7530
9522 7531
9523 7532
9524 7533
9525 7534
9526 7535
9527 7536
9528 7537
9529 7538
9530 7539
9531 7540
9532 7540
9534 7540
9535 7540
9536 7540
9537 7540
9533 7541
9538 7542
9539 7543
9540 7544
9541 7545
9544 7546
9545 7547
9546 7548
9547 7549
9548 7550
9549 7551
9570 7551
9550 7552
9551 7553
9552 7554
9553 7555
9554 7556
9555 7557
9556 7558
9557 7559
9558 7560
9559 7561
9560 7562
9561 7563
9563 7564
9564 7565
9565 7566
9566 7567
9567 7568
9568 7569
9575 7569
9579 7569
9611 7569
9631 7569
9643 7569
9668 7569
9676 7569
9569 7570
9571 7571
9572 7572
9573 7573
9574 7574
9576 7575
9577 7576
9578 7577
9580 7578
9632 7578
9633 7578
9581 7579
9582 7580
9583 7581
9584 7582
9585 7583
9586 7584
9587 7585
9588 7586
9589 7587
9590 7588
9591 7589
9592 7590
9593 7591
9594 7592
9595 7593
9596 7594
9597 7595
9598 7596
9600 7597
9601 7598
9602 7599
9603 7600
9604 7601
9605 7602
9606 7603
9607 7603
9608 7604
9609 7605
9610 7606
9612 7607
9613 7608
9614 7609
9615 7610
9616 7611
9617 7612
9618 7613
9619 7614
9620 7615
9621 7616
9622 7617
9623 7618
9624 7619
9625 7620
9626 7621
9627 7622
9628 7623
9629 7624
9630 7625
9634 7626
9636 7627
9637 7628
9639 7629
9640 7630
9641 7631
9642 7632
9644 7633
9645 7634
9646 7634
9647 7635
9648 7635
9649 7636
9650 7637
9651 7638
9652 7639
9653 7640
9654 7641
9655 7642
9656 7643
9657 7644
9658 7645
9659 7646
9660 7647
9661 7648
9662 7649
9663 7650
9664 7651
9665 7652
9666 7653
9667 7654
9669 7655
9670 7656
9671 7657
9673 7657
9672 7658
9674 7659
9675 7660
9677 7661
9678 7662
9679 7663
9680 7664
9681 7665
9682 7666
9683 7667
9684 7668
9685 7669
9686 7670
9687 7671
9688 7672
9689 7673
9690 7674
9691 7675
9692 7676
9693 7677
9694 7678
9695 7679
9696 7680
9697 7681
9698 7682
9699 7683
9700 7684
9701 7685
9702 7686
9703 7687
9704 7688
9705 7689
9706 7690
9707 7691
9708 7692
9709 7693
9710 7694
9711 7695
9712 7696
9713 7697
9750 7697
9762 7697
9851 7697
9877 7697
9714 7698
9715 7699
9716 7700
9717 7701
9718 7702
9719 7703
9720 7704
9721 7705
9722 7706
9723 7707
9724 7708
9725 7709
9726 7710
9727 7711
9728 7712
9729 7713
9730 7714
9731 7715
9732 7716
9733 7717
9734 7718
9735 7719
9736 7720
9737 7721
9738 7722
9739 7723
9740 7724
9741 7725
9742 7726
9743 7727
9744 7728
9745 7729
9746 7730
9748 7731
9749 7732
9751 7733
9752 7734
9753 7735
9754 7736
9755 7737
9756 7738
9757 7739
9758 7740
9759 7741
9760 7742
9761 7743
9763 7744
9764 7745
9765 7746
9766 7747
9767 7748
9768 7749
9769 7750
9770 7751
9771 7752
9772 7753
9773 7754
9774 7755
9775 7756
9776 7757
9777 7758
9778 7759
9779 7760
9780 7761
9781 7762
9782 7763
9783 7764
9784 7765
9785 7766
9786 7767
9787 7768
9788 7769
9789 7770
9790 7771
9791 7772
9792 7773
9793 7774
9794 7775
9795 7776
9796 7777
9797 7778
9798 7779
9799 7780
9800 7781
9801 7782
9802 7783
9803 7784
9804 7785
9805 7786
9806 7787
9807 7788
9808 7789
9809 7790
9810 7791
9811 7792
9812 7793
9813 7794
9814 7795
9815 7796
9816 7797
9817 7798
9818 7799
9819 7800
9820 7801
9821 7802
9822 7803
9823 7804
9824 7805
9825 7806
9826 7807
9827 7808
9828 7809
9829 7810
9830 7811
9831 7812
9832 7813
9833 7814
9834 7815
9835 7816
9836 7817
9837 7818
9838 7819
9840 7820
9841 7821
9843 7822
9844 7823
9845 7824
9846 7825
9847 7826
9848 7827
9849 7828
9850 7829
9852 7830
9853 7831
9854 7832
9855 7833
9857 7834
9858 7835
9859 7836
9860 7837
9861 7838
9862 7839
9863 7840
9864 7841
9865 7842
9866 7843
9867 7844
9868 7845
9869 7846
9870 7847
9871 7848
9872 7849
9873 7850
9874 7851
9875 7852
9876 7853
9878 7854
9879 7855
9880 7856
9881 7857
9882 7858
9883 7859
9884 7860
9885 7861
9886 7862
9887 7863
9888 7864
9889 7865
9890 7866
9891 7867
9892 7868
9893 7869
9894 7870
9895 7871
9896 7872
9897 7873
9898 7874
9899 7875
9900 7876
9901 7877
9902 7878
9903 7879
9904 7880
9905 7881
9906 7882
9907 7883
9908 7884
9909 7885
9910 7886
9911 7887
9912 7888
9913 7889
9914 7890
9915 7891
9916 7892
9917 7893
9918 7894
9919 7895
9920 7896
9921 7897
9922 7898
9923 7899
9924 7900
9925 7901
9926 7902
9927 7903
9928 7904
9929 7905
9930 7906
9931 7907
9932 7908
9933 7909
9934 7910
9935 7911
9936 7912
9937 7913
9938 7914
9939 7915
9940 7916
9941 7917
9942 7918
9943 7919
9944 7920
9945 7921
9946 7922
9947 7923
9948 7924
9949 7925
9950 7926
9951 7927
9952 7928
9953 7929
9954 7930
9955 7931
9956 7932
9957 7933
9958 7934
9959 7935
9960 7936
9961 7937
9962 7938
9963 7939
9964 7940
9965 7941
9966 7942
9967 7943
9968 7944
9969 7945
9970 7946
9971 7947
9972 7948
9973 7949
9974 7950
9975 7951
9976 7952
9977 7953
9978 7954
9979 7955
9980 7956
9981 7957
9982 7958
9983 7959
9984 7960
9985 7961
9986 7962
9988 7963
9990 7964
9992 7965
9993 7966
9995 7967
9996 7968
9997 7969
