4096
5170000000000
867390000000000
18610000000000
1878730000000000
30000000000
81550000000000
5830000000000
44350000000000
209550000000000
3546230000000000
3965070000000000
378330000000000
23330000000000
378230000000000
4284850000000000
5244590000000000
227970000000000
17790000000000
297770000000000
1650450000000000
326610000000000
851570000000000
350000000000
597790000000000
4090000000000
1670250000000000
11000790000000000
2977670000000000
268910000000000
1228130000000000
5726990000000000
1194590000000000
136346650000000000
127218050000000000
126531530000000000
11389790000000000
381619230000000000
337844530000000000
334676890000000000
302022650000000000
69044090000000000
67092150000000000
7455350000000000
102890000000000
43579430000000000
41867450000000000
30774070000000000
24549290000000000
21082970000000000
4182350000000000
603290000000000
197730000000000
102890000000000
84999650000000000
62295810000000000
5359030000000000
291930000000000
42269690000000000
87610000000000
856070000000000
1882090000000000
686070000000000
1099630000000000
195159470000000000
50479330000000000
19042270000000000
57050000000000
289319230000000000
262276350000000000
248532070000000000
132362350000000000
109088710000000000
75965110000000000
35584110000000000
5766550000000000
5658250000000000
2704390000000000
159990000000000
105316970000000000
35432850000000000
37312510000000000
37212830000000000
35465650000000000
29144210000000000
23049770000000000
140796410000000000
69932670000000000
77665410000000000
37947730000000000
7742110000000000
5258930000000000
72585350000000000
52820030000000000
12999870000000000
584210000000000
22023290000000000
11111530000000000
487626370000000000
411915510000000000
363011650000000000
360612710000000000
191079150000000000
118341570000000000
112891350000000000
57069930000000000
216518410000000000
157481330000000000
152158730000000000
96245110000000000
2510450000000000
16812110000000000
7738770000000000
106394430000000000
27551430000000000
23589390000000000
10672590000000000
270000000000
1583970930000000000
1487909050000000000
1425078510000000000
1382411390000000000
1252031770000000000
1163170150000000000
1123284850000000000
1122080930000000000
1111212990000000000
1107826010000000000
1074492070000000000
1053026690000000000
1023784890000000000
1020258730000000000
1017892130000000000
824413410000000000
822081970000000000
821581070000000000
818048870000000000
724291010000000000
669574950000000000
658290410000000000
616677230000000000
611625790000000000
552709630000000000
548339310000000000
522872130000000000
477961210000000000
472867270000000000
369481110000000000
364643610000000000
344644650000000000
328682430000000000
318903770000000000
241924990000000000
144991770000000000
104283310000000000
27277130000000000
4277790000000000
40736950000000000
1049890000000000
692390000000000
38149670000000000
3957610000000000
275218490000000000
227891270000000000
222273990000000000
151757670000000000
8155370000000000
22101830000000000
4144110000000000
74099490000000000
52142530000000000
28867310000000000
2887530000000000
1148570000000000
140561330000000000
109473590000000000
88020670000000000
30879070000000000
30493830000000000
13311010000000000
6123790000000000
362030000000000
261698930000000000
231217470000000000
213794090000000000
157286390000000000
133286170000000000
105509870000000000
75278770000000000
18287110000000000
62452550000000000
4115650000000000
108623730000000000
98937570000000000
84257950000000000
1192090000000000
52914190000000000
95316910000000000
33378010000000000
4333030000000000
30000000000
110313610000000000
101553390000000000
775490000000000
109147990000000000
84952070000000000
37937410000000000
758090000000000
202050000000000
285284550000000000
245510950000000000
125836790000000000
98115850000000000
482750000000000
62476170000000000
57301990000000000
197069230000000000
189615610000000000
166447010000000000
59397090000000000
827545150000000000
783292530000000000
713883650000000000
593315410000000000
584561490000000000
578293670000000000
572413130000000000
552066030000000000
545702950000000000
443974210000000000
391382210000000000
279499210000000000
227362110000000000
178607990000000000
134126290000000000
50248270000000000
87793430000000000
84704270000000000
57574350000000000
55445250000000000
23760930000000000
73156250000000000
36302090000000000
1475170000000000
558588590000000000
558089590000000000
504168690000000000
476280090000000000
471332330000000000
370974890000000000
361800130000000000
325916370000000000
322214830000000000
300933850000000000
295838930000000000
236655910000000000
227958370000000000
182059530000000000
164312970000000000
151456770000000000
149999090000000000
149312190000000000
123913250000000000
31764570000000000
10512530000000000
79338770000000000
3029670000000000
71720630000000000
54457810000000000
8945690000000000
53472210000000000
50602950000000000
566070000000000
170000000000
83285730000000000
81217970000000000
71440270000000000
10752610000000000
9605330000000000
77932270000000000
56623490000000000
45046570000000000
37556350000000000
1738171710000000000
1726231690000000000
1686644950000000000
1533444370000000000
1486471350000000000
1153267830000000000
1129475730000000000
1121722010000000000
1006616510000000000
919044150000000000
898044870000000000
844368630000000000
830612690000000000
779101230000000000
635704650000000000
628099010000000000
553251570000000000
490908910000000000
389301970000000000
250174950000000000
238411590000000000
115484310000000000
91148210000000000
38766230000000000
96930000000000
28987290000000000
1049713430000000000
1046453310000000000
983288050000000000
949908730000000000
904751530000000000
879861470000000000
862406490000000000
862120150000000000
811488550000000000
648165410000000000
618254250000000000
616368910000000000
606464090000000000
604192030000000000
585609330000000000
440046770000000000
401194570000000000
341946210000000000
243213970000000000
175379610000000000
137901830000000000
135733290000000000
44736190000000000
24707250000000000
23473030000000000
791330000000000
487810000000000
1013690000000000
60839750000000000
30557550000000000
5654450000000000
2850810000000000
161650000000000
719853370000000000
654911950000000000
592478270000000000
526276650000000000
443611810000000000
332423110000000000
318381910000000000
230822550000000000
219019770000000000
211863690000000000
139255530000000000
83827090000000000
70747070000000000
5137130000000000
646228010000000000
497656270000000000
348235550000000000
321600250000000000
290367950000000000
250330530000000000
199122470000000000
175934090000000000
163371030000000000
122529890000000000
89736470000000000
85732430000000000
5310050000000000
90000000000
364683850000000000
319913530000000000
309239250000000000
304898630000000000
278113350000000000
214068470000000000
208497370000000000
171651810000000000
111555610000000000
46556590000000000
44241050000000000
25705190000000000
175530000000000
4950000000000
69316450000000000
6742650000000000
23679370000000000
214813590000000000
157221250000000000
142162450000000000
87742210000000000
47279830000000000
25966510000000000
3695750000000000
17917490000000000
17007370000000000
14136530000000000
11890490000000000
2192370000000000
41409630000000000
10635550000000000
6255170000000000
481570000000000
15031590000000000
223726870000000000
153631170000000000
146520270000000000
60582390000000000
51689550000000000
7406030000000000
268990000000000
193375830000000000
100313670000000000
22893110000000000
15314690000000000
1253767230000000000
1210062790000000000
1179983730000000000
1159259190000000000
1107855610000000000
1093087630000000000
992010170000000000
972763350000000000
967579690000000000
834739310000000000
805626570000000000
759729050000000000
735524230000000000
677381550000000000
653815890000000000
653534730000000000
595372230000000000
591235450000000000
582806150000000000
509571470000000000
497394530000000000
340302190000000000
309959770000000000
303752710000000000
227313490000000000
172633470000000000
67806410000000000
24902030000000000
23891310000000000
8923610000000000
2105550000000000
15440396250000000000
15402172830000000000
15400579850000000000
15385672690000000000
15385086010000000000
15246812650000000000
15184231730000000000
15181560150000000000
15175994730000000000
15069692130000000000
14965475470000000000
14736418470000000000
14718895050000000000
14701856810000000000
14655842430000000000
14594879630000000000
14511178270000000000
14488192570000000000
14470703150000000000
14437519270000000000
14410031530000000000
14379339010000000000
14333741990000000000
13891813570000000000
13855787730000000000
13844589770000000000
13810012330000000000
13786395930000000000
13615789050000000000
13587794050000000000
13584406470000000000
13493536290000000000
13357310350000000000
13279486190000000000
13186440330000000000
13065602230000000000
12988677990000000000
12986965230000000000
12984432230000000000
12954099570000000000
12939237670000000000
12923180330000000000
12872805090000000000
12843688930000000000
12825539710000000000
12785472190000000000
12725092270000000000
12638043510000000000
12524088550000000000
12522805590000000000
12520437010000000000
12456169950000000000
12446737070000000000
12367626610000000000
12357552510000000000
12349374350000000000
12316114590000000000
12290884410000000000
12283618210000000000
12264117430000000000
12261591070000000000
12190942930000000000
12179113530000000000
12166910310000000000
12164476910000000000
12133614770000000000
12095898470000000000
12050527090000000000
12035589910000000000
11994690550000000000
11930461170000000000
11865714790000000000
11716942170000000000
11674742250000000000
11597138030000000000
11581626330000000000
11576952930000000000
11535906090000000000
11402096430000000000
11337505470000000000
11290875910000000000
11145220710000000000
11114020950000000000
11111186470000000000
11055299930000000000
10993628970000000000
10936381790000000000
10892924490000000000
10862635910000000000
10855611850000000000
10855291190000000000
10754252710000000000
10658595770000000000
10651670430000000000
10639784590000000000
10574931610000000000
10535430510000000000
10464958690000000000
10430943010000000000
10379048690000000000
10377018910000000000
10358746390000000000
10357841430000000000
10300567210000000000
10280888730000000000
10230922090000000000
10117427350000000000
10087153730000000000
10026552330000000000
10016318950000000000
9991446090000000000
9827319910000000000
9827286490000000000
9807936850000000000
9798900490000000000
9753985910000000000
9690492430000000000
9679340450000000000
9670270230000000000
9598211030000000000
9508424410000000000
9457627730000000000
9439758850000000000
9416804490000000000
9391010290000000000
9381859470000000000
9375030550000000000
9316556210000000000
9267558510000000000
9185031590000000000
9180008730000000000
9161137630000000000
9109573910000000000
9049279270000000000
9016125890000000000
8979298150000000000
8945064330000000000
8932548250000000000
8922433530000000000
8893602030000000000
8668309970000000000
8664245510000000000
8633884710000000000
8626954270000000000
8568929750000000000
8559159130000000000
8541920570000000000
8518382950000000000
8396609870000000000
8358282170000000000
8219748610000000000
8088431070000000000
7971559930000000000
7902932170000000000
7795041070000000000
7537265690000000000
7432137210000000000
7378410910000000000
7313047350000000000
7240665030000000000
7235832430000000000
7212022630000000000
7123728590000000000
7078391730000000000
6976692350000000000
6924059470000000000
6901405110000000000
6881190230000000000
6869761970000000000
6844396470000000000
6842252930000000000
6828853810000000000
6788796670000000000
6756511270000000000
6732914970000000000
6654665590000000000
6626330210000000000
6589609630000000000
6488979670000000000
6486482990000000000
6385856550000000000
6121223990000000000
6115569070000000000
6113235770000000000
6099082390000000000
6078393150000000000
6004931170000000000
5924319670000000000
5832148190000000000
5749097010000000000
5703867870000000000
5588639710000000000
5562129610000000000
5520714510000000000
5509825050000000000
5501820410000000000
5440727850000000000
5367441470000000000
5358401970000000000
5357710730000000000
5261544090000000000
5224436930000000000
5155182190000000000
5154902070000000000
5078047590000000000
5073263750000000000
4992559750000000000
4948708170000000000
4895215550000000000
4884880810000000000
4863817410000000000
4862107690000000000
4853744510000000000
4834108650000000000
4734121930000000000
4681027430000000000
4635212270000000000
4586687170000000000
4583590790000000000
4433097810000000000
4412506590000000000
4397100430000000000
4381821990000000000
4318883990000000000
4270157770000000000
4250832190000000000
4195744090000000000
4136302010000000000
4124866450000000000
4122931670000000000
4087716750000000000
4051586150000000000
4047502250000000000
4034759830000000000
3970254370000000000
3950354110000000000
3923292710000000000
3823519150000000000
3817803110000000000
3803536830000000000
3780783410000000000
3777971910000000000
3726654310000000000
3626481630000000000
3556777150000000000
3556753770000000000
3397626370000000000
3367389630000000000
3340415030000000000
3268261610000000000
3224212690000000000
3209871530000000000
3206242470000000000
3159792910000000000
3097207870000000000
3061741430000000000
3051105810000000000
3038371370000000000
2931311790000000000
2902292570000000000
2900540590000000000
2751255330000000000
2728957710000000000
2718526170000000000
2641727590000000000
2641350430000000000
2587300810000000000
2403371050000000000
2401035550000000000
2396361330000000000
2343469770000000000
2281224590000000000
2254204470000000000
2246094070000000000
2231206610000000000
2214582510000000000
2136466530000000000
2023859570000000000
1990526930000000000
1974726490000000000
1943362470000000000
1902089870000000000
1894921510000000000
1880695590000000000
1871372810000000000
1658460950000000000
1653092690000000000
1606612030000000000
1510424050000000000
1409142370000000000
1408197450000000000
1356480270000000000
1326906070000000000
1290524250000000000
1268999530000000000
1182820910000000000
1150104390000000000
1110574290000000000
1094402470000000000
1074587510000000000
1041208550000000000
1025335610000000000
1015488310000000000
999169790000000000
903673850000000000
806220490000000000
805696770000000000
801960090000000000
789102710000000000
764724890000000000
724049630000000000
714378910000000000
617149430000000000
593007570000000000
482553790000000000
482371550000000000
431529930000000000
388141510000000000
387818250000000000
283523410000000000
273395910000000000
148996390000000000
101923150000000000
95943610000000000
70730750000000000
105464010000000000
47970550000000000
43869070000000000
30000000000
9054930000000000
73667670000000000
157108230000000000
156152750000000000
118206810000000000
18721010000000000
12025830000000000
75370550000000000
63549990000000000
52252050000000000
25835350000000000
22494990000000000
13401730000000000
3677670000000000
812710000000000
27284630000000000
4853012490000000000
4846737550000000000
4820023450000000000
4747052650000000000
4723143470000000000
4702325770000000000
4633881850000000000
4599042970000000000
4466192210000000000
4421937990000000000
4410583810000000000
4372588910000000000
4352641670000000000
4274740130000000000
4258502330000000000
4255857450000000000
4187737250000000000
4044044890000000000
4010165450000000000
3987974410000000000
3963609090000000000
3853559250000000000
3849918110000000000
3846003090000000000
3669287110000000000
3643204270000000000
3634771230000000000
3568736130000000000
3537243970000000000
3519032470000000000
3501859790000000000
3466708270000000000
3454354090000000000
3450328030000000000
3369273450000000000
3311809490000000000
3308862890000000000
3219749130000000000
3202938470000000000
3155806930000000000
3106497810000000000
3080063970000000000
3040633410000000000
3020465270000000000
2976006270000000000
2915936670000000000
2886112370000000000
2863111470000000000
2648805550000000000
2640789850000000000
2592381790000000000
2538222090000000000
2499755950000000000
2363440330000000000
2363195130000000000
2297357990000000000
2183849150000000000
2179249070000000000
2168136770000000000
2160340630000000000
2092215770000000000
2035469030000000000
1942770930000000000
1857063910000000000
1837097930000000000
1827110590000000000
1786659810000000000
1745202150000000000
1725355290000000000
1666624290000000000
1607836090000000000
1499677390000000000
1496288230000000000
1459582910000000000
1459253150000000000
1411234530000000000
1261582870000000000
1196306730000000000
1162524570000000000
995365590000000000
989618710000000000
980987910000000000
821742030000000000
816015350000000000
803303630000000000
767355050000000000
728126570000000000
677318530000000000
653113510000000000
626267350000000000
609630230000000000
572968570000000000
568501770000000000
536445910000000000
534627310000000000
512630750000000000
383076610000000000
364244090000000000
315389430000000000
254563850000000000
200045410000000000
180794530000000000
173233310000000000
24897710000000000
29806110000000000
2920206430000000000
2910439030000000000
2872176090000000000
2821780910000000000
2800914910000000000
2798345050000000000
2781556870000000000
2723359410000000000
2637012910000000000
2628689290000000000
2549826470000000000
2506209930000000000
2492901210000000000
2416273890000000000
2388304330000000000
2318779210000000000
2066866430000000000
2030149990000000000
1892047930000000000
1878615930000000000
1878376630000000000
1834073950000000000
1824480410000000000
1779669150000000000
1746450910000000000
1622776590000000000
1609668530000000000
1511761630000000000
1433143830000000000
1422039250000000000
1373971930000000000
1337636570000000000
1303020350000000000
1295223490000000000
1270575770000000000
1189359710000000000
1153967670000000000
1108293150000000000
1108183090000000000
1032282730000000000
1023852070000000000
996502830000000000
971436050000000000
946787870000000000
912045010000000000
876670990000000000
834457130000000000
834146410000000000
832181830000000000
761216750000000000
760025430000000000
750811070000000000
670432790000000000
600146190000000000
541722450000000000
540336550000000000
512780690000000000
497851230000000000
339617190000000000
258262250000000000
218483270000000000
208195210000000000
185676630000000000
181028130000000000
127173550000000000
59683430000000000
22447750000000000
3090000000000
1366546110000000000
1337218750000000000
1299560790000000000
1297049250000000000
1225101770000000000
1095200090000000000
1087622970000000000
815873050000000000
811599550000000000
662549510000000000
661980490000000000
647610670000000000
631510070000000000
518129190000000000
500078270000000000
478035310000000000
348504990000000000
303795190000000000
274836750000000000
219804090000000000
215733550000000000
176920010000000000
105009050000000000
103286750000000000
89232090000000000
55350030000000000
15276530000000000
553489070000000000
539926970000000000
514487130000000000
482965230000000000
456018550000000000
399380510000000000
328003410000000000
275434270000000000
265583570000000000
243713950000000000
159853370000000000
542650000000000
683070000000000
2410710000000000
4059390000000000
1790370000000000
7732261090000000000
7724475310000000000
7606729490000000000
7497607030000000000
7490032610000000000
7462901410000000000
7417715850000000000
7395921910000000000
7373295830000000000
7336686850000000000
7312701190000000000
7262956470000000000
7213861190000000000
7186250910000000000
7143833950000000000
7120063750000000000
7068816690000000000
7038099430000000000
7007163550000000000
6989982290000000000
6958797390000000000
6923852110000000000
6853670450000000000
6810386490000000000
6782151450000000000
6773617430000000000
6735897770000000000
6718166430000000000
6673232730000000000
6663674610000000000
6647523170000000000
6590967550000000000
6588216350000000000
6540679390000000000
6505839250000000000
6389428470000000000
6373079510000000000
6331899270000000000
6316580430000000000
6296027490000000000
6285950630000000000
6237897450000000000
6080555970000000000
6077383030000000000
6065124150000000000
6031902690000000000
6024834230000000000
5990216330000000000
5978108550000000000
5973545430000000000
5971945750000000000
5766373810000000000
5753255970000000000
5752937170000000000
5735834850000000000
5732240570000000000
5687907750000000000
5684971950000000000
5652381370000000000
5605845870000000000
5579834710000000000
5518086410000000000
5433403670000000000
5429911950000000000
5350826930000000000
5329490450000000000
5303394270000000000
5235653270000000000
5216770970000000000
5184563290000000000
5153809950000000000
5123841590000000000
5121314430000000000
5053350570000000000
5010755990000000000
4990498930000000000
4966791070000000000
4941006910000000000
4825274670000000000
4820008470000000000
4782555510000000000
4633745670000000000
4401715590000000000
4377859170000000000
4372968730000000000
4314461390000000000
4291497410000000000
4229927250000000000
4203031670000000000
4159506770000000000
3923629770000000000
3871951090000000000
3838845330000000000
3755098070000000000
3741109510000000000
3652655830000000000
3478099130000000000
3475218350000000000
3354826730000000000
3347196670000000000
3338904130000000000
3313551370000000000
3290320130000000000
3260467470000000000
3244271610000000000
3084915590000000000
3041770830000000000
2962428290000000000
2961556090000000000
2960208610000000000
2948809030000000000
2917829470000000000
2827902930000000000
2745502270000000000
2699937570000000000
2525661230000000000
2480375070000000000
2450138010000000000
2443744130000000000
2417814710000000000
2408415610000000000
2294398090000000000
2244643710000000000
2122123570000000000
2095488950000000000
2050229550000000000
2027841410000000000
2026396810000000000
1995589030000000000
1994794530000000000
1993150550000000000
1841807790000000000
1773605550000000000
1758280150000000000
1682366690000000000
1635406910000000000
1609989230000000000
1596070630000000000
1583856670000000000
1522216850000000000
1516445690000000000
1514972930000000000
1308046650000000000
1305650830000000000
1223122690000000000
1207508730000000000
1200851650000000000
1194780930000000000
1192185230000000000
1184162730000000000
1141092930000000000
1127531610000000000
1079394390000000000
1033609470000000000
920739050000000000
755966970000000000
638630690000000000
599530990000000000
562821530000000000
557258350000000000
423438190000000000
372217530000000000
345775330000000000
340898730000000000
232360370000000000
181933950000000000
143142270000000000
138558990000000000
8440150000000000
196141530000000000
191179510000000000
124935970000000000
62947770000000000
9830000000000
8618030000000000
256997910000000000
225328210000000000
219870230000000000
176860910000000000
156164550000000000
87438250000000000
61479130000000000
42776130000000000
34794590000000000
16114450000000000
5448730000000000
5448190000000000
233230000000000
1374207930000000000
1358626350000000000
1329889750000000000
1296342890000000000
1264552390000000000
1260302110000000000
1201047430000000000
1170289290000000000
1120836590000000000
1083529170000000000
1064980110000000000
1002877850000000000
953076210000000000
865637050000000000
813760410000000000
813525110000000000
641968590000000000
618394770000000000
594730010000000000
582641610000000000
545707010000000000
520838030000000000
509266210000000000
497073090000000000
438916830000000000
394288490000000000
382640670000000000
344486310000000000
272743050000000000
259495750000000000
249736630000000000
214873210000000000
104407850000000000
52434870000000000
4187650000000000
6049567470000000000
6032154270000000000
6028660550000000000
5983073530000000000
5976174530000000000
5974535410000000000
5773840470000000000
5717409970000000000
5711899550000000000
5699848610000000000
5694683970000000000
5602921770000000000
5548642850000000000
5518146470000000000
5515919610000000000
5514029910000000000
5513126830000000000
5463839050000000000
5459231650000000000
5452955330000000000
5391646750000000000
5377290710000000000
5233450010000000000
5130117050000000000
5082034010000000000
5041671930000000000
4965813490000000000
4942999190000000000
4872941950000000000
4865026550000000000
4813136490000000000
4804214910000000000
4710956870000000000
4658975550000000000
4658234870000000000
4638704010000000000
4612886230000000000
4575493370000000000
4515026170000000000
4498845030000000000
4379409570000000000
4280095710000000000
4276516430000000000
4210556370000000000
4143432050000000000
3947257250000000000
3562544770000000000
3559528670000000000
3522136650000000000
3334545150000000000
3324757090000000000
3303375470000000000
3232280070000000000
3177085970000000000
3172432990000000000
3079878570000000000
3026687510000000000
3006700690000000000
2877883990000000000
2829324030000000000
2817755550000000000
2816209690000000000
2767075170000000000
2756901770000000000
2732055410000000000
2670286670000000000
2640197610000000000
2453029090000000000
2328805610000000000
2142340470000000000
2135847070000000000
2044440650000000000
2023503090000000000
2004169730000000000
1994308850000000000
1924203710000000000
1903652550000000000
1885325910000000000
1859092890000000000
1833513790000000000
1814372230000000000
1785536830000000000
1759539790000000000
1754151470000000000
1753746670000000000
1716902550000000000
1678087990000000000
1657489490000000000
1616280410000000000
1612038090000000000
1530653870000000000
1500877690000000000
1494253330000000000
1441091610000000000
1429626050000000000
1407319450000000000
1396329910000000000
1373550790000000000
1323138430000000000
1275649410000000000
1230714470000000000
1150230030000000000
1091520730000000000
1008156170000000000
975553230000000000
968926790000000000
965964790000000000
901175550000000000
806693930000000000
781388050000000000
716565930000000000
568119410000000000
435912150000000000
302543210000000000
286710950000000000
283115390000000000
254394470000000000
105488570000000000
69583570000000000
67312410000000000
682470000000000
367669070000000000
313559910000000000
302685970000000000
286758830000000000
66729490000000000
64590010000000000
37001230000000000
14674030000000000
26801370000000000
71870000000000
820227590000000000
789234570000000000
694380030000000000
689631290000000000
673155410000000000
482330050000000000
434360590000000000
427990830000000000
424475950000000000
392187730000000000
303037310000000000
273551770000000000
174076070000000000
140602090000000000
91607790000000000
53749130000000000
39683110000000000
16506390000000000
10467490000000000
10520771990000000000
10309105070000000000
10297416170000000000
10158249930000000000
10150508950000000000
10131898370000000000
10123293990000000000
10076944450000000000
10051676710000000000
10051157990000000000
10033532050000000000
9914488870000000000
9898588190000000000
9857338610000000000
9720388090000000000
9610630910000000000
9539877670000000000
9472586330000000000
9434922310000000000
9419064370000000000
9289957650000000000
9257036630000000000
9238513730000000000
9215202110000000000
9199722310000000000
9129648070000000000
9126445370000000000
9116439130000000000
9111902110000000000
9089912350000000000
9083814270000000000
9058382250000000000
9006159810000000000
9001202070000000000
8983982110000000000
8897134110000000000
8888883650000000000
8847485610000000000
8765981890000000000
8702886490000000000
8585178550000000000
8583425690000000000
8573560090000000000
8566817470000000000
8489407770000000000
8458901730000000000
8337646810000000000
8323013790000000000
8289126950000000000
8242280970000000000
8105859670000000000
8086716090000000000
8050609230000000000
8033397450000000000
8028338390000000000
7973823850000000000
7958306790000000000
7881496290000000000
7794208570000000000
7735692210000000000
7689407170000000000
7650079570000000000
7559261050000000000
7464603750000000000
7455377570000000000
7382648010000000000
7269628650000000000
7266751010000000000
7182511670000000000
7137528350000000000
7132865130000000000
7120305790000000000
7063692370000000000
6936872870000000000
6933037390000000000
6927081250000000000
6752828770000000000
6746124950000000000
6666894330000000000
6428331970000000000
6397074110000000000
6328688350000000000
6286428530000000000
6253731730000000000
6079227530000000000
6026073310000000000
6018664390000000000
5941763510000000000
5919689230000000000
5902597350000000000
5889621150000000000
5886613990000000000
5880025570000000000
5847981430000000000
5771029390000000000
5613731770000000000
5605559670000000000
5555360010000000000
5503376350000000000
5431455190000000000
5287390510000000000
5279232150000000000
5228227610000000000
5082190130000000000
5054266170000000000
5037431010000000000
5011910290000000000
5001081770000000000
4950997850000000000
4892951230000000000
4787915590000000000
4715843830000000000
4682372650000000000
4637196150000000000
4515167750000000000
4480267650000000000
4399813990000000000
4385237350000000000
4321475730000000000
4199883950000000000
4135257650000000000
4132104930000000000
4109892070000000000
4061403950000000000
3970439810000000000
3952839110000000000
3947528130000000000
3945998190000000000
3935676830000000000
3744382590000000000
3710969010000000000
3678834650000000000
3628382650000000000
3530521690000000000
3503816790000000000
3416975350000000000
3396439210000000000
3358732890000000000
3356649670000000000
3313122890000000000
3293654970000000000
3279002130000000000
3257676670000000000
3203761350000000000
3179405970000000000
3135096670000000000
2940272370000000000
2921951990000000000
2853427590000000000
2835036390000000000
2740223550000000000
2707136950000000000
2658333470000000000
2653273630000000000
2647526690000000000
2634212890000000000
2618578030000000000
2615111150000000000
2593939410000000000
2567779350000000000
2377008410000000000
2296484770000000000
2291503750000000000
2263177710000000000
2179464150000000000
2154137650000000000
2145457990000000000
2011976330000000000
1964373850000000000
1775819130000000000
1762591270000000000
1704605590000000000
1567109710000000000
1559889570000000000
1547478310000000000
1510640950000000000
1461803950000000000
1446855810000000000
1439926570000000000
1363729730000000000
1354483250000000000
1164323530000000000
1161474710000000000
1086187930000000000
1072835870000000000
972938390000000000
948754070000000000
930796250000000000
893170650000000000
856375710000000000
832060010000000000
819400830000000000
663575930000000000
657065670000000000
560616910000000000
557774770000000000
549037150000000000
254194610000000000
242724270000000000
240713670000000000
219274850000000000
156043950000000000
122669510000000000
113600910000000000
101542890000000000
65626170000000000
18636730000000000
100010000000000
366470000000000
6967430000000000
39532290000000000
256970000000000
15449050000000000
88701750000000000
67826330000000000
42771530000000000
8826730000000000
1638070000000000
2556221270000000000
2457946010000000000
2446754350000000000
2317142570000000000
2282825090000000000
2233804970000000000
2227863690000000000
2171687650000000000
2155472290000000000
2153352590000000000
2129402370000000000
2083518310000000000
2007965410000000000
1973096930000000000
1813332650000000000
1609154230000000000
1536479130000000000
1505707670000000000
1462332430000000000
1369816710000000000
1365747970000000000
1316193390000000000
1215930470000000000
1061643030000000000
963036610000000000
845392350000000000
780726790000000000
644341890000000000
640149570000000000
615003070000000000
579319450000000000
570912750000000000
519763870000000000
506427250000000000
498592750000000000
446299350000000000
391762190000000000
390750290000000000
211179470000000000
124495910000000000
115974890000000000
85164930000000000
43171930000000000
23500550000000000
469948550000000000
421851910000000000
269789290000000000
244980070000000000
148414270000000000
142817930000000000
120967910000000000
74399010000000000
7228770000000000
2004257630000000000
1986820710000000000
1872202550000000000
1834579350000000000
1822422830000000000
1708744390000000000
1694638290000000000
1594145670000000000
1586782410000000000
1531738690000000000
1470279410000000000
1317143150000000000
1286635650000000000
1234395250000000000
1184419590000000000
1141097230000000000
1114226090000000000
1065943890000000000
1009001970000000000
966290270000000000
951163590000000000
941978850000000000
936674310000000000
790121490000000000
776972750000000000
743599430000000000
692783130000000000
668881910000000000
656773390000000000
607664030000000000
551742450000000000
505291230000000000
488348350000000000
443902310000000000
429985290000000000
372637890000000000
325052430000000000
82061490000000000
73879390000000000
3978603890000000000
3966755450000000000
3878073450000000000
3728647650000000000
3659636050000000000
3619910650000000000
3615884610000000000
3614056390000000000
3601772210000000000
3516421550000000000
3458332230000000000
3431776910000000000
3396129670000000000
3188858110000000000
2855834250000000000
2815133810000000000
2808034910000000000
2804134290000000000
2773305070000000000
2684419850000000000
2668056830000000000
2643326630000000000
2500890350000000000
2464037830000000000
2443216030000000000
2403221710000000000
2357521610000000000
2217259010000000000
2215096470000000000
2213938690000000000
2140942110000000000
2124618330000000000
2114260450000000000
2098862750000000000
2075416050000000000
2068331330000000000
2042662850000000000
1940373170000000000
1921266310000000000
1902271930000000000
1875252490000000000
1867489710000000000
1828596830000000000
1771230970000000000
1757053270000000000
1607843510000000000
1514619370000000000
1513553630000000000
1444969110000000000
1442365110000000000
1420408590000000000
1395705550000000000
1348141790000000000
1204405590000000000
1166754750000000000
1100529250000000000
1039320090000000000
1036646310000000000
943084010000000000
846188330000000000
840603490000000000
828393110000000000
805269390000000000
790040450000000000
773878230000000000
735582550000000000
664508130000000000
646468830000000000
627672930000000000
544542630000000000
464844490000000000
339649030000000000
323904170000000000
260880050000000000
232289330000000000
228406590000000000
227791510000000000
216477450000000000
193660330000000000
98091570000000000
97469990000000000
16354330000000000
421430000000000
588330000000000
156601410000000000
35943670000000000
1965690000000000
597910000000000
35927270000000000
15489530000000000
3307390000000000
20893850000000000
2668170000000000
32127670000000000
133170000000000
3394212070000000000
3313813610000000000
3203278610000000000
3151420990000000000
3073436890000000000
2945079450000000000
2900263810000000000
2859099370000000000
2784321550000000000
2758674550000000000
2618752830000000000
2544346970000000000
2525262530000000000
2523276510000000000
2521778430000000000
2506853230000000000
2406330550000000000
2382815590000000000
2337227470000000000
2270907370000000000
2103502490000000000
2011000770000000000
1979935270000000000
1971958270000000000
1924342690000000000
1764690930000000000
1738462610000000000
1684193690000000000
1589545310000000000
1578894670000000000
1536512010000000000
1525864850000000000
1489412130000000000
1383625290000000000
1339002330000000000
1300204470000000000
1171549530000000000
1162511190000000000
1130500730000000000
1127886270000000000
1114674430000000000
1106416090000000000
1103082850000000000
962449070000000000
852457450000000000
846655470000000000
730522070000000000
711136430000000000
690063370000000000
676750310000000000
645671070000000000
622082910000000000
602447510000000000
600022170000000000
479780450000000000
424040490000000000
405237190000000000
358730270000000000
352832450000000000
341654130000000000
320737670000000000
269174230000000000
244563970000000000
226111590000000000
108028690000000000
104313870000000000
86742990000000000
39655850000000000
32561650000000000
32150290000000000
5251870000000000
18147630000000000
5910000000000
994303710000000000
971900250000000000
875861330000000000
859402870000000000
856827350000000000
779585530000000000
761232230000000000
652279650000000000
542991770000000000
534718670000000000
523118690000000000
517666570000000000
473496250000000000
453910670000000000
422853170000000000
410869290000000000
409447090000000000
383998470000000000
326174390000000000
300102530000000000
293863430000000000
161182090000000000
111657190000000000
93757090000000000
59513850000000000
49842530000000000
49669810000000000
46490170000000000
16680530000000000
1228610000000000
113470000000000
3239663408871345152
3235645988871345152
3197398668871345152
3176895748871345152
3144239388871345152
3139689548871345152
3108161868871345152
3053484148871345152
2993576288871345152
2905701308871345152
2855643848871345152
2804141088871345152
2742955588871345152
2703954868871345152
2675870448871345152
2578311568871345152
2542454308871345152
2470277328871345152
2446740928871345152
2322512448871345152
2154174688871345152
1970129728871345152
1941033188871345152
1912289208871345152
1902431368871345152
1811016888871345152
1809364128871345152
1805727448871345152
1773760928871345152
1742749228871345152
1660002988871345152
1658995328871345152
1636475108871345152
1633073788871345152
1577361648871345152
1363951688871345152
1283337468871345152
1272045668871345152
1232702148871345152
1187469508871345152
1114835308871345152
1113878128871345152
1082594808871345152
948874668871345152
948694008871345152
878384188871345152
799053348871345152
676706648871345152
649634048871345152
542606928871345152
461733328871345152
344682868871345152
327145828871345152
298670148871345152
266041028871345152
216875848871345152
171703048871345152
23798808871345152
18417356382580896768
18388992642580896768
18262419962580896768
18174434922580896768
18006147142580896768
17923688642580896768
17923408502580896768
17913547762580896768
17851542002580896768
17834875902580896768
17547356122580896768
17405170962580896768
17367975322580896768
17185531062580896768
17173457762580896768
17059072042580896768
17041087522580896768
16971045902580896768
16968636802580896768
16940750042580896768
16854058382580896768
16803235362580896768
16800158342580896768
16690972942580896768
16682695862580896768
16682016502580896768
16676234802580896768
16565385562580896768
16523068902580896768
16385954502580896768
16350778042580896768
16330199882580896768
16201120042580896768
16058752742580896768
16038198442580896768
16022725982580896768
15821301622580896768
15806718662580896768
15803841302580896768
15799840782580896768
15786671782580896768
15771491082580896768
15753171682580896768
15719803102580896768
15664808462580896768
15621218942580896768
15545465142580896768
15493461322580896768
15469802242580896768
15469641082580896768
15421156042580896768
15396871742580896768
15344105042580896768
15315263462580896768
15256944402580896768
15221461382580896768
15072794902580896768
15046254502580896768
14989977942580896768
14935573502580896768
14929622122580896768
14875917342580896768
14806362762580896768
14755537682580896768
14745489222580896768
14626969022580896768
14588312382580896768
14565760362580896768
14536038882580896768
14495311122580896768
14414916802580896768
14377352722580896768
14333693362580896768
14237830962580896768
14225848762580896768
14198261042580896768
14174305782580896768
14139448122580896768
14027263142580896768
13891805462580896768
13848429322580896768
13845680022580896768
13818896402580896768
13807664862580896768
13787959882580896768
13699362082580896768
13689531302580896768
13585392902580896768
13576583762580896768
13552439802580896768
13551609342580896768
13549862902580896768
13533068042580896768
13499861702580896768
13442933062580896768
13431811822580896768
13369647142580896768
13290138122580896768
13269776582580896768
13261038042580896768
13203120502580896768
13200294042580896768
13179917082580896768
13072039962580896768
13019267682580896768
12994406362580896768
12967506682580896768
12966609582580896768
12963381922580896768
12949513862580896768
12944216042580896768
12890420122580896768
12877428902580896768
12749915122580896768
12729023942580896768
12720209622580896768
12685468122580896768
12630150902580896768
12598081942580896768
12522250022580896768
12471063842580896768
12468309502580896768
12453222662580896768
12439339542580896768
12385433502580896768
12322638562580896768
12318336062580896768
12303683062580896768
12265599222580896768
12203362702580896768
12152886102580896768
12109111482580896768
12102478722580896768
12078630102580896768
12070646562580896768
12068994522580896768
11993504162580896768
11991140642580896768
11954884042580896768
11935350042580896768
11903349502580896768
11859246482580896768
11738506122580896768
11731067682580896768
11716689102580896768
11571980682580896768
11561275462580896768
11431916682580896768
11408268302580896768
11405581242580896768
11396204142580896768
11354586862580896768
11319458242580896768
11293875062580896768
11274494902580896768
11197468842580896768
11166161482580896768
11114332482580896768
11112226042580896768
11003780422580896768
10995052442580896768
10964599622580896768
10902317822580896768
10829474122580896768
10703019722580896768
10599269442580896768
10590166642580896768
10535547962580896768
10478026762580896768
10469765082580896768
10436882142580896768
10382835022580896768
10375539002580896768
10354587302580896768
10314349962580896768
10269964622580896768
10209703042580896768
10209531782580896768
10175999402580896768
10105504162580896768
10074546722580896768
9975218282580896768
9848752022580896768
9835193402580896768
9786655802580896768
9709095602580896768
9690717682580896768
9575928302580896768
9514304142580896768
9497192202580896768
9429764002580896768
9406428942580896768
9366803262580896768
9275465182580896768
9231956262580896768
9216607462580896768
9186476342580896768
9123921262580896768
9077115562580896768
8942167062580896768
8912353622580896768
8886082182580896768
8853364342580896768
8837976242580896768
8814651902580896768
8785563742580896768
8676966362580896768
8646798862580896768
8578056522580896768
8472780222580896768
8359629762580896768
8291173122580896768
8287806602580896768
8216372162580896768
8195516562580896768
8190365722580896768
8138435482580896768
7984359222580896768
7973533342580896768
7858919122580896768
7858698362580896768
7738778642580896768
7728248562580896768
7685899602580896768
7644297282580896768
7595427662580896768
7540305442580896768
7535171842580896768
7424209182580896768
7411030562580896768
7313186682580896768
7189446462580896768
7169210302580896768
7083890702580896768
6986836942580896768
6964827162580896768
6941068782580896768
6908600742580896768
6901414282580896768
6885129102580896768
6877899602580896768
6777601202580896768
6713473062580896768
6683913602580896768
6560506482580896768
6524642782580896768
6432871482580896768
6429949702580896768
6330464422580896768
6295321482580896768
6288776442580896768
6280512482580896768
6170574022580896768
6147901222580896768
6130354322580896768
6036171202580896768
6013789762580896768
5968184662580896768
5902961762580896768
5897669462580896768
5841607262580896768
5690771042580896768
5670336162580896768
5648289602580896768
5605096602580896768
5554002502580896768
5542481042580896768
5492922862580896768
5481058322580896768
5456352862580896768
5455534622580896768
5454049822580896768
5380753142580896768
5222610342580896768
5200828462580896768
5170336822580896768
5147700782580896768
5131423242580896768
5093724222580896768
5085499962580896768
5065467782580896768
5042962522580896768
5036781142580896768
5029644742580896768
5002645262580896768
4965207482580896768
4915152422580896768
4890476682580896768
4885623102580896768
4827132362580896768
4798613902580896768
4769888602580896768
4708223222580896768
4707863322580896768
4641061682580896768
4450318182580896768
4414530662580896768
4401031562580896768
4326938362580896768
4294404582580896768
4288562242580896768
4267830342580896768
4256152622580896768
4215437502580896768
4203809262580896768
4191124382580896768
4118684782580896768
4036619562580896768
4014157282580896768
3859961922580896768
3845987282580896768
3834516742580896768
3791464862580896768
3756265622580896768
3696589362580896768
3638833702580896768
3525939582580896768
3524249282580896768
3460961922580896768
3415793042580896768
3309111842580896768
3228139822580896768
3208103022580896768
3200003742580896768
3104609702580896768
3013749442580896768
3012880722580896768
2996753142580896768
2773448202580896768
2691833122580896768
2620519562580896768
2582588682580896768
2562887742580896768
2552510162580896768
2545376862580896768
2334713342580896768
2333725142580896768
2328093902580896768
2328051782580896768
2325254142580896768
2319918502580896768
2289877982580896768
2253155082580896768
2186415842580896768
2164193622580896768
2073738462580896768
2063055022580896768
2048196442580896768
2028671342580896768
1935561722580896768
1916186222580896768
1839158222580896768
1753504422580896768
1709043162580896768
1612945562580896768
1587652882580896768
1348976282580896768
1303264662580896768
1292930042580896768
1274455042580896768
1268975422580896768
1210800562580896768
1164810902580896768
1142377602580896768
1120535622580896768
923745422580896768
868623702580896768
763160102580896768
717383122580896768
518600782580896768
385772622580896768
373039122580896768
370226502580896768
347070602580896768
333144462580896768
286656882580896768
283070202580896768
126898522580896768
96055282580896768
39429902580896768
37030322580896768
18422783096290448384
18390284396290448384
18316910436290448384
18282711556290448384
18273614476290448384
18245555976290448384
18226883296290448384
18169592256290448384
18106051816290448384
17981474596290448384
17898207116290448384
17843962936290448384
17811695196290448384
17666577476290448384
17658197496290448384
17621059736290448384
17509504776290448384
17376106116290448384
17366836596290448384
17337810676290448384
17315551456290448384
17303226856290448384
17279479676290448384
17221830376290448384
17221030456290448384
17103775996290448384
17085327776290448384
17076976796290448384
17071868456290448384
16953386536290448384
16948906656290448384
16798538116290448384
16791896056290448384
16782559096290448384
16751728516290448384
16708087536290448384
16668894776290448384
16660048856290448384
16651742496290448384
16553719096290448384
16535813216290448384
16508078836290448384
16467524956290448384
16459035176290448384
16454237516290448384
16452845056290448384
16428019356290448384
16329254016290448384
16192117096290448384
16149587016290448384
15990992816290448384
15984408516290448384
15905320476290448384
15801925876290448384
15757082076290448384
15735557256290448384
15720364636290448384
15668705836290448384
15661457796290448384
15650910876290448384
15637518396290448384
15580097176290448384
15517657096290448384
15405360836290448384
15357495896290448384
15241488836290448384
15232696016290448384
15216802096290448384
15147395476290448384
15111080236290448384
15086843496290448384
15026654976290448384
14979124516290448384
14974387616290448384
14966922096290448384
14946439596290448384
14928892296290448384
14853826256290448384
14827836936290448384
14769864256290448384
14740710836290448384
14726237316290448384
14710134796290448384
14663676316290448384
14623006676290448384
14608533356290448384
14602372496290448384
14571952476290448384
14518674596290448384
14502501276290448384
14377258236290448384
14125599676290448384
14076588756290448384
14065400116290448384
14032675876290448384
13938272116290448384
13839617216290448384
13809584816290448384
13802504356290448384
13770932876290448384
13758529836290448384
13682608756290448384
13628282876290448384
13626072056290448384
13595928636290448384
13587420596290448384
13582049736290448384
13573841676290448384
13468367076290448384
13410145016290448384
13383791636290448384
13232652816290448384
13213630836290448384
13198255236290448384
13197614536290448384
13185256236290448384
13068947636290448384
13056568736290448384
13027777996290448384
12988526316290448384
12945513556290448384
12931332816290448384
12879352756290448384
12856757196290448384
12811594276290448384
12726317256290448384
12716852596290448384
12669284416290448384
12421594136290448384
12398583936290448384
12395747176290448384
12389256076290448384
12192530816290448384
12160738016290448384
12076438776290448384
12074122136290448384
12052348256290448384
12016244996290448384
11986633396290448384
11964518016290448384
11951728116290448384
11944074936290448384
11764796636290448384
11716524936290448384
11690684696290448384
11676429556290448384
11579918876290448384
11577484796290448384
11474762576290448384
11470625256290448384
11466787336290448384
11462582556290448384
11384799956290448384
11370702956290448384
11270780816290448384
11264246536290448384
11236092076290448384
11207639856290448384
11168479816290448384
11159215996290448384
11140425496290448384
11106481956290448384
11088328236290448384
10890174456290448384
10732785936290448384
10678396516290448384
10641362216290448384
10564496136290448384
10447821496290448384
10357749456290448384
10300336156290448384
10270650496290448384
10258871596290448384
10253578856290448384
10184876996290448384
10169933336290448384
10125055636290448384
9967501676290448384
9967436256290448384
9876597736290448384
9835186236290448384
9738230736290448384
9653527536290448384
9648244296290448384
9596796956290448384
9548392136290448384
9544099816290448384
9526961296290448384
9451157936290448384
9363679956290448384
9312699616290448384
9308247236290448384
9281754416290448384
9251767896290448384
9185126476290448384
9178040756290448384
9164645616290448384
9159252596290448384
9148961496290448384
9064240276290448384
9054975196290448384
9049415476290448384
8960358976290448384
8932411476290448384
8898086596290448384
8897503016290448384
8761810076290448384
8761498636290448384
8629636516290448384
8515890076290448384
8443190996290448384
8414752856290448384
8219544696290448384
8194482716290448384
8099207796290448384
8086164176290448384
7926759956290448384
7860432736290448384
7848365276290448384
7734095916290448384
7730183416290448384
7689095116290448384
7605006696290448384
7589718536290448384
7563225796290448384
7479741256290448384
7420358536290448384
7370374356290448384
7317573236290448384
7239735616290448384
7220971736290448384
7194690816290448384
7191089296290448384
7130320856290448384
7066374796290448384
7004773656290448384
6934171696290448384
6927036416290448384
6925249736290448384
6887419836290448384
6726572456290448384
6711044836290448384
6709232316290448384
6650279436290448384
6606078036290448384
6588910596290448384
6536043956290448384
6529899296290448384
6460629476290448384
6404747416290448384
6397728536290448384
6315358136290448384
6314530916290448384
6296378216290448384
6220945156290448384
6197754656290448384
6188822476290448384
6188003476290448384
6184512816290448384
6173572396290448384
6168191056290448384
6093685336290448384
6031218196290448384
5973671776290448384
5929891836290448384
5882408236290448384
5738103496290448384
5716030216290448384
5709754696290448384
5580930736290448384
5553365616290448384
5512022436290448384
5499043496290448384
5470303156290448384
5447382176290448384
5429019576290448384
5329836356290448384
5280287976290448384
5147353356290448384
5125722256290448384
5056380316290448384
4994683316290448384
4928818616290448384
4849553136290448384
4795989216290448384
4596107936290448384
4549742876290448384
4522018936290448384
4506783736290448384
4476316116290448384
4459427656290448384
4446680616290448384
4392905956290448384
4380476676290448384
4256172656290448384
4255379436290448384
4229977496290448384
4211206396290448384
4153629256290448384
4139540976290448384
4070538696290448384
4039967456290448384
4022946636290448384
3913908196290448384
3783908436290448384
3758466956290448384
3742020936290448384
3736118936290448384
3721732816290448384
3703914036290448384
3684187416290448384
3677933956290448384
3666788456290448384
3614841096290448384
3461474536290448384
3248996936290448384
3221352556290448384
3206946876290448384
2994202556290448384
2931614096290448384
2826796836290448384
2794164396290448384
2753132276290448384
2714106836290448384
2619396756290448384
2612419136290448384
2510178996290448384
2297677576290448384
2255152576290448384
2223803936290448384
2179078396290448384
2137349556290448384
2133605356290448384
2107849156290448384
1903916656290448384
1816217916290448384
1799466656290448384
1771311276290448384
1674973996290448384
1642576396290448384
1640952716290448384
1631028476290448384
1540777856290448384
1460562816290448384
1438997856290448384
1435309016290448384
1433913636290448384
1304854056290448384
1271542496290448384
1250649896290448384
1225819196290448384
1162873576290448384
1088470016290448384
1011407676290448384
962767356290448384
950737656290448384
922928436290448384
895276936290448384
857500696290448384
808955176290448384
789039296290448384
783602236290448384
775171256290448384
774609076290448384
699586636290448384
611010916290448384
598893716290448384
588955096290448384
561692116290448384
515761676290448384
500141816290448384
453037496290448384
360569176290448384
355750656290448384
350202416290448384
213341276290448384
174939036290448384
82559296290448384
81848436290448384
58597796290448384
5558696290448384
18435599650000000000
18388263410000000000
18385180910000000000
18372407910000000000
18316484250000000000
18284681350000000000
18273376130000000000
18270134130000000000
18146016950000000000
18132091490000000000
18099038510000000000
18063693470000000000
17947007290000000000
17865638910000000000
17726142090000000000
17553927470000000000
17548206810000000000
17546920090000000000
17500999350000000000
17431717730000000000
17400021210000000000
17384134610000000000
17356155990000000000
17302339370000000000
17240544050000000000
17235064130000000000
17196348610000000000
17062200770000000000
17039789450000000000
16982460850000000000
16937282090000000000
16830916530000000000
16727111610000000000
16629628650000000000
16623089530000000000
16584883170000000000
16513174810000000000
16476947350000000000
16457047650000000000
16415534130000000000
16409584710000000000
16374235050000000000
16365394810000000000
16336561530000000000
16230876130000000000
16193456730000000000
16179273530000000000
16081631210000000000
15882372330000000000
15882162070000000000
15779736030000000000
15687143050000000000
15632367310000000000
15593274970000000000
15567691850000000000
15551284810000000000
15346435930000000000
15252435710000000000
15139733970000000000
15099207430000000000
15029206210000000000
14941914310000000000
14900626190000000000
14715706370000000000
14705514670000000000
14670532450000000000
14570787270000000000
14485357150000000000
14388624330000000000
14244844910000000000
14211631750000000000
14126595310000000000
14079394490000000000
14046570950000000000
14025430450000000000
13956902070000000000
13944151390000000000
13943064970000000000
13881905450000000000
13854516210000000000
13836087410000000000
13678893550000000000
13546495770000000000
13539451530000000000
13530661770000000000
13502681010000000000
13470939790000000000
13425689150000000000
13374752270000000000
13349925050000000000
13204677290000000000
13179953570000000000
13094457410000000000
13062055530000000000
13045155270000000000
13041189250000000000
13037685790000000000
13017088650000000000
13001650450000000000
12989817510000000000
12954855650000000000
12903253030000000000
12870610150000000000
12859286510000000000
12859152990000000000
12814763150000000000
12568770650000000000
12490513850000000000
12481608670000000000
12438105510000000000
12377505470000000000
12329929770000000000
12252696010000000000
12203053830000000000
12200061170000000000
12034545190000000000
12028810050000000000
12001447070000000000
11996730490000000000
11933970590000000000
11933701930000000000
11913427530000000000
11838481590000000000
11793592250000000000
11674187670000000000
11587187530000000000
11575611970000000000
11574747230000000000
11534655670000000000
11431337990000000000
11420795430000000000
11401820690000000000
11329851830000000000
11298563370000000000
11258126270000000000
11240289190000000000
11196504270000000000
11174829770000000000
11155723930000000000
11126150810000000000
11096306390000000000
11033252410000000000
10974229610000000000
10885862830000000000
10874881650000000000
10806993310000000000
10769097810000000000
10748404450000000000
10702245870000000000
10599024730000000000
10579280750000000000
10553359130000000000
10518868150000000000
10511138370000000000
10488705090000000000
10441690570000000000
10438409970000000000
10431217170000000000
10384416310000000000
10306354210000000000
10302345750000000000
10291442730000000000
10270137910000000000
10007273770000000000
10005514810000000000
9967000130000000000
9915044830000000000
9717001690000000000
9675549890000000000
9662902730000000000
9636605930000000000
9561099970000000000
9526848550000000000
9372048130000000000
9205360230000000000
9122661370000000000
9107692310000000000
9086151590000000000
9075850250000000000
9063230710000000000
9039252330000000000
8892990070000000000
8847135490000000000
8694327250000000000
8671479490000000000
8662050490000000000
8648881970000000000
8643041870000000000
8577646530000000000
8533966090000000000
8509343890000000000
8482020510000000000
8479102390000000000
8477979930000000000
8464623930000000000
8445008610000000000
8381694370000000000
8233090310000000000
8170577510000000000
7985707590000000000
7978138770000000000
7971485090000000000
7929407230000000000
7905710490000000000
7812321210000000000
7808286770000000000
7752415630000000000
7648560890000000000
7563727910000000000
7389018210000000000
7322575650000000000
7245858350000000000
7214692330000000000
7144323270000000000
7113721810000000000
7088346450000000000
6834698270000000000
6831632170000000000
6820285890000000000
6745187410000000000
6735012510000000000
6644471910000000000
6631986870000000000
6563877010000000000
6392523310000000000
6326989670000000000
6320768790000000000
6309286890000000000
6280196390000000000
6277524590000000000
6275491510000000000
6266516610000000000
6242657610000000000
6242306130000000000
6154839930000000000
6149907430000000000
6114772030000000000
6114245610000000000
6066839870000000000
6050371030000000000
5866815590000000000
5807825990000000000
5787248730000000000
5770687210000000000
5763526050000000000
5755157170000000000
5704967690000000000
5647165910000000000
5581200190000000000
5513783770000000000
5477637730000000000
5408589950000000000
5394791870000000000
5389496130000000000
5371081010000000000
5361989170000000000
5356082050000000000
5320729550000000000
5289632390000000000
5263523550000000000
5115296870000000000
5114618350000000000
5103372410000000000
5074125690000000000
4994377370000000000
4953630510000000000
4896720990000000000
4792164750000000000
4753310310000000000
4694465730000000000
4691452870000000000
4682518630000000000
4605576890000000000
4551934630000000000
4529203650000000000
4519598910000000000
4454166450000000000
4452754650000000000
4436642710000000000
4382141190000000000
4381620010000000000
4349749190000000000
4215341890000000000
4202928110000000000
4148292370000000000
4145772250000000000
4035337790000000000
3974413070000000000
3893895050000000000
3853568630000000000
3781040170000000000
3731289210000000000
3709311810000000000
3657721250000000000
3627849310000000000
3616339750000000000
3596897910000000000
3582734510000000000
3566075490000000000
3538848950000000000
3517783890000000000
3501432230000000000
3470233970000000000
3462287210000000000
3438367630000000000
3285147630000000000
3170946910000000000
3169710630000000000
3048913890000000000
2737634950000000000
2736756210000000000
2732616430000000000
2574729330000000000
2465621790000000000
2451672590000000000
2348659750000000000
2235559390000000000
2149392390000000000
2138182070000000000
2119709590000000000
2068437150000000000
2056485490000000000
2046508190000000000
2029224630000000000
1852561830000000000
1837558210000000000
1782266170000000000
1760941090000000000
1759835450000000000
1743901550000000000
1728934450000000000
1726695830000000000
1722094590000000000
1703277130000000000
1702503830000000000
1681032270000000000
1678166550000000000
1673234990000000000
1644393350000000000
1624867690000000000
1603362850000000000
1568804950000000000
1533314930000000000
1531013870000000000
1518444450000000000
1479133830000000000
1449317630000000000
1429427190000000000
1415884010000000000
1385547930000000000
1385339630000000000
1349287950000000000
1305590350000000000
1258343070000000000
1255650590000000000
1241093650000000000
1230355810000000000
1125099150000000000
1077150750000000000
1071369230000000000
1060134710000000000
1033046270000000000
981260950000000000
940031330000000000
934788030000000000
933328370000000000
878082710000000000
763739810000000000
758608930000000000
713847670000000000
627431010000000000
570611850000000000
545148830000000000
533226570000000000
518690190000000000
517003610000000000
377498370000000000
284044870000000000
284023730000000000
250511830000000000
236077730000000000
166042850000000000
165581610000000000
71690050000000000
59165790000000000
4053910000000000
475090000000000
204756330000000000
174747010000000000
121250170000000000
62273370000000000
41673630000000000
23065110000000000
223890000000000
2179725430000000000
2165949890000000000
2095687070000000000
2027559670000000000
1932375510000000000
1886160690000000000
1864854010000000000
1861667230000000000
1701003270000000000
1677631950000000000
1655109470000000000
1587773830000000000
1587584490000000000
1530845930000000000
1510485150000000000
1509716310000000000
1497832650000000000
1407247870000000000
1396322590000000000
1362981490000000000
1324160650000000000
1287299030000000000
1266723050000000000
1125244690000000000
1059957250000000000
1021413950000000000
1000588290000000000
948032850000000000
855513310000000000
838955630000000000
802636990000000000
773845530000000000
683735110000000000
619638950000000000
608613530000000000
475567790000000000
444045050000000000
441501510000000000
391752230000000000
376596930000000000
195849650000000000
118341830000000000
103140290000000000
86858290000000000
62228290000000000
46046510000000000
33444510000000000
29976610000000000
12509770000000000
10713950000000000
2730000000000
17653650000000000
7268290000000000
2012750000000000
168190570000000000
154619390000000000
141801370000000000
116373150000000000
50116870000000000
44727990000000000
26821450000000000
16068790000000000
7276550000000000
62245490000000000
20910590000000000
262670000000000
418797910000000000
414485190000000000
386596650000000000
338422790000000000
332804390000000000
309370850000000000
220517590000000000
154121530000000000
151772750000000000
151684770000000000
128532130000000000
66534210000000000
38793310000000000
24548090000000000
18629990000000000
192510000000000
8406750000000000
17690000000000
148988810000000000
62287510000000000
672130000000000
123574350000000000
66240870000000000
58777950000000000
42865130000000000
5446930000000000
614215470000000000
573497250000000000
454710890000000000
370094390000000000
261051190000000000
227320430000000000
130517690000000000
76749090000000000
34592050000000000
20496070000000000
2307930000000000
28053630000000000
803850000000000
172600970000000000
119785830000000000
36781650000000000
6766490000000000
1485110000000000
204113250000000000
132328530000000000
76655430000000000
725630000000000
22523750000000000
16201850000000000
1795810000000000
831013150000000000
759481670000000000
734785370000000000
732761910000000000
704637530000000000
678605290000000000
652657490000000000
595605890000000000
583044170000000000
580925670000000000
538059770000000000
477967050000000000
408458190000000000
385787270000000000
365640730000000000
301322070000000000
284852870000000000
220961510000000000
214319550000000000
139088130000000000
9055910000000000
6240730000000000
381504730000000000
352481950000000000
238721370000000000
193001610000000000
171795130000000000
25402150000000000
270964470000000000
264498950000000000
217259270000000000
126016490000000000
75007810000000000
45433710000000000
22015130000000000
23850000000000
446550000000000
610000000000
326759550000000000
266788150000000000
230204650000000000
184180350000000000
176264150000000000
115645090000000000
101402430000000000
25367950000000000
339317730000000000
324961630000000000
299741650000000000
285353950000000000
177816070000000000
155651710000000000
149241230000000000
115588410000000000
39854930000000000
24869830000000000
9787010000000000
575990000000000
82467850000000000
23867350000000000
389710000000000
14271870000000000
8487890000000000
453157310000000000
426131790000000000
419975470000000000
318800870000000000
315227950000000000
222572490000000000
101242790000000000
515091810000000000
441157050000000000
370516350000000000
350424210000000000
308888090000000000
174912530000000000
150828130000000000
148760910000000000
74453350000000000
553970000000000
269490000000000
1409830000000000
188946230000000000
162611690000000000
96633530000000000
89482630000000000
74846290000000000
37217670000000000
30209050000000000
12197970000000000
228249750000000000
205793850000000000
192078010000000000
90917510000000000
87562510000000000
76391070000000000
5212110000000000
1930870000000000
172850000000000
773787410000000000
671961990000000000
655743610000000000
650213110000000000
634128230000000000
573996130000000000
573393190000000000
538966050000000000
486961350000000000
410856090000000000
233429910000000000
232622910000000000
176649630000000000
159865710000000000
92464090000000000
20281430000000000
15838770000000000
1055317850000000000
1050744030000000000
1033921170000000000
984095190000000000
870483990000000000
779473510000000000
711694910000000000
693900730000000000
684221790000000000
665443130000000000
662054010000000000
535886890000000000
492744450000000000
444012810000000000
414498550000000000
370964190000000000
336992930000000000
330038710000000000
316060790000000000
296718950000000000
279342910000000000
241222070000000000
235392950000000000
161540890000000000
149580010000000000
134741570000000000
32372450000000000
22521910000000000
10922350000000000
661150000000000
610000000000
27031150000000000
42854450000000000
24672350000000000
11488710000000000
11980770000000000
24844490000000000
2020630000000000
321470000000000
11583470000000000
3471750000000000
122435050000000000
56286230000000000
53327590000000000
17639370000000000
18610000000000
18464770000000000
9417290000000000
187930000000000
5669990000000000
3305550000000000
39539290000000000
9461890000000000
9758690000000000
836790000000000
3088410000000000
125402590000000000
2038530000000000
11448910000000000
770000000000
11936430000000000
2890750000000000
190159670000000000
168957070000000000
60926290000000000
56253270000000000
29260990000000000
10984910000000000
3562110000000000
2729110000000000
4010490000000000
3671850000000000
10810650000000000
16212530000000000
1634770000000000
491770000000000
3050000000000
5488990000000000
50893810000000000
38123970000000000
120841770000000000
75119650000000000
13590890000000000
9004730000000000
1035090000000000
2950000000000
245766650000000000
230874570000000000
226776810000000000
161342510000000000
152467070000000000
119025530000000000
75910050000000000
217630000000000
40988190000000000
27779010000000000
37648130000000000
3872190000000000
66287550000000000
35210170000000000
457530000000000
33450390000000000
20183110000000000
26610000000000
8366290000000000
83890000000000
6264890000000000
17648430000000000
39680230000000000
739170000000000
1037610000000000
68788270000000000
40361870000000000
61952990000000000
56003610000000000
29202370000000000
56090070000000000
33848330000000000
31052290000000000
24050350000000000
158010000000000
404750000000000
79772070000000000
71195150000000000
50289910000000000
40815170000000000
37952830000000000
5710000000000
47928730000000000
27228390000000000
90430000000000
42965830000000000
205650000000000
2872010000000000
19573730000000000
1618110000000000
36023010000000000
32837210000000000
628070000000000
2962630000000000
149331190000000000
105802290000000000
79916890000000000
73011550000000000
52562150000000000
2662030000000000
5482430000000000
364050000000000
145970000000000
10403990000000000
36202530000000000
26870650000000000
668770000000000
64726370000000000
363050000000000
44090000000000
1029850000000000
8976890000000000
31166970000000000
7456266876290448384
7433121876290448384
7411000976290448384
7366842696290448384
7348102436290448384
7247296676290448384
7083137596290448384
7054853956290448384
6997826336290448384
6983008436290448384
6882881816290448384
6876401816290448384
6847508436290448384
6747914716290448384
6643524436290448384
6634923916290448384
6577590076290448384
6422224436290448384
6416512516290448384
6373059276290448384
6352057856290448384
6272847496290448384
6245329216290448384
6115970596290448384
6069562356290448384
6051900776290448384
6037378776290448384
6031624256290448384
5958192336290448384
5884343336290448384
5859512736290448384
5748363576290448384
5688638596290448384
5661865636290448384
5647117916290448384
5632605116290448384
5505195816290448384
5499212776290448384
5483847836290448384
5468783116290448384
5444094876290448384
5379784636290448384
5379298656290448384
5376921936290448384
5353113876290448384
5286313996290448384
5279428796290448384
5222158516290448384
5164789016290448384
5142369576290448384
5080358996290448384
5070269796290448384
5014271956290448384
5010107956290448384
4823655776290448384
4667733876290448384
4663170796290448384
4601755556290448384
4587059316290448384
4504656416290448384
4437599136290448384
4391317836290448384
4381997016290448384
4357026896290448384
4349061216290448384
4327330656290448384
4271007476290448384
4268111596290448384
4230284316290448384
4189872276290448384
4145705896290448384
4103655496290448384
3937016096290448384
3905788416290448384
3885608816290448384
3700197676290448384
3459841216290448384
3429929756290448384
3405358556290448384
3399490176290448384
3290866956290448384
3188334696290448384
3157966516290448384
3156967956290448384
3129804936290448384
3079745736290448384
3070797376290448384
3065995856290448384
2877985376290448384
2865783536290448384
2705531596290448384
2631053436290448384
2608495856290448384
2597018256290448384
2570141096290448384
2527290696290448384
2509044136290448384
2393927356290448384
2364587136290448384
2326071796290448384
2290075356290448384
2151294856290448384
2046061256290448384
2037316516290448384
2028683956290448384
2022694356290448384
2001885916290448384
1992203136290448384
1931071176290448384
1879430916290448384
1850818456290448384
1722958516290448384
1719178776290448384
1684417556290448384
1602868096290448384
1568899456290448384
1555304496290448384
1253170936290448384
1193331916290448384
1110970056290448384
990032996290448384
964214496290448384
940525576290448384
882920876290448384
875237716290448384
850160276290448384
709393676290448384
664525076290448384
662702216290448384
638468976290448384
563445116290448384
513391976290448384
449831416290448384
419704416290448384
395486156290448384
359566676290448384
356262316290448384
283068056290448384
280094656290448384
246872876290448384
79024316290448384
42705756290448384
14695656290448384
18412041710000000000
18393896090000000000
18306790790000000000
18259706910000000000
18129918070000000000
18119584770000000000
18046719010000000000
17961594590000000000
17935216590000000000
17876909550000000000
17760661310000000000
17740805570000000000
17739708530000000000
17721327970000000000
17691696810000000000
17669785010000000000
17669701170000000000
17648845510000000000
17614882690000000000
17606861550000000000
17553615950000000000
17539349970000000000
17406222290000000000
17227005390000000000
17207318850000000000
17176061130000000000
17142457830000000000
17102750010000000000
17084814190000000000
17048053630000000000
16988161090000000000
16969115410000000000
16946063930000000000
16875463070000000000
16592050370000000000
16588185830000000000
16558534130000000000
16514947770000000000
16338705870000000000
16334671310000000000
16307130470000000000
16299916930000000000
16292258970000000000
16258859390000000000
16241675290000000000
16210957370000000000
16163069390000000000
16085824670000000000
16076554630000000000
15946358690000000000
15820596130000000000
15750004090000000000
15710075650000000000
15666995250000000000
15573815290000000000
15525793810000000000
15524067570000000000
15400257930000000000
15375644150000000000
15334266130000000000
15290818070000000000
15274377470000000000
15221057030000000000
15162306410000000000
15016550330000000000
14913960910000000000
14904236990000000000
14899562610000000000
14891998650000000000
14888592990000000000
14886338570000000000
14860631990000000000
14768229450000000000
14713924070000000000
14709447190000000000
14638327170000000000
14628426750000000000
14605421470000000000
14566995370000000000
14537396790000000000
14530983870000000000
14510729330000000000
14484968790000000000
14072027410000000000
14052454890000000000
14020042850000000000
13996551610000000000
13984042570000000000
13962182850000000000
13849268190000000000
13821576110000000000
13815102550000000000
13776916450000000000
13763621910000000000
13760487110000000000
13735337630000000000
13641890230000000000
13627801210000000000
13508495670000000000
13505388310000000000
13317011410000000000
13291768470000000000
13204295870000000000
13189636730000000000
13159186070000000000
13136229970000000000
13088850610000000000
13049168470000000000
13016999690000000000
12957220730000000000
12882717030000000000
12873698510000000000
12847257250000000000
12808683910000000000
12807899190000000000
12760736630000000000
12748056510000000000
12695478170000000000
12514211250000000000
12456078910000000000
12418197350000000000
12414216730000000000
12345871530000000000
12294265370000000000
12237353370000000000
12130296470000000000
12045692370000000000
12006082230000000000
11887953830000000000
11824785590000000000
11802492330000000000
11792935150000000000
11791468310000000000
11774836290000000000
11766604710000000000
11726712850000000000
11646050110000000000
11536583130000000000
11528147070000000000
11525217530000000000
11475794070000000000
11459898890000000000
11445816270000000000
11427318570000000000
11426954450000000000
11370121530000000000
11344926110000000000
11324386310000000000
11278959950000000000
11083396270000000000
11071311950000000000
11000036850000000000
10926113750000000000
10813111190000000000
10798745290000000000
10753282330000000000
10738968030000000000
10728756190000000000
10578188570000000000
10547355570000000000
10423988570000000000
10360447510000000000
10347623030000000000
10300844570000000000
10212818530000000000
10212556890000000000
10191229950000000000
10154345510000000000
10144581830000000000
10132330270000000000
10069884570000000000
10067624670000000000
10050366950000000000
10008946750000000000
10007572270000000000
9955291970000000000
9918919090000000000
9736870010000000000
9635672170000000000
9573946550000000000
9530703630000000000
9464601410000000000
9333511370000000000
9330031830000000000
9262226050000000000
9193654930000000000
9160766430000000000
9103038150000000000
9078099210000000000
8935818510000000000
8796490050000000000
8663947830000000000
8595350850000000000
8473115750000000000
8432545470000000000
8390245590000000000
8357164270000000000
8255968050000000000
8211581590000000000
8152783150000000000
8089010970000000000
8082166490000000000
8073937050000000000
7813818310000000000
7782003590000000000
7778163910000000000
7773659430000000000
7627810650000000000
7589755310000000000
7490800450000000000
7482254350000000000
7470193310000000000
7461052090000000000
7444672630000000000
7440748670000000000
7284717790000000000
7281672530000000000
7190827590000000000
7176628810000000000
7143069310000000000
7035533370000000000
6994175730000000000
6907842670000000000
6833858730000000000
6822391290000000000
6781138530000000000
6701669830000000000
6636067810000000000
6494705610000000000
6390250850000000000
6366504890000000000
6364485830000000000
6328224710000000000
6104612510000000000
6090597070000000000
6059388850000000000
6046501350000000000
6039239530000000000
6027691570000000000
5976424550000000000
5920533590000000000
5709202950000000000
5658553210000000000
5648167190000000000
5602491390000000000
5528676150000000000
5485023970000000000
5463112390000000000
5460300190000000000
5408695010000000000
5377201950000000000
5327413910000000000
5262433290000000000
5169386670000000000
5168978470000000000
5149965270000000000
5094738750000000000
5088574650000000000
4968346010000000000
4924610410000000000
4911896690000000000
4860400170000000000
4833402450000000000
4754369430000000000
4697283750000000000
4688195730000000000
4668008610000000000
4617756610000000000
4448606230000000000
4433339790000000000
4366994630000000000
4305038550000000000
4290329830000000000
4207167450000000000
4086067750000000000
4035078810000000000
4004424650000000000
3994734470000000000
3982359290000000000
3977610310000000000
3927160250000000000
3889544070000000000
3775928990000000000
3771990910000000000
3738743550000000000
3714276470000000000
3619582150000000000
3598532350000000000
3551376030000000000
3547594290000000000
3463348870000000000
3418662150000000000
3342073750000000000
3277799370000000000
3221810630000000000
3209594010000000000
3146660090000000000
3134274570000000000
3089733030000000000
3005517650000000000
3003538350000000000
2932833730000000000
2897708150000000000
2894073570000000000
2815775030000000000
2785716590000000000
2460519790000000000
2438547210000000000
2423606790000000000
2397212150000000000
2355280990000000000
2352947770000000000
2304755270000000000
2185252030000000000
2085173190000000000
2067224410000000000
2044029030000000000
1926410130000000000
1925677190000000000
1868690390000000000
1856838290000000000
1853845750000000000
1837181830000000000
1811668590000000000
1754856570000000000
1742375330000000000
1702589470000000000
1651181810000000000
1534351070000000000
1533021670000000000
1500359530000000000
1407335990000000000
1326772290000000000
1297976770000000000
1268469410000000000
1169884390000000000
1094340150000000000
1000262610000000000
936956050000000000
932728950000000000
872145930000000000
871452730000000000
852203070000000000
813567810000000000
808559270000000000
804853550000000000
726235130000000000
710067610000000000
698441910000000000
652879850000000000
566496850000000000
559865630000000000
539633510000000000
523517290000000000
404922450000000000
352695450000000000
202316970000000000
176817110000000000
159780770000000000
87742470000000000
80944650000000000
22956450000000000
3090000000000
10045810000000000
9202510000000000
2768910000000000
16739850000000000
2861450000000000
332450000000000
3358110000000000
5630000000000
4194490000000000
183810000000000
2219130000000000
3825290000000000
45596570000000000
225130000000000
1044890000000000
30000000000
4859130000000000
3877390000000000
876030000000000
1984770000000000
881730000000000
2255090000000000
911470000000000
3693110000000000
7057150000000000
624450000000000
440590000000000
7737610000000000
1589330000000000
1811110000000000
733890000000000
11595570000000000
1764510000000000
835630000000000
20950000000000
33581830000000000
33293330000000000
2345850000000000
7268750000000000
16950000000000
10080770000000000
11733270000000000
102310000000000
522610000000000
593770000000000
365610000000000
35174590000000000
4890000000000
610000000000
382250000000000
2535790000000000
334850000000000
6162950000000000
7528150000000000
2011590000000000
7610000000000
609670000000000
64530000000000
1170000000000
26117530000000000
231970000000000
5279290000000000
1947010000000000
4374470000000000
949290000000000
40749390000000000
13293410000000000
530000000000
1096490000000000
2640590000000000
1228050000000000
1379570000000000
5379010000000000
5305350000000000
4202570000000000
4065530000000000
4244650000000000
5893430000000000
5372410000000000
503910000000000
4639850000000000
1210000000000
5225190000000000
5810530000000000
798790000000000
2611730000000000
2756730000000000
3266850000000000
210000000000
1633750000000000
642930000000000
2254990000000000
4355550000000000
3668830000000000
691010000000000
2589510000000000
