4056
4250000000000
32150000000000
310000000000
110000000000
351130000000000
16110000000000
2814510000000000
4439570000000000
125710000000000
222870000000000
830000000000
510790000000000
1924830000000000
140870000000000
4911550000000000
116950000000000
12492430000000000
652590000000000
9078910000000000
910650000000000
539250000000000
2679430000000000
595570000000000
25890000000000
9750000000000
4219030000000000
2340750000000000
637870000000000
1963290000000000
890000000000
682250000000000
3830000000000
4515710000000000
453530000000000
35080550000000000
190000000000
770000000000
2598870000000000
70000000000
3962910000000000
9698650000000000
3050000000000
11088130000000000
1104190000000000
1575190000000000
9591150000000000
293950000000000
5283150000000000
410000000000
5948190000000000
109050000000000
11518290000000000
5473890000000000
2560150000000000
190970000000000
81250000000000
12405870000000000
1219850000000000
10384490000000000
328170000000000
310490000000000
7806690000000000
4628650000000000
5495950000000000
24215570000000000
4337730000000000
10396630000000000
186330000000000
98710000000000
4689930000000000
269990000000000
33628650000000000
6840010000000000
9650000000000
4441410000000000
1781350000000000
4266430000000000
2034210000000000
2520890000000000
7880850000000000
30000000000
2544430000000000
13360910000000000
27119350000000000
258810000000000
1731690000000000
11383070000000000
9552530000000000
6810210000000000
61810000000000
19333330000000000
5154430000000000
1374770000000000
28229510000000000
29976150000000000
4558170000000000
10180310000000000
443950000000000
16212390000000000
450000000000
1743090000000000
51459710000000000
157090000000000
20120090000000000
829490000000000
13044290000000000
1168190000000000
2937850000000000
3693790000000000
67210000000000
81370000000000
12797090000000000
876250000000000
46196330000000000
41939490000000000
14002430000000000
13399670000000000
71807150000000000
67365250000000000
40425310000000000
18328930000000000
16781450000000000
53684110000000000
33430530000000000
452170000000000
28629530000000000
18954270000000000
39176650000000000
3338010000000000
8413930000000000
38338110000000000
5286110000000000
45610770000000000
35266490000000000
21987570000000000
10748770000000000
2193850000000000
781190000000000
1310550000000000
36243410000000000
10346630000000000
2791890000000000
25389430000000000
810000000000
15730000000000
6225390000000000
24218830000000000
3870610000000000
121290000000000
20741970000000000
3152030000000000
43630000000000
40575650000000000
2950000000000
7815350000000000
1363070000000000
297990000000000
2372710000000000
483050000000000
63908590000000000
28314150000000000
150335250000000000
49718870000000000
30780630000000000
278470000000000
27850000000000
25159030000000000
1045030000000000
1128330000000000
2989770000000000
13175310000000000
12063090000000000
4058890000000000
13102590000000000
10779170000000000
8653410000000000
870000000000
122250000000000
63156890000000000
22357550000000000
18331490000000000
525750000000000
1133790000000000
39791030000000000
2290000000000
9970370000000000
2635570000000000
60721190000000000
29605930000000000
118350090000000000
2953810000000000
773090000000000
2170000000000
3448230000000000
84801650000000000
14111650000000000
54463890000000000
9361190000000000
1670000000000
9077130000000000
6946910000000000
541050000000000
20018890000000000
450000000000
7622790000000000
49150000000000
2792530000000000
8145650000000000
630000000000
5201450000000000
707970000000000
18010000000000
9025670000000000
55815790000000000
18064270000000000
767910000000000
38659210000000000
2219730000000000
62930970000000000
224552010000000000
214879310000000000
167110130000000000
117535290000000000
72103810000000000
29254270000000000
3430190000000000
14374410000000000
16111030000000000
15842510000000000
5327190000000000
98700370000000000
42501870000000000
995370000000000
201610000000000
30879990000000000
29759850000000000
15613390000000000
15415610000000000
12451270000000000
16709810000000000
8979430000000000
6244110000000000
25556910000000000
7360490000000000
84985170000000000
82871610000000000
48261690000000000
32290430000000000
15681170000000000
37033670000000000
16457730000000000
90000000000
72119710000000000
41023830000000000
35004590000000000
130690000000000
409290150000000000
371728910000000000
353856070000000000
235321090000000000
205857730000000000
165644770000000000
158549090000000000
135392090000000000
126237530000000000
116740170000000000
97724430000000000
66923290000000000
17590000000000
6509670000000000
28832570000000000
28795150000000000
7940570000000000
532130000000000
2332430000000000
37936930000000000
79050000000000
96725070000000000
89795270000000000
67762610000000000
54143590000000000
43671130000000000
19997430000000000
635330000000000
140963470000000000
86182370000000000
81443290000000000
12057990000000000
26926650000000000
18390000000000
147772590000000000
48786450000000000
43174410000000000
30630000000000
291050000000000
2028230000000000
468348670000000000
467482850000000000
465478350000000000
462207830000000000
357712930000000000
266973430000000000
261872490000000000
181815010000000000
82847590000000000
51098710000000000
40933890000000000
70000000000
1788030000000000
192296310000000000
153538250000000000
147951890000000000
79332230000000000
76841530000000000
30287690000000000
4960690000000000
12385130000000000
478750000000000
4146130000000000
592690000000000
6208910000000000
21925890000000000
1587510000000000
1350450000000000
85041890000000000
13488470000000000
3416641430000000000
3283273450000000000
3246524870000000000
3223977790000000000
3194940670000000000
3176615110000000000
3128503850000000000
3070943210000000000
2931961330000000000
2929196410000000000
2849359150000000000
2656592830000000000
2610992390000000000
2510517810000000000
2344303830000000000
2259083470000000000
2173392550000000000
2162138150000000000
2154561610000000000
2091280890000000000
2067950390000000000
1951987830000000000
1948889110000000000
1911043210000000000
1869155630000000000
1865996490000000000
1818237390000000000
1814411410000000000
1779834930000000000
1628873510000000000
1589523290000000000
1571573130000000000
1441122110000000000
1313599550000000000
1226882710000000000
1084912650000000000
989009970000000000
977657030000000000
890099130000000000
834059650000000000
828768730000000000
808347370000000000
776373010000000000
768947090000000000
759171150000000000
727993150000000000
707087170000000000
674506150000000000
655478750000000000
600999590000000000
570902990000000000
546624010000000000
474746630000000000
458531070000000000
347252650000000000
339111770000000000
212191150000000000
38705010000000000
19301370000000000
3382210000000000
36610000000000
123699730000000000
31507150000000000
18798030000000000
8737250000000000
44955150000000000
36855810000000000
73431770000000000
55256390000000000
7299930000000000
4958450000000000
3919390000000000
477410000000000
3723330000000000
401810000000000
456350000000000
322661130000000000
314548270000000000
301635050000000000
295471130000000000
272417810000000000
209899950000000000
199833330000000000
187841170000000000
62702750000000000
50826290000000000
47681210000000000
46757810000000000
1864970000000000
2176990000000000
329372490000000000
309436970000000000
271346870000000000
147627430000000000
144949970000000000
102141290000000000
87512730000000000
78537530000000000
52816970000000000
5702230000000000
4123390000000000
475970000000000
150360530000000000
127161950000000000
46568370000000000
51124150000000000
13572650000000000
325210930000000000
265573010000000000
186217270000000000
185610290000000000
144991430000000000
105561750000000000
63362170000000000
19876490000000000
374950000000000
34854190000000000
3868670000000000
475330000000000
143400510000000000
111924770000000000
107539890000000000
101813890000000000
8600590000000000
249719570000000000
245456650000000000
206073090000000000
159834650000000000
158279470000000000
134332530000000000
945590000000000
112450000000000
2250000000000
4773250000000000
1009290000000000
967442170000000000
939483590000000000
855241150000000000
711829170000000000
604168270000000000
525304930000000000
509759270000000000
457864490000000000
384792250000000000
376741890000000000
316474890000000000
282994470000000000
198083830000000000
128740290000000000
77914890000000000
50006070000000000
21884010000000000
21265310000000000
983170000000000
308663230000000000
269866850000000000
227742030000000000
226930610000000000
220345970000000000
205900350000000000
60020250000000000
864782650000000000
765601450000000000
690632910000000000
646685390000000000
579456510000000000
547743610000000000
512206370000000000
489072590000000000
476743750000000000
438905170000000000
437271530000000000
383039610000000000
322657210000000000
265559950000000000
256350990000000000
244477570000000000
221154190000000000
149928950000000000
73412150000000000
463330000000000
252056370000000000
204043410000000000
189963150000000000
80398930000000000
500130000000000
221693190000000000
197786950000000000
37028690000000000
26583650000000000
16968830000000000
14587190000000000
323490000000000
315150000000000
5812710000000000
3288070000000000
68450000000000
20550000000000
36965570000000000
28923790000000000
10812550000000000
44540410000000000
1715430000000000
6050710000000000
144507710000000000
139008510000000000
134839810000000000
33484770000000000
32234070000000000
22190590000000000
2562630000000000
203457550000000000
177015890000000000
124674990000000000
97553310000000000
93213170000000000
80758290000000000
50726170000000000
48566130000000000
34637530000000000
21770750000000000
805330000000000
285644170000000000
277227570000000000
220047610000000000
183491050000000000
92953290000000000
76958470000000000
49040170000000000
134950000000000
48110000000000
18540210000000000
10751350000000000
136390210000000000
120769750000000000
98894010000000000
46174230000000000
13067410000000000
575939550000000000
572550350000000000
567261910000000000
531378550000000000
429448310000000000
420493830000000000
300542990000000000
257533870000000000
251230010000000000
239103590000000000
216806610000000000
209109630000000000
143034710000000000
141774630000000000
104929010000000000
78464490000000000
77421270000000000
30658730000000000
141770000000000
8973090000000000
233048690000000000
220402450000000000
164475290000000000
54962370000000000
54368850000000000
23618650000000000
54645350000000000
36594410000000000
17766810000000000
3817530000000000
965390000000000
217416170000000000
212297010000000000
190568290000000000
121155310000000000
46833990000000000
2795030000000000
60004590000000000
46833670000000000
11155290000000000
231631470000000000
231331710000000000
91755250000000000
43541470000000000
21548850000000000
5236970000000000
133410990000000000
121502770000000000
39133970000000000
13385810000000000
6169370000000000
24448050000000000
107834910000000000
101688070000000000
60110000000000
58735090000000000
46345430000000000
21634090000000000
558432550000000000
554970690000000000
538136050000000000
491948210000000000
416529090000000000
313113490000000000
244785610000000000
224935230000000000
92176750000000000
87599670000000000
38145590000000000
1495170000000000
168030000000000
11172010000000000
446072250000000000
333467070000000000
304267850000000000
231211230000000000
212672570000000000
205908430000000000
4510000000000
108655630000000000
91024250000000000
84158970000000000
76010490000000000
56452330000000000
20580570000000000
7357070000000000
119304590000000000
52469770000000000
66729570000000000
63460310000000000
7437710000000000
2898210000000000
9292530000000000
1359110000000000
917927850000000000
910582830000000000
765649530000000000
696653370000000000
689456610000000000
660854270000000000
565664190000000000
553429590000000000
541623610000000000
523854990000000000
372158170000000000
371648710000000000
364900790000000000
314440430000000000
195219970000000000
195074850000000000
178444210000000000
166769770000000000
103829090000000000
100505030000000000
89750690000000000
29825330000000000
52229530000000000
48840970000000000
85417970000000000
63274690000000000
38585890000000000
21173210000000000
19240570000000000
13987470000000000
102590000000000
65675290000000000
14950000000000
757314970000000000
749431970000000000
701638530000000000
666553630000000000
601198750000000000
597056310000000000
572653130000000000
555422050000000000
526175830000000000
491553650000000000
470288150000000000
427944030000000000
223036470000000000
216473010000000000
145808490000000000
124693550000000000
71276170000000000
124908230000000000
108258410000000000
87439450000000000
86669190000000000
27002790000000000
72090000000000
49492790000000000
7139070000000000
25717470000000000
16425610000000000
130000000000
475993450000000000
444472670000000000
374777630000000000
291901450000000000
236109190000000000
214238130000000000
132776490000000000
99532470000000000
62021310000000000
46395370000000000
20197350000000000
1166057290000000000
1163006270000000000
1127293230000000000
1022307850000000000
930199190000000000
906476670000000000
810150650000000000
727603010000000000
687650550000000000
566760030000000000
500212650000000000
383166470000000000
322911810000000000
294897150000000000
198411290000000000
193196250000000000
188606310000000000
157714490000000000
69254610000000000
7888990000000000
501317690000000000
464741710000000000
455419950000000000
347158190000000000
166301030000000000
153809150000000000
112002110000000000
106418210000000000
49238510000000000
46832950000000000
24676850000000000
74850000000000
6189310000000000
874272490000000000
863239630000000000
838025090000000000
784891370000000000
725411250000000000
713687170000000000
664743650000000000
664613730000000000
635919930000000000
587999530000000000
584357890000000000
522075750000000000
398126110000000000
373699750000000000
184249870000000000
79009990000000000
89290000000000
5550190000000000
912710000000000
2821091030000000000
2805205830000000000
2602862250000000000
2555277010000000000
2527711330000000000
2380865590000000000
2342117630000000000
2267130670000000000
2253450950000000000
2108192750000000000
2067403690000000000
1987615810000000000
1971215250000000000
1863304830000000000
1844514030000000000
1798038890000000000
1675248530000000000
1636444450000000000
1564533030000000000
1514352810000000000
1405677670000000000
1258648770000000000
1225722130000000000
1183050690000000000
1173722810000000000
1165658590000000000
1123908210000000000
1021757990000000000
982549110000000000
980066730000000000
945103850000000000
936480990000000000
871498050000000000
868545830000000000
821777570000000000
778505570000000000
769444210000000000
701875830000000000
695112250000000000
661118830000000000
603445970000000000
484065870000000000
432703990000000000
418960190000000000
334320390000000000
325638490000000000
324210050000000000
314907650000000000
222656370000000000
220206350000000000
188940170000000000
97797430000000000
10834890000000000
243350000000000
101204490000000000
70832930000000000
31834230000000000
27940830000000000
12314390000000000
30000000000
4957670000000000
4143230000000000
658346210000000000
636655210000000000
634520010000000000
549889510000000000
530754750000000000
526753350000000000
376446710000000000
320115230000000000
298189610000000000
193140230000000000
164926450000000000
142837890000000000
47910030000000000
46348710000000000
29582350000000000
19251370000000000
5509330000000000
79259050000000000
11866550000000000
7842350000000000
18250000000000
223554870000000000
203750370000000000
168433930000000000
163329790000000000
65415950000000000
13070010000000000
1622630000000000
776290000000000
5619770000000000
177516670000000000
138893490000000000
123847490000000000
92037830000000000
34124530000000000
29839730000000000
12430510000000000
11819850000000000
2010000000000
111270000000000
12818510000000000
47618770000000000
29308850000000000
5952090000000000
21708110000000000
4788224430000000000
4583267330000000000
4526271070000000000
4459394410000000000
4382910530000000000
4359073870000000000
4235394550000000000
4068500530000000000
4043057350000000000
4042934210000000000
3976256650000000000
3956130530000000000
3913044930000000000
3898068850000000000
3891023390000000000
3755512470000000000
3739714670000000000
3704245630000000000
3679703230000000000
3624418990000000000
3611532890000000000
3536157670000000000
3535326690000000000
3502600910000000000
3412572530000000000
3410190590000000000
3388370710000000000
3322030610000000000
3262016330000000000
3225120810000000000
3199364010000000000
3114541710000000000
3010649190000000000
2983611830000000000
2909373490000000000
2858618650000000000
2845686450000000000
2771669190000000000
2611117930000000000
2607515190000000000
2603199230000000000
2494376330000000000
2398940150000000000
2365998510000000000
2354561430000000000
2325002190000000000
2226147610000000000
2188009590000000000
2161550430000000000
2147042390000000000
2093300490000000000
1865148470000000000
1853156870000000000
1851479570000000000
1815733490000000000
1788969310000000000
1710292810000000000
1681669830000000000
1647050890000000000
1601168510000000000
1566436750000000000
1483927670000000000
1477651870000000000
1476592670000000000
1469341910000000000
1453995010000000000
1438684230000000000
1422545090000000000
1418564190000000000
1367259550000000000
1350515310000000000
1309607810000000000
1284017070000000000
1280645890000000000
1253821890000000000
1186993650000000000
1175635870000000000
1168558010000000000
1135480850000000000
1038447210000000000
1012747290000000000
993645990000000000
949912210000000000
932998850000000000
863229010000000000
845819050000000000
762453430000000000
748225230000000000
729226010000000000
729035170000000000
711780830000000000
675751150000000000
668154730000000000
661740170000000000
642026190000000000
597178630000000000
579786050000000000
424791870000000000
402109730000000000
397245210000000000
386474770000000000
353298570000000000
348444190000000000
300037550000000000
204901670000000000
128540510000000000
71902550000000000
62771270000000000
48989290000000000
18516390000000000
854590000000000
9076570000000000
502410000000000
637133550000000000
590668290000000000
584709990000000000
559024730000000000
512862490000000000
498992370000000000
457023910000000000
440673650000000000
334644370000000000
256900110000000000
245438290000000000
205228810000000000
198332230000000000
172134550000000000
153291690000000000
153025710000000000
152709590000000000
149629390000000000
141835110000000000
42344570000000000
32084270000000000
16574750000000000
105086670000000000
76032050000000000
713424610000000000
689714150000000000
642685850000000000
587873890000000000
559230970000000000
513894410000000000
467076150000000000
426128790000000000
347544630000000000
126481970000000000
124931210000000000
51805170000000000
33702770000000000
53475510000000000
23097130000000000
7812030000000000
2928350000000000
3074490000000000
15458170790000000000
15456162350000000000
15304683190000000000
15226515890000000000
15224997610000000000
15026298510000000000
14945896330000000000
14847046850000000000
14824208070000000000
14822238210000000000
14811750930000000000
14751552290000000000
14740095870000000000
14734073850000000000
14644400110000000000
14623281250000000000
14595994410000000000
14548612310000000000
14547064370000000000
14477347530000000000
14465874850000000000
14387079350000000000
14242819150000000000
14220277410000000000
14001554430000000000
13962063430000000000
13911248870000000000
13713921950000000000
13689427730000000000
13585059190000000000
13473429450000000000
13469992070000000000
13460106490000000000
13452362790000000000
13300251430000000000
13224509350000000000
13219777790000000000
13217809630000000000
13149203190000000000
13111076230000000000
13045525690000000000
13044677570000000000
12987465090000000000
12951130210000000000
12867486530000000000
12854955310000000000
12851415110000000000
12644842230000000000
12627617470000000000
12536340030000000000
12517008390000000000
12433628390000000000
12374842250000000000
12295451090000000000
12214091170000000000
12163466390000000000
12110504590000000000
12060166190000000000
12050881670000000000
12040649810000000000
11979681250000000000
11946382930000000000
11933575470000000000
11863722590000000000
11831164450000000000
11753337750000000000
11681864750000000000
11674156810000000000
11648122310000000000
11641577790000000000
11633120850000000000
11615609990000000000
11492497270000000000
11433732430000000000
11405759690000000000
11394408430000000000
11363425490000000000
11349441470000000000
11309399790000000000
11290626410000000000
11158296910000000000
10967413710000000000
10875023030000000000
10794911350000000000
10792157430000000000
10786768150000000000
10780554530000000000
10740504310000000000
10640005890000000000
10615408610000000000
10584763590000000000
10571765410000000000
10529849030000000000
10418997910000000000
10398570630000000000
10390892930000000000
10376873830000000000
10325670530000000000
10145165230000000000
10143343690000000000
10132464870000000000
10087844950000000000
10035094850000000000
9953379430000000000
9920260510000000000
9885469970000000000
9812877310000000000
9764783970000000000
9649293210000000000
9640253950000000000
9612045790000000000
9542065110000000000
9494398630000000000
9478308190000000000
9470857010000000000
9395760370000000000
9360856430000000000
9323211410000000000
9310377950000000000
9270250370000000000
9209940330000000000
9187172250000000000
9184725350000000000
9172506330000000000
9145432070000000000
9102846390000000000
9048111950000000000
9022595610000000000
9019942590000000000
8936957630000000000
8932599250000000000
8866196730000000000
8854100270000000000
8812677330000000000
8763240190000000000
8752696070000000000
8740900790000000000
8706623830000000000
8677398070000000000
8627796830000000000
8623303830000000000
8600791810000000000
8484229730000000000
8460331430000000000
8416043170000000000
8331271750000000000
8305173590000000000
8267522750000000000
8262392210000000000
8216065510000000000
8114454170000000000
8110299330000000000
8004890990000000000
7987886730000000000
7981164370000000000
7967026790000000000
7872467850000000000
7798186530000000000
7798105210000000000
7767214150000000000
7717702870000000000
7663786410000000000
7646597230000000000
7631627630000000000
7631547510000000000
7529893950000000000
7451202810000000000
7324916450000000000
7277489690000000000
7229375630000000000
7217263190000000000
7162719950000000000
7132665750000000000
7130360670000000000
7111086550000000000
7093217610000000000
7056527590000000000
7012521910000000000
6953528010000000000
6952610110000000000
6883143690000000000
6879535170000000000
6860589150000000000
6776235290000000000
6774539090000000000
6551434910000000000
6520159450000000000
6480253450000000000
6476004350000000000
6388528050000000000
6383962370000000000
6362906690000000000
6205405970000000000
6048482170000000000
5910927330000000000
5880534190000000000
5750934110000000000
5701872250000000000
5643248530000000000
5408247750000000000
5348349770000000000
5324064790000000000
5291389330000000000
5281621490000000000
5233550910000000000
5226463630000000000
5157611590000000000
5088185550000000000
5001701390000000000
4973475470000000000
4965821370000000000
4945371430000000000
4932430610000000000
4831805910000000000
4757141150000000000
4730334290000000000
4716594870000000000
4706895450000000000
4698158930000000000
4660194130000000000
4652550290000000000
4602283450000000000
4585845410000000000
4558294110000000000
4468732330000000000
4428939170000000000
4321027190000000000
4259905370000000000
4193438490000000000
4078426150000000000
4006535410000000000
3969428770000000000
3968903110000000000
3866042210000000000
3834200790000000000
3816285030000000000
3797736670000000000
3790020530000000000
3759315210000000000
3757799290000000000
3743659290000000000
3658380690000000000
3636596610000000000
3577098290000000000
3501829990000000000
3387640030000000000
3363846090000000000
3337923750000000000
3337667990000000000
3327429670000000000
3244194090000000000
3229553610000000000
3190370730000000000
3177210130000000000
3148112850000000000
3033835550000000000
3022307470000000000
2983311630000000000
2951284970000000000
2890561110000000000
2742315470000000000
2715606990000000000
2629040990000000000
2627490770000000000
2611216970000000000
2556824210000000000
2519729230000000000
2456158010000000000
2314899450000000000
2312990070000000000
2293203370000000000
2262642070000000000
2144104290000000000
2118784950000000000
2112268090000000000
2078548850000000000
2076413830000000000
2023734310000000000
1917108510000000000
1898918730000000000
1794850810000000000
1780253530000000000
1762655970000000000
1745557270000000000
1735028270000000000
1724170870000000000
1671557390000000000
1637183870000000000
1566728750000000000
1518014810000000000
1417751410000000000
1415989170000000000
1362871450000000000
1346689190000000000
1299958610000000000
1282650810000000000
1280700450000000000
1265250330000000000
1210808210000000000
1135405310000000000
1006309370000000000
941130250000000000
932276230000000000
902241970000000000
825796410000000000
689951590000000000
603985490000000000
551417490000000000
517718250000000000
370009630000000000
306230830000000000
118544990000000000
97367830000000000
71564690000000000
63680310000000000
42776210000000000
20667190000000000
14663970000000000
1593730000000000
9053970000000000
2137910000000000
30000000000
10280930000000000
6295830000000000
404950000000000
9175670000000000
319453070000000000
293616710000000000
271613590000000000
263749610000000000
247798350000000000
194235410000000000
170536170000000000
103453990000000000
16167330000000000
4990000000000
143994310000000000
81326910000000000
66435690000000000
445425330000000000
390161570000000000
373387630000000000
313417110000000000
267306750000000000
265975990000000000
264675990000000000
253923930000000000
159013310000000000
112155350000000000
67922890000000000
3468370000000000
1961105870000000000
1958417510000000000
1948038330000000000
1901908590000000000
1849892630000000000
1801984230000000000
1783931670000000000
1783250670000000000
1775197850000000000
1755303550000000000
1666666090000000000
1621048410000000000
1578944730000000000
1570808590000000000
1484163130000000000
1458091350000000000
1455210730000000000
1449182970000000000
1402556330000000000
1393984890000000000
1383157370000000000
1374682750000000000
1373532510000000000
1347746350000000000
1286870890000000000
1190403510000000000
1066649790000000000
1054821690000000000
1054013650000000000
1047402350000000000
1040512630000000000
1016088750000000000
960865590000000000
950556290000000000
935931150000000000
859440510000000000
857245410000000000
823005830000000000
669405310000000000
658670970000000000
651976190000000000
591584250000000000
569989670000000000
518392470000000000
470432950000000000
451379850000000000
369209150000000000
340423430000000000
317062850000000000
265876690000000000
254004110000000000
243656610000000000
187130970000000000
149182930000000000
130496370000000000
103476130000000000
86157090000000000
51042370000000000
45099530000000000
208902790000000000
16908190000000000
1813990000000000
244568250000000000
231298170000000000
171966870000000000
163919250000000000
159635790000000000
153949970000000000
152443330000000000
148225910000000000
91618550000000000
9712390000000000
2837270000000000
6020563010000000000
5927693350000000000
5839386750000000000
5827388310000000000
5793284270000000000
5791473950000000000
5667973750000000000
5659771650000000000
5599102870000000000
5368887470000000000
5364766650000000000
5362568210000000000
5354208010000000000
5346108450000000000
5335661550000000000
5327995130000000000
5297465130000000000
5280506850000000000
5214688970000000000
5111709130000000000
5047630390000000000
4927359550000000000
4917267590000000000
4882199970000000000
4852391030000000000
4827012210000000000
4711703810000000000
4704249050000000000
4703337990000000000
4685665510000000000
4643190370000000000
4540316230000000000
4528450770000000000
4511902790000000000
4483982370000000000
4428695970000000000
4413818650000000000
4345377270000000000
4319877510000000000
4218426630000000000
4123555790000000000
4077983910000000000
4075114110000000000
4048950770000000000
3944751790000000000
3813009170000000000
3762631910000000000
3735647850000000000
3653654190000000000
3615968790000000000
3610971290000000000
3568513150000000000
3541239690000000000
3505201690000000000
3494676770000000000
3433299210000000000
3338234710000000000
3314881130000000000
3186769310000000000
3178197790000000000
3133286510000000000
3133215230000000000
2980181770000000000
2854762590000000000
2758711170000000000
2757666650000000000
2708945330000000000
2677454450000000000
2504258990000000000
2470706370000000000
2462202870000000000
2430476170000000000
2368595870000000000
2302485590000000000
2266130790000000000
2170521950000000000
2123399650000000000
2122500110000000000
2100798630000000000
1940122730000000000
1922224270000000000
1906849230000000000
1879979010000000000
1860091630000000000
1807294670000000000
1657059150000000000
1614767510000000000
1505666670000000000
1428028630000000000
1425801270000000000
1408755570000000000
1401031610000000000
1387141270000000000
1372026930000000000
1205519930000000000
1158561970000000000
1062952910000000000
1061918670000000000
1025324490000000000
888517670000000000
830361090000000000
803566270000000000
765427350000000000
756022490000000000
738827430000000000
729822470000000000
725047690000000000
697593730000000000
590505610000000000
580027330000000000
536937670000000000
530894050000000000
502823790000000000
486908110000000000
484401650000000000
479672750000000000
452831830000000000
391483250000000000
314061530000000000
306353090000000000
248024030000000000
174340650000000000
165234310000000000
164584590000000000
138710330000000000
132385850000000000
62632430000000000
54227910000000000
36284870000000000
1614062930000000000
1603375330000000000
1538646130000000000
1483278110000000000
1290811130000000000
1150827850000000000
1145372870000000000
1099490370000000000
1045620310000000000
899003810000000000
898258770000000000
856932610000000000
798040230000000000
794374890000000000
585770910000000000
530168470000000000
509909050000000000
441771610000000000
402189250000000000
374597070000000000
372204130000000000
314279150000000000
209115650000000000
191000130000000000
148726570000000000
64368530000000000
53167590000000000
49319610000000000
18967510000000000
26300750000000000
4200950000000000
1021294170000000000
1014117450000000000
959113670000000000
889611770000000000
780665610000000000
665424830000000000
663670570000000000
653108710000000000
647631210000000000
624586130000000000
557569110000000000
542670310000000000
488548670000000000
471689130000000000
415593570000000000
407612230000000000
353569030000000000
282393130000000000
159557510000000000
69492230000000000
76398070000000000
6229250000000000
3997846850000000000
3971146750000000000
3935321050000000000
3891073130000000000
3888479670000000000
3862734650000000000
3861560390000000000
3673240810000000000
3670297890000000000
3641313050000000000
3559107830000000000
3495420610000000000
3437220910000000000
3348179870000000000
3293884430000000000
3268998310000000000
3187291710000000000
3145244670000000000
3095721770000000000
2978955230000000000
2882883590000000000
2870772750000000000
2825373030000000000
2795342490000000000
2772973410000000000
2672469930000000000
2638727490000000000
2631822450000000000
2566316130000000000
2490271650000000000
2461000650000000000
2417968730000000000
2407786030000000000
2406624870000000000
2371135570000000000
2352116170000000000
2351601710000000000
2337485290000000000
2322032770000000000
2158367290000000000
2056876470000000000
1948128730000000000
1899167390000000000
1895572710000000000
1813786310000000000
1771743670000000000
1735668870000000000
1684048270000000000
1672050150000000000
1648926670000000000
1644802110000000000
1639504310000000000
1637205430000000000
1595747410000000000
1584477270000000000
1583362550000000000
1568141410000000000
1560032470000000000
1472167470000000000
1450439710000000000
1411628350000000000
1375196170000000000
1347536430000000000
1313797090000000000
1273442990000000000
1249098950000000000
1237241390000000000
1181371870000000000
1037030790000000000
1018451610000000000
900551210000000000
770149870000000000
751014390000000000
750369450000000000
748736650000000000
692826750000000000
600211330000000000
577753130000000000
543368250000000000
515236910000000000
482543690000000000
430739030000000000
363489670000000000
246777510000000000
182955470000000000
74571930000000000
3447010000000000
3784750000000000
2552421410000000000
2356782070000000000
2349288370000000000
2348415550000000000
2243556670000000000
2214260530000000000
2179230570000000000
2070178410000000000
2037590690000000000
1995070190000000000
1989591890000000000
1988123730000000000
1938185170000000000
1905754250000000000
1844129290000000000
1832878510000000000
1803561210000000000
1766611670000000000
1637595730000000000
1445220750000000000
1363250510000000000
1332539830000000000
1328390570000000000
1313938190000000000
1251175550000000000
1221707010000000000
1200476750000000000
1167848550000000000
1142818010000000000
1041677710000000000
936733970000000000
852927010000000000
819258430000000000
725437390000000000
627676090000000000
624306650000000000
525600670000000000
514501470000000000
400812270000000000
367613890000000000
340055950000000000
294544750000000000
278246430000000000
233889970000000000
228309030000000000
218984090000000000
131760950000000000
97848930000000000
14188250000000000
7777556070000000000
7728538950000000000
7702349990000000000
7444102890000000000
7435612750000000000
7420152350000000000
7348288390000000000
7230920910000000000
7220937170000000000
7129350290000000000
7091449310000000000
7037853090000000000
6985362170000000000
6839328250000000000
6838467610000000000
6826925250000000000
6819511090000000000
6801589730000000000
6668376130000000000
6571634390000000000
6554135230000000000
6545075170000000000
6466593470000000000
6408863110000000000
6381893590000000000
6353075190000000000
6336547710000000000
6319262390000000000
6307228230000000000
6259124610000000000
6235053250000000000
6208767750000000000
6179905870000000000
6027197690000000000
5976678430000000000
5972107250000000000
5897848130000000000
5780875370000000000
5712384650000000000
5674723710000000000
5657837350000000000
5641754110000000000
5635805930000000000
5556069870000000000
5509893870000000000
5469480610000000000
5468639750000000000
5440728350000000000
5425000670000000000
5421319030000000000
5360431850000000000
5338758450000000000
5296829070000000000
5276028370000000000
5247325290000000000
5204612350000000000
4989161010000000000
4955592290000000000
4933811910000000000
4835521570000000000
4824345530000000000
4818348090000000000
4740191490000000000
4728412650000000000
4687212730000000000
4598990890000000000
4545366710000000000
4534714950000000000
4517762130000000000
4411024450000000000
4388595750000000000
4350680750000000000
4278142450000000000
4238641070000000000
4191186030000000000
4182139810000000000
4131267770000000000
4119973030000000000
4060461230000000000
3911197890000000000
3852453950000000000
3851344250000000000
3693035870000000000
3673220590000000000
3629715630000000000
3531415510000000000
3523354390000000000
3373144730000000000
3346082730000000000
3326416770000000000
3311801390000000000
3291153290000000000
3213621490000000000
3211826170000000000
3015044810000000000
2974256290000000000
2932891190000000000
2907848530000000000
2886706970000000000
2874190870000000000
2818969530000000000
2698296970000000000
2696318670000000000
2669230490000000000
2406328370000000000
2379617950000000000
2373644770000000000
2355339610000000000
2323318650000000000
2266964990000000000
2266353830000000000
2256111270000000000
2243431010000000000
2232673290000000000
2054066930000000000
2026703750000000000
2001973930000000000
1920505090000000000
1898374270000000000
1886987950000000000
1852151190000000000
1788751470000000000
1759266650000000000
1671961490000000000
1647856050000000000
1645153470000000000
1617591750000000000
1552323830000000000
1542977330000000000
1500020870000000000
1495395490000000000
1446434590000000000
1425612510000000000
1399996610000000000
1254131150000000000
1251798410000000000
1232192190000000000
1227303750000000000
1125910790000000000
1119003090000000000
1102395610000000000
1061613690000000000
1044182610000000000
1029708210000000000
973277290000000000
922600690000000000
797547450000000000
662338690000000000
660050230000000000
578182670000000000
560148710000000000
517576730000000000
508719050000000000
498851490000000000
482956210000000000
283748770000000000
180917650000000000
164368950000000000
154097130000000000
133396670000000000
126972010000000000
63790070000000000
47357850000000000
46774350000000000
46232190000000000
15079690000000000
7300060676290448384
7275115916290448384
7241421476290448384
7239228776290448384
7235529516290448384
7232041616290448384
7224430396290448384
7218220696290448384
7202483576290448384
7201835456290448384
7187598396290448384
7117481956290448384
7113757076290448384
7103997016290448384
7101776496290448384
7094177696290448384
7057745476290448384
6892440296290448384
6881541836290448384
6858896596290448384
6694592836290448384
6682077916290448384
6663276096290448384
6651557336290448384
6622523016290448384
6587867516290448384
6510661416290448384
6429188276290448384
6333532676290448384
6268564596290448384
6111294176290448384
6033731036290448384
6032405116290448384
5995804076290448384
5992365056290448384
5965542976290448384
5874367996290448384
5830560376290448384
5813346936290448384
5739987636290448384
5707151896290448384
5647321656290448384
5643612376290448384
5641518976290448384
5634616176290448384
5296510456290448384
5276680996290448384
5258870156290448384
5167027996290448384
5097912136290448384
5085042016290448384
5053836856290448384
5044309796290448384
5039967796290448384
5035966956290448384
4806335676290448384
4759036556290448384
4687841736290448384
4687311996290448384
4663977896290448384
4583905196290448384
4573721956290448384
4434514556290448384
4431147516290448384
4331014656290448384
4319553736290448384
4317401516290448384
4287642916290448384
4121754576290448384
4116684576290448384
3989435876290448384
3947519356290448384
3923501356290448384
3887443976290448384
3815537496290448384
3805722216290448384
3805426176290448384
3720811216290448384
3711955996290448384
3683092516290448384
3674834776290448384
3641374716290448384
3622767596290448384
3473667276290448384
3379111156290448384
3364696496290448384
3315097916290448384
3279370236290448384
3210510516290448384
3186401056290448384
3184684596290448384
3147087136290448384
3106321076290448384
3097257396290448384
3038506616290448384
3009165876290448384
2931367096290448384
2909487916290448384
2879966096290448384
2804725456290448384
2730248956290448384
2697172756290448384
2628046476290448384
2624827316290448384
2611038716290448384
2580432376290448384
2579646816290448384
2475529456290448384
2457886736290448384
2418242956290448384
2396513216290448384
2351144876290448384
2336647376290448384
2319147256290448384
2300386116290448384
2298223476290448384
2294198576290448384
2089607976290448384
2060409496290448384
2056540336290448384
2049370516290448384
2000264376290448384
1978299796290448384
1933915176290448384
1891660776290448384
1655065276290448384
1631722956290448384
1628753356290448384
1490695836290448384
1464540636290448384
1286136796290448384
1245467316290448384
1237967756290448384
1237582276290448384
1201073396290448384
1168373036290448384
1080316436290448384
922417496290448384
914320536290448384
893027076290448384
884240816290448384
882486516290448384
848144116290448384
830234556290448384
818512496290448384
811871956290448384
811239756290448384
756540316290448384
709499556290448384
629816316290448384
618827076290448384
558008936290448384
553875836290448384
545030776290448384
496369916290448384
437778956290448384
437100076290448384
390385256290448384
368557336290448384
365767216290448384
336766356290448384
335674616290448384
280361196290448384
227941176290448384
149201536290448384
87167516290448384
42688216290448384
18413829950000000000
18381051810000000000
18354333950000000000
18326921790000000000
18257683890000000000
18059724530000000000
18054205030000000000
17934779290000000000
17894241510000000000
17892625470000000000
17835902450000000000
17821315610000000000
17806415190000000000
17749413890000000000
17682387930000000000
17621414990000000000
17534301490000000000
17529263310000000000
17510201670000000000
17446614210000000000
17426886430000000000
17424655230000000000
17331751150000000000
17323410790000000000
17321292610000000000
17283929590000000000
17178334650000000000
17117406390000000000
17074911390000000000
17069413790000000000
17019476050000000000
16839054170000000000
16801915790000000000
16766331850000000000
16746786990000000000
16538521910000000000
16531388270000000000
16432952330000000000
16421330810000000000
16363396110000000000
16302030610000000000
16224691170000000000
16206854170000000000
16091834610000000000
15960254050000000000
15845394790000000000
15808015010000000000
15678070490000000000
15618341670000000000
15598385270000000000
15583618610000000000
15559286490000000000
15509366470000000000
15442351170000000000
15425215610000000000
15416023630000000000
15338520590000000000
15307285490000000000
15303116950000000000
15269877770000000000
15249556990000000000
15216117170000000000
15210217190000000000
15194880610000000000
15160379350000000000
15118639010000000000
15094424050000000000
15078146390000000000
15017729890000000000
15012251090000000000
14998918050000000000
14829304250000000000
14807352510000000000
14807275550000000000
14684436170000000000
14649747170000000000
14633181790000000000
14538036610000000000
14506733350000000000
14488008250000000000
14456993130000000000
14453427050000000000
14422356710000000000
14409165750000000000
14265431270000000000
14210841490000000000
14183761390000000000
14131581590000000000
14064558630000000000
14028776130000000000
13994777810000000000
13978652430000000000
13903816650000000000
13902825150000000000
13846394150000000000
13675354310000000000
13502878630000000000
13477776090000000000
13465463650000000000
13298608750000000000
13240256210000000000
13172118570000000000
13142248170000000000
13104201630000000000
13002609870000000000
12926981730000000000
12832216250000000000
12825409910000000000
12781003270000000000
12736433530000000000
12717643570000000000
12694965210000000000
12694286950000000000
12684086650000000000
12652339810000000000
12487803230000000000
12434005790000000000
12424936270000000000
12360455090000000000
12334091730000000000
12325069210000000000
12284413910000000000
12201236990000000000
12144819690000000000
12141710430000000000
12107984190000000000
12106199910000000000
12086754530000000000
11984129790000000000
11968012830000000000
11942944170000000000
11930855950000000000
11901330570000000000
11900975250000000000
11856566390000000000
11786433830000000000
11777310250000000000
11745588810000000000
11745126010000000000
11685935570000000000
11593407590000000000
11417969570000000000
11326257670000000000
11210174250000000000
11197714150000000000
11183590270000000000
11158609450000000000
11126999570000000000
11099581930000000000
10913564190000000000
10878621430000000000
10856273670000000000
10703280110000000000
10685103870000000000
10625615910000000000
10600806610000000000
10480664890000000000
10474292810000000000
10201717130000000000
10152068630000000000
10036134350000000000
9989497990000000000
9957632270000000000
9864918670000000000
9829734910000000000
9819773010000000000
9782738550000000000
9740377470000000000
9624147650000000000
9603188110000000000
9563869570000000000
9433962330000000000
9395122250000000000
9272815030000000000
9222504650000000000
9172441930000000000
9100331330000000000
9086813450000000000
9057507110000000000
8941094110000000000
8837984050000000000
8775882930000000000
8760745230000000000
8757314650000000000
8729833490000000000
8725222610000000000
8688020870000000000
8680920410000000000
8652550370000000000
8543129710000000000
8379166070000000000
8319854530000000000
8089545030000000000
8049291650000000000
8036426650000000000
8024872570000000000
7951492030000000000
7643798230000000000
7602679050000000000
7555266670000000000
7508087370000000000
7451501990000000000
7407852830000000000
7332284850000000000
7207000030000000000
7100339510000000000
7094414510000000000
6949881330000000000
6949085030000000000
6943308350000000000
6932762510000000000
6931988210000000000
6931301990000000000
6855725750000000000
6817542510000000000
6817128690000000000
6776713350000000000
6708201630000000000
6696902810000000000
6685190370000000000
6672232910000000000
6634192070000000000
6503543390000000000
6499118650000000000
6352072790000000000
6323415190000000000
6301566830000000000
6296880630000000000
6216057250000000000
6206331090000000000
6149760390000000000
5804215530000000000
5802597590000000000
5789421550000000000
5749280390000000000
5710462030000000000
5687598990000000000
5656590910000000000
5624787010000000000
5597726230000000000
5520275830000000000
5319405870000000000
5311123570000000000
5302344070000000000
5282224550000000000
5245959670000000000
5210767690000000000
5162475190000000000
5109464890000000000
5099520550000000000
5023541530000000000
5021856790000000000
4939072870000000000
4875661590000000000
4773042430000000000
4712118770000000000
4692423350000000000
4441784510000000000
4433891850000000000
4309133950000000000
4206360950000000000
4192927190000000000
4157251350000000000
4112853150000000000
4100587670000000000
4004801850000000000
3991644130000000000
3886580990000000000
3861197590000000000
3839455410000000000
3837152490000000000
3496890970000000000
3361053010000000000
3258450530000000000
3254031030000000000
3250238950000000000
3227164410000000000
3179524890000000000
3131005250000000000
3115441470000000000
3077618370000000000
3064173350000000000
3062700250000000000
3020902410000000000
2998969510000000000
2977529470000000000
2901679890000000000
2891476670000000000
2884452970000000000
2870226270000000000
2865451250000000000
2853256830000000000
2755237510000000000
2660799250000000000
2557304910000000000
2554012110000000000
2362130210000000000
2264065230000000000
2260369750000000000
2183503570000000000
2172996370000000000
2109205710000000000
2085301730000000000
1942685810000000000
1913378330000000000
1799188610000000000
1738672790000000000
1614862890000000000
1599080290000000000
1565552270000000000
1522198550000000000
1504313010000000000
1497073870000000000
1440211290000000000
1345144850000000000
1183557630000000000
1156805630000000000
1020168710000000000
997172390000000000
995964190000000000
943836150000000000
900245990000000000
885766230000000000
867444730000000000
819271130000000000
773077030000000000
749351870000000000
735011990000000000
720665050000000000
716634490000000000
695927350000000000
402278930000000000
397624910000000000
384277630000000000
370612350000000000
326938130000000000
269889450000000000
101100750000000000
98683010000000000
51025670000000000
39644630000000000
4394270000000000
7756250000000000
2344250000000000
1133850000000000
2735290000000000
2234911410000000000
2210106170000000000
2186667430000000000
2039625690000000000
1994275570000000000
1993225750000000000
1975145910000000000
1968922930000000000
1959161030000000000
1946919810000000000
1935250170000000000
1900765890000000000
1881041910000000000
1821388390000000000
1777832050000000000
1698375270000000000
1662045290000000000
1598904170000000000
1512623150000000000
1422758750000000000
1422093290000000000
1414426830000000000
1410482490000000000
1404998930000000000
1316174410000000000
1255152190000000000
1254816890000000000
1140279670000000000
1122603650000000000
1119550030000000000
1089583290000000000
1074216010000000000
946341030000000000
896857730000000000
648005490000000000
503374450000000000
382512310000000000
276354870000000000
249078750000000000
238566730000000000
204293890000000000
203810070000000000
174500470000000000
124459530000000000
94545790000000000
61932610000000000
59323370000000000
169210000000000
5213350000000000
4229050000000000
3061050000000000
1365238230000000000
1140053350000000000
1128777490000000000
1118379710000000000
968341990000000000
948089230000000000
879206570000000000
839740810000000000
833891910000000000
711876830000000000
710204650000000000
692479210000000000
667721870000000000
655818470000000000
523218910000000000
474754290000000000
441149510000000000
377188030000000000
371516110000000000
279527490000000000
220451950000000000
95516450000000000
84597810000000000
80912970000000000
4912530000000000
209701010000000000
24176170000000000
16825610000000000
374470000000000
24551190000000000
131070000000000
58449010000000000
30936230000000000
30690370000000000
10492477090000000000
10486023290000000000
10470346490000000000
10407009310000000000
10380921170000000000
10193741770000000000
10054148850000000000
10045833810000000000
9992176190000000000
9883251730000000000
9787744710000000000
9727201250000000000
9678598330000000000
9617499610000000000
9574184330000000000
9513305070000000000
9487054370000000000
9485597230000000000
9373176890000000000
9357374230000000000
9333301670000000000
9302070450000000000
9294130290000000000
9280879290000000000
9278478670000000000
9179803130000000000
9142194090000000000
9051491610000000000
8999220790000000000
8990144950000000000
8982753870000000000
8953451730000000000
8880835470000000000
8773291190000000000
8767161850000000000
8686701950000000000
8655074610000000000
8630223950000000000
8605336930000000000
8583919350000000000
8501711730000000000
8426075550000000000
8390025470000000000
8378248090000000000
8286338370000000000
8200633170000000000
8157226790000000000
8139940210000000000
8058382570000000000
8005405590000000000
8003808830000000000
7990367690000000000
7944117710000000000
7937673730000000000
7861989010000000000
7830585750000000000
7829277650000000000
7807339830000000000
7769455110000000000
7695611670000000000
7695236190000000000
7601113430000000000
7574445330000000000
7449772810000000000
7338620230000000000
7228920330000000000
7133946890000000000
7083217230000000000
7071152150000000000
7052608570000000000
6999717130000000000
6990653090000000000
6896443930000000000
6841195830000000000
6674070330000000000
6599753270000000000
6587988270000000000
6545985670000000000
6444274270000000000
6439657390000000000
6404862050000000000
6399185130000000000
6357247730000000000
6354175350000000000
6270387110000000000
6242454470000000000
6190933650000000000
6153838250000000000
6134274310000000000
6097037970000000000
6011205410000000000
5974644270000000000
5937541150000000000
5765090450000000000
5736562910000000000
5735204070000000000
5540331510000000000
5527758270000000000
5495635450000000000
5453179910000000000
5451427890000000000
5321745110000000000
5305990210000000000
5281427830000000000
5235292530000000000
5226676410000000000
5109331010000000000
5043934410000000000
4980406930000000000
4960618610000000000
4917907770000000000
4850670790000000000
4685287430000000000
4621787310000000000
4595377210000000000
4491015410000000000
4442043330000000000
4362589550000000000
4339405030000000000
4261177050000000000
4249852910000000000
4219206190000000000
4094686690000000000
4082054010000000000
4071995330000000000
4064688790000000000
4058468610000000000
4014625170000000000
3996984390000000000
3990714270000000000
3883133850000000000
3878350550000000000
3872959270000000000
3721441130000000000
3705770070000000000
3630741090000000000
3593122610000000000
3580999070000000000
3544434730000000000
3491845910000000000
3462862090000000000
3395796490000000000
3371341730000000000
3302617150000000000
3297993930000000000
3207759790000000000
3188419010000000000
3130327310000000000
3095705890000000000
3071478830000000000
2850533730000000000
2849166130000000000
2843054310000000000
2722437730000000000
2645967110000000000
2554407110000000000
2543127230000000000
2519209530000000000
2477205470000000000
2464989590000000000
2442409710000000000
2432094430000000000
2360780690000000000
2355448370000000000
2209331050000000000
2202539250000000000
2111231610000000000
2081923130000000000
1906615370000000000
1695872710000000000
1674574090000000000
1673274430000000000
1659887510000000000
1572208610000000000
1543055350000000000
1534125850000000000
1530744230000000000
1511277690000000000
1469591250000000000
1402297670000000000
1211145330000000000
1193201190000000000
1157601170000000000
1036952370000000000
955542910000000000
916425530000000000
913384870000000000
881619150000000000
837014630000000000
833608830000000000
831424990000000000
798115530000000000
754684790000000000
750922770000000000
719152850000000000
583439070000000000
479673310000000000
467934770000000000
415254770000000000
221939670000000000
189573190000000000
92281510000000000
34589670000000000
3526010000000000
3109630000000000
590000000000
212090000000000
283020790000000000
236924030000000000
232660010000000000
223423770000000000
200738790000000000
162778150000000000
149893590000000000
76693970000000000
11162010000000000
125710000000000
2976608828871345152
2963821048871345152
2927196908871345152
2907449668871345152
2826932888871345152
2743313808871345152
2720628488871345152
2584795348871345152
2503574428871345152
2415579588871345152
2324806948871345152
2321077408871345152
2315119448871345152
2308785728871345152
2271513228871345152
2257284408871345152
2140351148871345152
2128792768871345152
2052479408871345152
2007793228871345152
1960238908871345152
1922817568871345152
1917530048871345152
1885491148871345152
1834358988871345152
1828331968871345152
1807640808871345152
1772945688871345152
1748614188871345152
1702655668871345152
1674055368871345152
1627619228871345152
1606141808871345152
1589123908871345152
1557047528871345152
1513534988871345152
1444961848871345152
1262355028871345152
1228429188871345152
1153242688871345152
1063868228871345152
1018797268871345152
1018389808871345152
915975988871345152
907494268871345152
840394988871345152
806264008871345152
531542668871345152
514644428871345152
462479268871345152
417728908871345152
335598048871345152
275819648871345152
230286448871345152
171176908871345152
141346328871345152
95675668871345152
84773928871345152
74784128871345152
20586708871345152
18435896622580896768
18418673062580896768
18412611902580896768
18367307582580896768
18250364142580896768
18235409102580896768
18171406302580896768
18168149642580896768
18036419822580896768
18014425362580896768
18006597502580896768
18000247802580896768
17990792002580896768
17984741502580896768
17982895342580896768
17913885562580896768
17779668802580896768
17773372802580896768
17772198802580896768
17744902622580896768
17742913522580896768
17632335602580896768
17598713882580896768
17598679402580896768
17529897802580896768
17528598502580896768
17514656402580896768
17419879902580896768
17416799442580896768
17322099922580896768
17245326702580896768
17201564582580896768
17125958762580896768
17097213622580896768
17080214202580896768
17014477582580896768
16963020722580896768
16940227782580896768
16935811862580896768
16899262222580896768
16749905702580896768
16707612322580896768
16694555742580896768
16675023022580896768
16604437702580896768
16572664622580896768
16569611402580896768
16349904822580896768
16337786542580896768
16330023662580896768
16306967402580896768
16299747182580896768
16225524262580896768
16198306102580896768
16183473722580896768
16131523602580896768
16111739882580896768
16089458822580896768
16087080482580896768
16047632382580896768
16016040782580896768
16012441162580896768
15977743502580896768
15846045022580896768
15796998362580896768
15756508682580896768
15750830222580896768
15674291602580896768
15665937102580896768
15575243562580896768
15390502522580896768
15357791022580896768
15154625122580896768
14955556222580896768
14904988422580896768
14852944402580896768
14837093222580896768
14785580422580896768
14742673442580896768
14728613802580896768
14725389022580896768
14687422242580896768
14555590382580896768
14528320622580896768
14478766062580896768
14362380402580896768
14238945642580896768
14190551822580896768
14151183882580896768
14107890802580896768
14103976502580896768
14094896582580896768
14024871802580896768
13917815382580896768
13723266722580896768
13708021142580896768
13627766182580896768
13541681462580896768
13520945042580896768
13441069442580896768
13433686782580896768
13367747882580896768
13209032722580896768
13205316722580896768
13202985762580896768
13182410202580896768
13075836762580896768
12939922322580896768
12806693682580896768
12802733442580896768
12751080802580896768
12725818862580896768
12685426962580896768
12673242122580896768
12652485182580896768
12511204662580896768
12422384122580896768
12411544882580896768
12291946542580896768
12249731102580896768
12248889822580896768
12192887562580896768
12180570802580896768
12152617702580896768
12120630582580896768
12095442102580896768
12062347922580896768
12028137882580896768
11914694282580896768
11914575962580896768
11895595762580896768
11812715262580896768
11793097682580896768
11779317322580896768
11662842242580896768
11549227422580896768
11491811282580896768
11381613922580896768
11322889922580896768
11290229302580896768
11184192762580896768
11179251902580896768
11172821862580896768
11170313582580896768
11011120882580896768
10963470402580896768
10801309602580896768
10685227502580896768
10590354742580896768
10569052942580896768
10521264662580896768
10385561342580896768
10364982982580896768
10342626062580896768
10329991782580896768
10312626342580896768
10241654122580896768
10222250182580896768
10170226702580896768
10100558142580896768
10050982982580896768
10022597362580896768
9900597282580896768
9741761962580896768
9739290082580896768
9718557942580896768
9667032682580896768
9653215062580896768
9639330662580896768
9635343442580896768
9622039242580896768
9611492182580896768
9586162782580896768
9563679842580896768
9503161982580896768
9429286922580896768
9314721402580896768
9237834062580896768
9218507922580896768
9001704602580896768
8952281162580896768
8949871722580896768
8942040582580896768
8925573982580896768
8896121542580896768
8887418822580896768
8885345322580896768
8819368762580896768
8604814022580896768
8603697302580896768
8601754282580896768
8558350702580896768
8523948842580896768
8503601862580896768
8469290742580896768
8348183822580896768
8330089042580896768
8296020722580896768
8275230102580896768
8195563722580896768
7959454242580896768
7906746342580896768
7896655942580896768
7887763822580896768
7822337322580896768
7786542002580896768
7780980782580896768
7767497302580896768
7717787422580896768
7712400122580896768
7710218342580896768
7695109522580896768
7687287242580896768
7582668562580896768
7493280402580896768
7475757502580896768
7462307702580896768
7443112842580896768
7315599622580896768
7279786102580896768
7244478262580896768
7204449762580896768
7195385862580896768
6989149782580896768
6899573802580896768
6872458462580896768
6683600022580896768
6675963222580896768
6652372402580896768
6646137702580896768
6583316322580896768
6402637682580896768
6397082782580896768
6384921602580896768
6240953262580896768
6201070462580896768
6192992722580896768
6108453262580896768
6078110082580896768
6076058122580896768
6058756942580896768
5923139802580896768
5879254362580896768
5865144702580896768
5856180282580896768
5826066902580896768
5765030102580896768
5737587462580896768
5728540982580896768
5711301662580896768
5705602702580896768
5647766962580896768
5621686222580896768
5531071642580896768
5481517722580896768
5479306102580896768
5457618622580896768
5457246622580896768
5442072302580896768
5406280362580896768
5355796022580896768
5286470682580896768
5252262882580896768
5238176502580896768
5203441742580896768
5168073602580896768
5069769642580896768
4965541602580896768
4961938502580896768
4768871962580896768
4739389522580896768
4718189502580896768
4712617202580896768
4692638002580896768
4603697802580896768
4579578022580896768
4493623982580896768
4411962402580896768
4349935882580896768
4332073882580896768
4305351102580896768
4277728442580896768
4264073622580896768
4202078562580896768
4101821582580896768
4078623002580896768
4068400662580896768
3960570922580896768
3936513582580896768
3920919182580896768
3866523962580896768
3767073102580896768
3755573062580896768
3735564102580896768
3672306842580896768
3580968422580896768
3514334782580896768
3361489542580896768
3328077542580896768
3321590482580896768
3251527822580896768
3210758282580896768
3109705482580896768
3084171342580896768
3056077402580896768
3043804022580896768
3034592962580896768
3031130742580896768
2917638242580896768
2893095522580896768
2888594462580896768
2830514462580896768
2747775842580896768
2735933882580896768
2672566902580896768
2447061422580896768
2428765822580896768
2248750422580896768
2238535582580896768
2172169222580896768
2149392562580896768
2138579442580896768
2116799622580896768
2037053542580896768
1902637522580896768
1846099382580896768
1845217362580896768
1839747742580896768
1830165842580896768
1823008802580896768
1817252922580896768
1766679062580896768
1753527882580896768
1748017682580896768
1738820042580896768
1735316342580896768
1723876362580896768
1708449922580896768
1623098682580896768
1550268002580896768
1420820282580896768
1411681102580896768
1405649982580896768
1398485562580896768
1316253862580896768
1294265762580896768
1272841202580896768
1212516802580896768
1151172882580896768
1122715022580896768
1089785202580896768
1061973282580896768
1005032762580896768
968417302580896768
966816642580896768
945756602580896768
932744322580896768
893027142580896768
812041222580896768
616656762580896768
567760442580896768
565340442580896768
549754702580896768
541375662580896768
403821962580896768
383100902580896768
363020702580896768
337038242580896768
257031542580896768
201176922580896768
117717922580896768
100536102580896768
71150922580896768
44109482580896768
17582782580896768
18390707776290448384
18246868936290448384
18142406336290448384
18035822476290448384
17992053016290448384
17939957956290448384
17914648556290448384
17843913276290448384
17828377156290448384
17807071716290448384
17784963316290448384
17744645456290448384
17721038716290448384
17711481596290448384
17692632696290448384
17669999116290448384
17592273016290448384
17589218516290448384
17538541956290448384
17479996356290448384
17435814936290448384
17399827076290448384
17380920216290448384
17371140156290448384
17313195836290448384
17270042956290448384
17257625276290448384
17211884656290448384
17180136956290448384
17171304676290448384
17106221816290448384
17031479676290448384
17029975656290448384
16922784456290448384
16917168856290448384
16685698316290448384
16654426696290448384
16506351676290448384
16482682696290448384
16399439116290448384
16387054876290448384
16250123056290448384
16148462256290448384
16122113216290448384
16082324836290448384
16037789276290448384
16030475296290448384
15977731456290448384
15955449356290448384
15834376476290448384
15832966236290448384
15770040276290448384
15745192456290448384
15712400116290448384
15700560576290448384
15439641836290448384
15355454976290448384
15339266316290448384
15280327096290448384
15204144556290448384
15145617676290448384
15136549416290448384
15042925176290448384
15022109476290448384
14983799316290448384
14979463136290448384
14904817856290448384
14882026036290448384
14817812496290448384
14806779536290448384
14792146636290448384
14751992216290448384
14750011136290448384
14746019436290448384
14615577496290448384
14553646796290448384
14507234476290448384
14432726956290448384
14426074676290448384
14424856856290448384
14327896076290448384
14002397236290448384
13937400636290448384
13914202076290448384
13776203956290448384
13773530956290448384
13763282016290448384
13734228096290448384
13723187856290448384
13699129296290448384
13646173816290448384
13609311496290448384
13594444916290448384
13554230916290448384
13544781276290448384
13504772496290448384
13425976156290448384
13404846696290448384
13376054296290448384
13335176236290448384
13228588436290448384
13168527096290448384
13013551856290448384
13009730016290448384
13003453576290448384
12921025556290448384
12905174076290448384
12802494796290448384
12761507556290448384
12664087636290448384
12648912956290448384
12629160576290448384
12618062556290448384
12592970916290448384
12589975316290448384
12503745136290448384
12383201716290448384
12325617236290448384
12139731896290448384
12082223236290448384
11960915076290448384
11952432796290448384
11848036356290448384
11814594776290448384
11793891376290448384
11762005756290448384
11741573216290448384
11740783556290448384
11739201296290448384
11699974796290448384
11674711276290448384
11670051856290448384
11659144436290448384
11636985956290448384
11616387676290448384
11586942396290448384
11578380476290448384
11485663916290448384
11432343116290448384
11385915896290448384
11369960356290448384
11330327976290448384
11178429636290448384
11101677816290448384
11092890596290448384
10939781476290448384
10918143716290448384
10827754336290448384
10809150836290448384
10762256736290448384
10653176556290448384
10611553076290448384
10588214376290448384
10549776756290448384
10459266616290448384
10371176016290448384
10336032556290448384
10255458536290448384
10238663776290448384
10225817336290448384
10163593756290448384
9978363596290448384
9957085756290448384
9920392116290448384
9843026656290448384
9827086176290448384
9820816496290448384
9806373656290448384
9802720676290448384
9778261176290448384
9758746336290448384
9716554116290448384
9663695336290448384
9646558776290448384
9630449156290448384
9602946236290448384
9538604816290448384
9511863136290448384
9405490016290448384
9379897436290448384
9342523436290448384
9335567916290448384
9252346136290448384
9219469656290448384
9203408096290448384
9174028916290448384
9090048856290448384
9052678976290448384
8893426976290448384
8868204376290448384
8854434196290448384
8837974516290448384
8814215156290448384
8745092616290448384
8691893256290448384
8640929176290448384
8568444216290448384
8457489876290448384
8446422836290448384
8407432756290448384
8349950856290448384
8275410256290448384
8200483776290448384
8120485956290448384
8015928216290448384
8004698516290448384
7921845516290448384
7917290036290448384
7856591416290448384
7850794616290448384
7830676296290448384
7783308396290448384
7626483856290448384
7581047536290448384
7556723896290448384
7532277096290448384
7455620796290448384
7368163216290448384
7222598476290448384
7162872416290448384
7076820856290448384
7048141236290448384
7040384556290448384
6910056936290448384
6883116216290448384
6820704436290448384
6783638676290448384
6748131916290448384
6740938876290448384
6733835036290448384
6694891716290448384
6678786076290448384
6582836196290448384
6491569056290448384
6443804596290448384
6441021136290448384
6424290096290448384
6408307536290448384
6335692076290448384
6321825136290448384
6223819296290448384
6141011196290448384
6127764576290448384
6058198336290448384
6053364496290448384
6043938376290448384
6037512216290448384
6019544396290448384
5998344216290448384
5937561436290448384
5905734996290448384
5843800556290448384
5793823836290448384
5767130256290448384
5716663636290448384
5699315536290448384
5698864556290448384
5639497136290448384
5630703336290448384
5605848356290448384
5598013356290448384
5583617576290448384
5502641436290448384
5482631536290448384
5452368796290448384
5372709516290448384
5303152336290448384
5276767516290448384
5242594336290448384
5111946936290448384
5102372516290448384
5099093616290448384
5028945576290448384
4970595896290448384
4929789156290448384
4909814976290448384
4908451916290448384
4902100776290448384
4885459336290448384
4751771436290448384
4726526256290448384
4701126516290448384
4621716436290448384
4603145476290448384
4530256396290448384
4528867096290448384
4509179156290448384
4493986536290448384
4413268836290448384
4320744736290448384
4279545816290448384
4125937456290448384
4124158556290448384
4089208096290448384
3897430296290448384
3889462556290448384
3815443796290448384
3678542316290448384
3599277476290448384
3577235416290448384
3396296676290448384
3345405616290448384
3334018316290448384
3287655956290448384
3219559856290448384
3175411496290448384
3173317236290448384
3128297596290448384
3087196476290448384
3053389996290448384
2984639676290448384
2946063716290448384
2918206096290448384
2777824616290448384
2609781916290448384
2587179976290448384
2559926416290448384
2555827776290448384
2472398496290448384
2435165116290448384
2377992756290448384
2359182376290448384
2294416036290448384
2284087216290448384
2274432296290448384
2269302636290448384
2200659476290448384
2141372676290448384
2127730456290448384
1976552956290448384
1955692976290448384
1941738256290448384
1933127076290448384
1910967176290448384
1869434356290448384
1847657316290448384
1794511336290448384
1793010076290448384
1687193016290448384
1627638936290448384
1503324116290448384
1452915536290448384
1405105276290448384
1321074476290448384
1316031976290448384
1121101656290448384
1105057356290448384
1090308436290448384
1025537116290448384
778482056290448384
774542656290448384
530858656290448384
459138296290448384
441870276290448384
364444336290448384
340151156290448384
246334396290448384
244436636290448384
241292516290448384
169674576290448384
139759376290448384
97537456290448384
89092356290448384
35682576290448384
13602416290448384
18439974530000000000
18399515310000000000
18367705470000000000
18343493810000000000
18339343810000000000
18272989470000000000
18271849850000000000
18270247930000000000
18205357910000000000
18177095910000000000
18175986390000000000
18156290070000000000
18129648430000000000
18034941350000000000
17951327010000000000
17924141750000000000
17916796170000000000
17911015390000000000
17817530930000000000
17748891910000000000
17709605730000000000
17663645770000000000
17634950890000000000
17626985990000000000
17480251570000000000
17478301750000000000
17451288790000000000
17449747530000000000
17435887770000000000
17406838490000000000
17364712310000000000
17350842590000000000
17328986590000000000
17282589050000000000
17214026050000000000
17183176110000000000
17093065130000000000
17077684370000000000
17070046390000000000
16920774530000000000
16831257310000000000
16776495030000000000
16696231370000000000
16635967550000000000
16568471970000000000
16552567230000000000
16544576490000000000
16464772410000000000
16459185890000000000
16422567890000000000
16246660810000000000
16184748870000000000
16094307090000000000
16032723710000000000
16022952650000000000
15961593770000000000
15955389750000000000
15919478210000000000
15830864330000000000
15811824690000000000
15783819690000000000
15766889450000000000
15750039410000000000
15731263350000000000
15720619750000000000
15692801730000000000
15641422370000000000
15636202370000000000
15587232890000000000
15545997450000000000
15542982290000000000
15426839850000000000
15416155990000000000
15377969870000000000
15112105130000000000
15072242330000000000
15023437830000000000
15018580970000000000
14893614010000000000
14823560870000000000
14816489870000000000
14779635330000000000
14741059510000000000
14727425390000000000
14718691550000000000
14629669910000000000
14625166550000000000
14605377170000000000
14518304650000000000
14425775650000000000
14405752630000000000
14395190730000000000
14389190530000000000
14383401910000000000
14377041670000000000
14264571430000000000
14247032470000000000
14236426550000000000
14194995170000000000
14141382870000000000
13922715310000000000
13917390530000000000
13914446730000000000
13842990750000000000
13835043290000000000
13781437470000000000
13766241250000000000
13671562250000000000
13558554570000000000
13535623130000000000
13481201290000000000
13399899610000000000
13379156350000000000
13287963050000000000
13188483790000000000
13178099270000000000
13111760230000000000
13109320650000000000
13060234110000000000
12938508730000000000
12828483690000000000
12822742690000000000
12785509830000000000
12784964490000000000
12746018570000000000
12652902310000000000
12624918410000000000
12619010890000000000
12601188870000000000
12579257030000000000
12538779590000000000
12519744330000000000
12404623510000000000
12396237130000000000
12390589850000000000
12369415190000000000
12348558570000000000
12293247010000000000
12248638890000000000
12239004950000000000
12199957750000000000
12153663210000000000
12118253670000000000
12107408690000000000
12079843970000000000
12074882010000000000
12074343610000000000
11971850730000000000
11968360510000000000
11850645070000000000
11848949350000000000
11841072890000000000
11824600490000000000
11650927370000000000
11623177810000000000
11620161170000000000
11559725030000000000
11516069810000000000
11459250670000000000
11453878910000000000
11433499650000000000
11409948110000000000
11327907390000000000
11265667190000000000
11227776230000000000
11227312730000000000
11218151030000000000
11198463490000000000
11186430390000000000
11176053990000000000
11146592250000000000
11141651510000000000
11045772770000000000
10993606310000000000
10974924850000000000
10909478930000000000
10853735690000000000
10826612170000000000
10792033630000000000
10647634110000000000
10603124410000000000
10491215550000000000
10491034170000000000
10434794350000000000
10322551710000000000
10305264690000000000
10263226150000000000
10222517990000000000
10218624890000000000
10077469890000000000
10071796970000000000
9997069370000000000
9977994410000000000
9966673870000000000
9956084230000000000
9948911730000000000
9906189070000000000
9897077210000000000
9857491670000000000
9842890330000000000
9842416590000000000
9784866770000000000
9762063610000000000
9723855570000000000
9710762690000000000
9689237090000000000
9687368370000000000
9654325050000000000
9629516130000000000
9588153110000000000
9533248470000000000
9317054430000000000
9163952470000000000
9097260150000000000
8999591470000000000
8979990110000000000
8929745750000000000
8924384130000000000
8770943010000000000
8754266130000000000
8748455270000000000
8630741750000000000
8576583330000000000
8552036210000000000
8439170110000000000
8406547490000000000
8377694310000000000
8375666330000000000
8360860850000000000
8339402770000000000
8125088290000000000
8100610130000000000
8091533750000000000
8089562810000000000
8062424190000000000
7916149750000000000
7907040690000000000
7903388770000000000
7885028430000000000
7861287670000000000
7843347950000000000
7827457770000000000
7784819670000000000
7777679830000000000
7740512910000000000
7589106630000000000
7546449770000000000
7534473970000000000
7497955550000000000
7464932990000000000
7399030630000000000
7366037910000000000
7358269710000000000
7311661450000000000
7296883990000000000
7296723230000000000
7263529290000000000
7247344310000000000
7239099570000000000
7052508710000000000
7023624770000000000
6997715310000000000
6966864710000000000
6956173870000000000
6940687150000000000
6838791710000000000
6788548550000000000
6674304970000000000
6658843230000000000
6591737130000000000
6573081070000000000
6513179850000000000
6314656610000000000
6305828990000000000
6299621770000000000
6257321910000000000
6230503510000000000
6220472610000000000
6131406210000000000
6119943730000000000
6028150670000000000
5989822550000000000
5908104350000000000
5878456310000000000
5756479810000000000
5740506230000000000
5693111490000000000
5629091390000000000
5556697850000000000
5519325810000000000
5434204430000000000
5363820470000000000
5359494190000000000
5339241330000000000
5334323990000000000
5237370390000000000
5197353790000000000
5174424510000000000
5167620870000000000
5112986450000000000
5033536430000000000
4975106190000000000
4922936270000000000
4899951530000000000
4861403830000000000
4826859790000000000
4777177550000000000
4707214090000000000
4631433410000000000
4617369490000000000
4580938290000000000
4480669310000000000
4479252970000000000
4223157090000000000
4222103370000000000
4160339270000000000
4055700330000000000
4042917050000000000
3986148670000000000
3961164410000000000
3906779170000000000
3824976790000000000
3742425390000000000
3725206810000000000
3588116750000000000
3537694290000000000
3178814110000000000
3166821170000000000
3130275490000000000
3128323890000000000
3119583610000000000
3104211310000000000
3101074610000000000
3083348870000000000
3073061130000000000
3005057590000000000
2951907690000000000
2842791650000000000
2816464470000000000
2667434930000000000
2563261430000000000
2487037230000000000
2331675050000000000
2139415830000000000
2068816790000000000
2031754890000000000
1898191090000000000
1717708890000000000
1611796930000000000
1505780470000000000
1482015750000000000
1439554270000000000
1374713290000000000
1327545330000000000
1193968810000000000
1089708070000000000
1047840430000000000
930582410000000000
929396330000000000
928502510000000000
897553710000000000
878858430000000000
864643970000000000
808799330000000000
781034490000000000
765808010000000000
758318150000000000
748125570000000000
743368850000000000
723165250000000000
692585450000000000
679614070000000000
648799010000000000
422420650000000000
382996730000000000
319805010000000000
318030550000000000
311579350000000000
263874930000000000
173628730000000000
103174930000000000
77379330000000000
52488950000000000
9165790000000000
1770162710000000000
1643761430000000000
1625918970000000000
1615338570000000000
1492879090000000000
1483768870000000000
1459435930000000000
1407552670000000000
1374219210000000000
1353999290000000000
1317959670000000000
1171368730000000000
1147512810000000000
1041570630000000000
1009211210000000000
963280490000000000
923513670000000000
909396350000000000
909187470000000000
865127790000000000
862215510000000000
851726190000000000
837105050000000000
814069390000000000
729202730000000000
648107350000000000
616951930000000000
571448230000000000
479969650000000000
461606790000000000
417622290000000000
303029770000000000
248976090000000000
233463450000000000
201199890000000000
155723830000000000
74010650000000000
23168530000000000
93994930000000000
49612670000000000
65691950000000000
9243570000000000
23576550000000000
1489216850000000000
1417476430000000000
1406548090000000000
1186656470000000000
1045216550000000000
1001808510000000000
967093590000000000
960784750000000000
907509230000000000
878031350000000000
760857230000000000
741410310000000000
667383330000000000
431402730000000000
430318050000000000
263739950000000000
252585650000000000
199310370000000000
123512290000000000
111760810000000000
84294390000000000
48585190000000000
44838930000000000
26433730000000000
14674830000000000
515710000000000
277064150000000000
274885990000000000
270801210000000000
270725990000000000
27030030000000000
88379770000000000
87818170000000000
46777310000000000
35041350000000000
7493830000000000
22134830000000000
7804410000000000
281232630000000000
253798330000000000
240707250000000000
196798650000000000
134678230000000000
85054630000000000
33219450000000000
12917130000000000
3987010000000000
4662610000000000
21979150000000000
774537190000000000
757615730000000000
668599690000000000
590265770000000000
421058450000000000
383212550000000000
290233310000000000
232864850000000000
159864570000000000
147343190000000000
21616810000000000
19072210000000000
