512
16110000000000
2814510000000000
2193850000000000
222870000000000
9078910000000000
3526010000000000
46757810000000000
60020250000000000
28314150000000000
257533870000000000
77421270000000000
1359110000000000
138893490000000000
92037830000000000
776290000000000
767910000000000
91755250000000000
190970000000000
711829170000000000
316474890000000000
282994470000000000
128740290000000000
21884010000000000
12797090000000000
144949970000000000
102141290000000000
87512730000000000
5702230000000000
22134830000000000
85054630000000000
43630000000000
66435690000000000
56452330000000000
870000000000
1328390570000000000
1200476750000000000
514501470000000000
218984090000000000
14663970000000000
2340750000000000
3830000000000
170536170000000000
204043410000000000
148726570000000000
2989770000000000
3061050000000000
833891910000000000
692479210000000000
279527490000000000
95516450000000000
3430190000000000
36243410000000000
707970000000000
1715430000000000
28923790000000000
224552010000000000
29254270000000000
82871610000000000
265573010000000000
98700370000000000
457023910000000000
153025710000000000
16574750000000000
668599690000000000
159864570000000000
21979150000000000
468348670000000000
462207830000000000
51098710000000000
223423770000000000
200738790000000000
162778150000000000
149893590000000000
765601450000000000
438905170000000000
437271530000000000
221154190000000000
2344250000000000
765649530000000000
689456610000000000
530754750000000000
320115230000000000
298189610000000000
164926450000000000
3145244670000000000
2490271650000000000
2417968730000000000
1735668870000000000
1568141410000000000
1347536430000000000
900551210000000000
190568290000000000
1186656470000000000
667383330000000000
111760810000000000
9698650000000000
245456650000000000
93994930000000000
328170000000000
2520890000000000
353856070000000000
1459435930000000000
74010650000000000
478750000000000
20018890000000000
2821091030000000000
2253450950000000000
1165658590000000000
1021757990000000000
982549110000000000
821777570000000000
769444210000000000
324210050000000000
463330000000000
20741970000000000
108258410000000000
68450000000000
6050710000000000
701638530000000000
597056310000000000
572653130000000000
3870610000000000
60004590000000000
1975145910000000000
1422093290000000000
1254816890000000000
249078750000000000
124459530000000000
3891023390000000000
3412572530000000000
3322030610000000000
3225120810000000000
3199364010000000000
2983611830000000000
1710292810000000000
1469341910000000000
863229010000000000
711780830000000000
642026190000000000
397245210000000000
128540510000000000
48989290000000000
85041890000000000
5154430000000000
139008510000000000
134839810000000000
102590000000000
5286110000000000
829490000000000
9970370000000000
110000000000
501317690000000000
455419950000000000
166301030000000000
3223977790000000000
3176615110000000000
2162138150000000000
2154561610000000000
1865996490000000000
768947090000000000
727993150000000000
458531070000000000
231298170000000000
153949970000000000
538136050000000000
12917130000000000
7241421476290448384
7117481956290448384
6694592836290448384
6663276096290448384
6651557336290448384
6333532676290448384
5874367996290448384
4806335676290448384
3923501356290448384
3815537496290448384
3805722216290448384
3622767596290448384
3473667276290448384
2909487916290448384
2319147256290448384
2000264376290448384
1237582276290448384
545030776290448384
496369916290448384
365767216290448384
336766356290448384
18413829950000000000
17069413790000000000
16801915790000000000
16531388270000000000
16421330810000000000
16302030610000000000
16206854170000000000
15598385270000000000
15442351170000000000
14409165750000000000
13675354310000000000
13298608750000000000
13104201630000000000
12825409910000000000
12334091730000000000
12141710430000000000
12107984190000000000
12106199910000000000
11968012830000000000
11942944170000000000
10856273670000000000
10600806610000000000
10036134350000000000
9989497990000000000
9563869570000000000
9222504650000000000
8775882930000000000
7555266670000000000
6931988210000000000
6503543390000000000
5520275830000000000
5282224550000000000
5245959670000000000
5210767690000000000
5099520550000000000
4206360950000000000
4192927190000000000
3361053010000000000
3179524890000000000
2977529470000000000
2853256830000000000
1799188610000000000
1345144850000000000
402278930000000000
2010000000000
1374770000000000
689714150000000000
126481970000000000
14740095870000000000
13469992070000000000
13224509350000000000
12854955310000000000
12851415110000000000
12536340030000000000
12433628390000000000
12060166190000000000
11753337750000000000
11309399790000000000
10640005890000000000
10418997910000000000
10145165230000000000
9920260510000000000
9812877310000000000
9470857010000000000
9270250370000000000
9209940330000000000
9172506330000000000
9019942590000000000
8763240190000000000
8114454170000000000
7798186530000000000
7767214150000000000
7631627630000000000
7277489690000000000
7132665750000000000
6860589150000000000
5291389330000000000
5157611590000000000
4965821370000000000
4945371430000000000
4468732330000000000
4321027190000000000
3816285030000000000
3790020530000000000
3658380690000000000
3337923750000000000
3177210130000000000
3148112850000000000
2890561110000000000
2629040990000000000
2611216970000000000
1762655970000000000
1417751410000000000
1006309370000000000
825796410000000000
118544990000000000
1801984230000000000
1455210730000000000
1374682750000000000
1047402350000000000
960865590000000000
857245410000000000
470432950000000000
445425330000000000
390161570000000000
67922890000000000
297990000000000
101204490000000000
31834230000000000
2321077408871345152
1828331968871345152
1807640808871345152
1702655668871345152
1674055368871345152
1444961848871345152
1262355028871345152
1018797268871345152
907494268871345152
275819648871345152
84773928871345152
18014425362580896768
17772198802580896768
17529897802580896768
17528598502580896768
16111739882580896768
13917815382580896768
13075836762580896768
12939922322580896768
12062347922580896768
11812715262580896768
11381613922580896768
11322889922580896768
11170313582580896768
10342626062580896768
10241654122580896768
9635343442580896768
8925573982580896768
8604814022580896768
8601754282580896768
8503601862580896768
8348183822580896768
8296020722580896768
7712400122580896768
7695109522580896768
7204449762580896768
6397082782580896768
6384921602580896768
6108453262580896768
5865144702580896768
5856180282580896768
5728540982580896768
5531071642580896768
5286470682580896768
5252262882580896768
5168073602580896768
3735564102580896768
3672306842580896768
2747775842580896768
2735933882580896768
2116799622580896768
1845217362580896768
1735316342580896768
1420820282580896768
1151172882580896768
968417302580896768
812041222580896768
541375662580896768
363020702580896768
201176922580896768
71150922580896768
17721038716290448384
17711481596290448384
17669999116290448384
17313195836290448384
17270042956290448384
17029975656290448384
16917168856290448384
16082324836290448384
16030475296290448384
15832966236290448384
14983799316290448384
14746019436290448384
13228588436290448384
13168527096290448384
12761507556290448384
12618062556290448384
11960915076290448384
11741573216290448384
11674711276290448384
11369960356290448384
9802720676290448384
9090048856290448384
8691893256290448384
8446422836290448384
7921845516290448384
7830676296290448384
7626483856290448384
7162872416290448384
6783638676290448384
6678786076290448384
6443804596290448384
6053364496290448384
5767130256290448384
5502641436290448384
4909814976290448384
4603145476290448384
3334018316290448384
3219559856290448384
3173317236290448384
2984639676290448384
2587179976290448384
2274432296290448384
2269302636290448384
1933127076290448384
1452915536290448384
97537456290448384
89092356290448384
18339343810000000000
18272989470000000000
18205357910000000000
18129648430000000000
17951327010000000000
17183176110000000000
13914446730000000000
13835043290000000000
12652902310000000000
12293247010000000000
12239004950000000000
12199957750000000000
11848949350000000000
11186430390000000000
10853735690000000000
10603124410000000000
10491034170000000000
10322551710000000000
10263226150000000000
9897077210000000000
9317054430000000000
9097260150000000000
8439170110000000000
8062424190000000000
6940687150000000000
6220472610000000000
6131406210000000000
5878456310000000000
5359494190000000000
4861403830000000000
4617369490000000000
4160339270000000000
3824976790000000000
3119583610000000000
2951907690000000000
2068816790000000000
758318150000000000
263874930000000000
103174930000000000
277227570000000000
26926650000000000
5354208010000000000
5280506850000000000
4852391030000000000
4704249050000000000
4483982370000000000
4319877510000000000
4075114110000000000
3944751790000000000
3653654190000000000
3178197790000000000
3133286510000000000
2368595870000000000
2302485590000000000
2122500110000000000
1879979010000000000
756022490000000000
725047690000000000
502823790000000000
10492477090000000000
9574184330000000000
9513305070000000000
9485597230000000000
9333301670000000000
8655074610000000000
8005405590000000000
7830585750000000000
7338620230000000000
6545985670000000000
6439657390000000000
5281427830000000000
5109331010000000000
5043934410000000000
4442043330000000000
4249852910000000000
3593122610000000000
2843054310000000000
2432094430000000000
1674574090000000000
1469591250000000000
1193201190000000000
1157601170000000000
831424990000000000
798115530000000000
467934770000000000
7777556070000000000
6985362170000000000
5780875370000000000
5657837350000000000
5276028370000000000
4545366710000000000
3629715630000000000
3326416770000000000
3015044810000000000
2932891190000000000
2907848530000000000
2323318650000000000
1759266650000000000
1647856050000000000
1552323830000000000
1500020870000000000
1495395490000000000
1425612510000000000
1125910790000000000
662338690000000000
560148710000000000
517576730000000000
63790070000000000
