4096
10000000000
1050000000000
29510000000000
13250000000000
32030000000000
238410000000000
42990000000000
570000000000
260850000000000
3266610000000000
1104970000000000
22870000000000
918150000000000
470510000000000
110000000000
39350000000000
47499510000000000
11903050000000000
70949670000000000
84110710000000000
12107030000000000
29129890000000000
16920690000000000
632510000000000
336970000000000
150490000000000
1130000000000
4070000000000
5406510000000000
1378050000000000
7285110000000000
230806990000000000
70992910000000000
49732950000000000
12642250000000000
83230000000000
15755390000000000
14732110000000000
5189130000000000
2469170000000000
28394870000000000
13651730000000000
11506890000000000
33773010000000000
33510000000000
51396430000000000
2163470000000000
950000000000
91045030000000000
62299870000000000
37892950000000000
10286230000000000
4681290000000000
1036930000000000
59032830000000000
18514190000000000
43916770000000000
743150000000000
39988290000000000
11948150000000000
6670000000000
200005190000000000
164393330000000000
160175270000000000
82961810000000000
23976710000000000
129621610000000000
81625630000000000
16926030000000000
103349950000000000
87628710000000000
32158870000000000
314063870000000000
226298870000000000
223135290000000000
187392810000000000
157699350000000000
81419970000000000
79888870000000000
220345030000000000
150257970000000000
119965410000000000
71239210000000000
28751570000000000
6239790000000000
514370000000000
125569190000000000
106917030000000000
19755990000000000
6229470000000000
131010000000000
15699710000000000
87851690000000000
80063830000000000
55242230000000000
33507870000000000
10000000000
118987150000000000
104874010000000000
53465250000000000
8697170000000000
41089150000000000
34615110000000000
177910550000000000
144978270000000000
61626010000000000
45888350000000000
361684990000000000
353129530000000000
297328730000000000
41823730000000000
34130510000000000
9321110000000000
832481190000000000
826488890000000000
806681290000000000
689949050000000000
655772590000000000
592335910000000000
591939490000000000
560271030000000000
529901510000000000
523726230000000000
520599630000000000
472716510000000000
432604690000000000
423093130000000000
389942810000000000
337950530000000000
288734910000000000
268909130000000000
205904250000000000
203128810000000000
200937890000000000
104021530000000000
91800710000000000
47573570000000000
3590000000000
139734990000000000
107769510000000000
29369250000000000
10436330000000000
1005730000000000
10629490000000000
61631670000000000
27426850000000000
4450290000000000
3685710000000000
41233730000000000
32050000000000
13440890000000000
867979230000000000
866700730000000000
826533730000000000
751254910000000000
717743910000000000
669097270000000000
665669390000000000
642535150000000000
610138630000000000
591471870000000000
577057530000000000
542367730000000000
540707430000000000
467936790000000000
417460210000000000
407181510000000000
313750030000000000
200739550000000000
175712770000000000
165993990000000000
133838590000000000
65097150000000000
60860750000000000
10000000000
19030850000000000
301903650000000000
258551030000000000
232093590000000000
114875410000000000
31422450000000000
19672750000000000
15677990000000000
9172390000000000
53550000000000
59710000000000
33756930000000000
327213330000000000
314751330000000000
279627890000000000
226571630000000000
214531090000000000
78589450000000000
65545150000000000
53009130000000000
2090950000000000
134140090000000000
131987530000000000
105390290000000000
39640890000000000
31729670000000000
6782830000000000
5777790000000000
14510000000000
147610000000000
6510550000000000
85720110000000000
38486910000000000
20105590000000000
18188390000000000
14825190000000000
10903490000000000
17370000000000
190890000000000
78932730000000000
69445550000000000
60942310000000000
75859930000000000
7095130000000000
1076230000000000
2237367930000000000
2148442850000000000
2130588810000000000
2122363330000000000
2097175630000000000
1982496650000000000
1929535370000000000
1902139470000000000
1889181470000000000
1857460270000000000
1708605210000000000
1672418810000000000
1660640710000000000
1656400470000000000
1643383370000000000
1538969330000000000
1495501950000000000
1366962190000000000
1184197370000000000
1147631630000000000
1133337350000000000
1131355590000000000
1115744110000000000
1092644990000000000
1070275050000000000
965912870000000000
897825170000000000
862736710000000000
862533270000000000
850424690000000000
823267230000000000
800379170000000000
762729510000000000
738807610000000000
667812590000000000
661716850000000000
651853030000000000
603047630000000000
426566110000000000
418458150000000000
341486290000000000
267580910000000000
260915130000000000
189574110000000000
85029270000000000
14877330000000000
10431330000000000
4393030000000000
136931570000000000
193567450000000000
157981250000000000
148483210000000000
107484390000000000
56818750000000000
43103890000000000
28304010000000000
284790000000000
4753128630000000000
4723174670000000000
4718837150000000000
4666368470000000000
4529084930000000000
4373833810000000000
4360519230000000000
4221082470000000000
4202861630000000000
4178520950000000000
4156739930000000000
4149880150000000000
4103528970000000000
3906724750000000000
3896119110000000000
3895734690000000000
3835375310000000000
3794063330000000000
3793095690000000000
3665577890000000000
3554370210000000000
3547078250000000000
3450095990000000000
3431971570000000000
3351092730000000000
3334837590000000000
3294976470000000000
3292329950000000000
3278853670000000000
3272196090000000000
3257043550000000000
3243723870000000000
3226459290000000000
3183030850000000000
3175189310000000000
3171423650000000000
3025354170000000000
3011667570000000000
2975215010000000000
2938383030000000000
2930293270000000000
2929749070000000000
2900023190000000000
2721724610000000000
2710072470000000000
2707282110000000000
2697773570000000000
2671933450000000000
2591464810000000000
2537931510000000000
2536567310000000000
2535203450000000000
2513050770000000000
2436590870000000000
2386813290000000000
2383692130000000000
2374363070000000000
2372656710000000000
2182811990000000000
2059076910000000000
2056626650000000000
1820793170000000000
1789326650000000000
1774401230000000000
1770889710000000000
1768902710000000000
1744383250000000000
1668755450000000000
1655777990000000000
1650296670000000000
1586497810000000000
1572470690000000000
1500013250000000000
1476155130000000000
1460171670000000000
1456317310000000000
1354616910000000000
1333146890000000000
1315995170000000000
1174319390000000000
1070314030000000000
1034750830000000000
990753850000000000
953571930000000000
949289810000000000
941869330000000000
934499690000000000
885142710000000000
716421350000000000
673068030000000000
657979790000000000
649378150000000000
587203450000000000
546528990000000000
499617510000000000
480587650000000000
479029850000000000
448281330000000000
446205190000000000
397583010000000000
361082910000000000
314496770000000000
308660710000000000
282005390000000000
256368190000000000
207097330000000000
160758830000000000
107746030000000000
76672490000000000
9560150000000000
4546230000000000
85850170000000000
25814270000000000
16306490000000000
11598130000000000
1871470000000000
10546013790000001024
10514662510000001024
10387473670000001024
10257562569999998976
10232781750000001024
10204139630000001024
10201728270000001024
10174444329999998976
10132670689999998976
10129054369999998976
10120792030000001024
10117619550000001024
10021827790000001024
9975142769999998976
9921487009999998976
9870704510000001024
9866536129999998976
9803160409999998976
9704599409999998976
9683671790000001024
9647470649999998976
9645749350000001024
9619324710000001024
9522445409999998976
9507663409999998976
9489803449999998976
9433090089999998976
9295288289999998976
9258009790000001024
9249104169999998976
9231361649999998976
9148169850000000000
9146025570000000000
9113422670000000000
9025871390000000000
9015410650000000000
8955320970000000000
8888654770000000000
8840331890000000000
8834252210000000000
8732539450000000000
8688329630000000000
8574683790000000000
8536236010000000000
8504566750000000000
8470119690000000000
8464269750000000000
8358015230000000000
8280233470000000000
8184042650000000000
8167072410000000000
8091241550000000000
8054233730000000000
8047424750000000000
8044925510000000000
7987966030000000000
7957783330000000000
7954970490000000000
7949840610000000000
7929838290000000000
7926120370000000000
7918580430000000000
7893881590000000000
7885084150000000000
7808095210000000000
7787967690000000000
7667621030000000000
7396425590000000000
7386264570000000000
7369100590000000000
7302013330000000000
7300942190000000000
7284593710000000000
7277006930000000000
7214200050000000000
7191228930000000000
7165965170000000000
7111261290000000000
7082993110000000000
7030388590000000000
7027797910000000000
7017707190000000000
6987161530000000000
6882101110000000000
6818921850000000000
6778928210000000000
6723120810000000000
6707130850000000000
6672242130000000000
6671973550000000000
6604953450000000000
6401513250000000000
6398127070000000000
6392539270000000000
6334119450000000000
6298915910000000000
6205963610000000000
6149328810000000000
6103069790000000000
6064413510000000000
6045001830000000000
5974663510000000000
5914592370000000000
5659345010000000000
5509435090000000000
5450676230000000000
5429237230000000000
5330470810000000000
5301100410000000000
5299932870000000000
5212492030000000000
5198045650000000000
5173479770000000000
5126349490000000000
5099464730000000000
5069512790000000000
5017880050000000000
5011639470000000000
4826406990000000000
4791753290000000000
4762074490000000000
4737656870000000000
4732151030000000000
4613386930000000000
4585355730000000000
4432639510000000000
4394539310000000000
4358569170000000000
4342833350000000000
4321886130000000000
4227814810000000000
4194987450000000000
4185473170000000000
4179446410000000000
4119489010000000000
4092804910000000000
4089407690000000000
4066924910000000000
4055495410000000000
4027923310000000000
3935415570000000000
3933180470000000000
3919798030000000000
3918871330000000000
3859119970000000000
3809336570000000000
3775438930000000000
3748980830000000000
3748711710000000000
3673219710000000000
3623640190000000000
3567171290000000000
3448571750000000000
3415598530000000000
3352507350000000000
3287782690000000000
3271210730000000000
3244465450000000000
3082132630000000000
3081122250000000000
3027102470000000000
3014379970000000000
2925765830000000000
2748166990000000000
2639842990000000000
2589027170000000000
2541347490000000000
2418748950000000000
2414453870000000000
2398477650000000000
2334054130000000000
2282884590000000000
2280956510000000000
2275192950000000000
2255332270000000000
2208002750000000000
2145872950000000000
2060449270000000000
2046921150000000000
2025192130000000000
2007740130000000000
2005451250000000000
1890628510000000000
1856328770000000000
1836620690000000000
1795365490000000000
1769094890000000000
1761679930000000000
1744232630000000000
1742765390000000000
1706978790000000000
1504605330000000000
1488858570000000000
1457304070000000000
1421451990000000000
1401330550000000000
1344548290000000000
1276214510000000000
1193431850000000000
1062455210000000000
1024407310000000000
1010038050000000000
972343990000000000
971083450000000000
836310810000000000
823510130000000000
805275910000000000
516472470000000000
489577270000000000
481860390000000000
388978250000000000
349760790000000000
269953210000000000
266819670000000000
266603790000000000
230275110000000000
204559170000000000
191709030000000000
55955050000000000
36769530000000000
30000000000
66831650000000000
18663190000000000
8593010000000000
7217770000000000
21691910000000000
18941690000000000
297777630000000000
277037950000000000
256090830000000000
239543190000000000
197542010000000000
194107790000000000
192939370000000000
162370370000000000
132304250000000000
19328510000000000
218480330000000000
217201770000000000
204027710000000000
174555550000000000
98202130000000000
93111370000000000
79300810000000000
889870000000000
8136350000000000
2819070000000000
240452670000000000
228074370000000000
199863010000000000
177988490000000000
123991830000000000
48443450000000000
42415490000000000
21086170000000000
4942750000000000
2459870000000000
27363970000000000
25782030000000000
1231130510000000000
1207842570000000000
1184724550000000000
1095493170000000000
1072298270000000000
1003338830000000000
993387870000000000
981319910000000000
931656910000000000
853470690000000000
769272210000000000
734810490000000000
671874730000000000
464358270000000000
399469250000000000
379733610000000000
378215330000000000
272115370000000000
249944790000000000
205233890000000000
189183930000000000
178181830000000000
165870190000000000
39342870000000000
3878430000000000
76161970000000000
72121890000000000
68671110000000000
24650050000000000
4881610000000000
137453610000000000
123827990000000000
3477350000000000
505831190000000000
430379270000000000
428470050000000000
297038350000000000
236166110000000000
226683410000000000
223118970000000000
215682610000000000
96097670000000000
2967130000000000
15468248790000001024
15446422230000001024
15220896969999998976
15126411390000001024
15035373849999998976
15031082870000001024
14921934049999998976
14897590889999998976
14638726030000001024
14620859569999998976
14604502169999998976
14601697110000001024
14572122929999998976
14532992209999998976
14488039809999998976
14433692529999998976
14345408729999998976
14246640550000001024
14224358449999998976
14106619150000001024
14070781249999998976
14023411649999998976
13916451150000001024
13859027070000001024
13814793289999998976
13809722030000001024
13783139529999998976
13754983870000001024
13735273710000001024
13681589009999998976
13663280489999998976
13654454329999998976
13641418950000001024
13630996169999998976
13606218529999998976
13605458430000001024
13598583030000001024
13570713689999998976
13500203550000001024
13471475310000001024
13435553470000001024
13421919510000001024
13345646710000001024
13344714529999998976
13343083889999998976
13218400150000001024
13191197190000001024
13173879790000001024
13098152929999998976
13091369449999998976
13089887830000001024
13038478110000001024
12996755150000001024
12976696409999998976
12970770830000001024
12954407510000001024
12900044710000001024
12893464609999998976
12835627510000001024
12830155289999998976
12804894830000001024
12798385430000001024
12764691729999998976
12743741249999998976
12734468510000001024
12689550950000001024
12683777270000001024
12657164630000001024
12582025270000001024
12572574550000001024
12517323510000001024
12502274470000001024
12488239590000001024
12436393750000001024
12405503390000001024
12370288649999998976
12262158910000001024
12239395630000001024
12167648350000001024
12119522390000001024
12043918729999998976
12007505430000001024
12005734550000001024
12003848609999998976
11891809809999998976
11868112769999998976
11784330990000001024
11770688550000001024
11746326689999998976
11697512089999998976
11682840369999998976
11668045790000001024
11486994550000001024
11437142809999998976
11161722129999998976
11104192030000001024
10961992569999998976
10883765470000001024
10869249590000001024
10818774329999998976
10691551889999998976
10671028190000001024
10669373430000001024
10589104049999998976
10579113569999998976
10508731870000001024
10391832169999998976
10305638830000001024
10291075369999998976
10211089569999998976
10195035969999998976
10192152190000001024
10124141590000001024
10033929249999998976
9967653529999998976
9938537390000001024
9813903649999998976
9744102249999998976
9738462289999998976
9731171230000001024
9701036089999998976
9640039169999998976
9601518670000001024
9594708710000001024
9582929670000001024
9581013809999998976
9429015110000001024
9328176529999998976
9320459590000001024
9267921790000001024
9238605289999998976
9155257570000000000
9123208830000000000
9121407170000000000
8963418710000000000
8938338350000000000
8935121030000000000
8735812670000000000
8610420850000000000
8568313330000000000
8562653970000000000
8491024070000000000
8482341610000000000
8460616950000000000
8429232410000000000
8388656770000000000
8363321450000000000
8301910510000000000
8276086590000000000
8221068930000000000
7935122030000000000
7714330950000000000
7709365370000000000
7696589610000000000
7514068370000000000
7502334750000000000
7482197030000000000
7304525670000000000
7300562470000000000
7281808950000000000
7204600990000000000
7179999070000000000
7136555890000000000
7101032170000000000
6992335410000000000
6939100890000000000
6934349610000000000
6930121250000000000
6890975290000000000
6870148310000000000
6854805250000000000
6809594470000000000
6794176010000000000
6775577670000000000
6755312670000000000
6751431670000000000
6583497390000000000
6568951310000000000
6549105170000000000
6516918370000000000
6459505070000000000
6451716230000000000
6413615290000000000
6254433690000000000
6191820210000000000
6148135390000000000
6116987230000000000
6047389190000000000
5905313650000000000
5783961190000000000
5746573170000000000
5729472230000000000
5694434170000000000
5691673830000000000
5581294490000000000
5533495510000000000
5393008990000000000
5361283490000000000
5349059930000000000
5277695190000000000
5257385830000000000
5136114050000000000
5132018870000000000
5110152950000000000
5068111550000000000
5014672470000000000
4848184650000000000
4804510590000000000
4784561090000000000
4609129530000000000
4528119350000000000
4520480010000000000
4411498130000000000
4370572050000000000
4352864430000000000
4339733470000000000
4307531810000000000
4282700350000000000
4278474510000000000
4154792030000000000
4144357110000000000
4106479530000000000
4063471810000000000
4056613990000000000
3981397530000000000
3804910810000000000
3740957170000000000
3716171030000000000
3680064210000000000
3573637550000000000
3532942290000000000
3498215990000000000
3411548930000000000
3405173570000000000
3396562050000000000
3384876090000000000
3191310490000000000
3049585330000000000
2935369270000000000
2911756010000000000
2871463670000000000
2801823870000000000
2745563870000000000
2737663970000000000
2692292630000000000
2680741410000000000
2662945030000000000
2585577050000000000
2549530550000000000
2507022190000000000
2420822350000000000
2339128510000000000
2290480190000000000
2174473910000000000
2099670870000000000
2085680210000000000
2074876230000000000
2070677070000000000
1992352470000000000
1878197450000000000
1752584610000000000
1744122090000000000
1731982150000000000
1696617490000000000
1665896290000000000
1659949530000000000
1659071730000000000
1594427250000000000
1562649810000000000
1539907190000000000
1506986970000000000
1413408790000000000
1346529310000000000
1334888790000000000
1328820370000000000
1323472190000000000
1230516630000000000
1196997930000000000
1171606750000000000
1125760370000000000
1117159990000000000
1114760310000000000
1038219630000000000
1034727590000000000
1031325230000000000
998898290000000000
917492390000000000
894892670000000000
854997150000000000
516296390000000000
468499890000000000
458761590000000000
435173410000000000
372618010000000000
356022870000000000
310008270000000000
289333610000000000
213534990000000000
173275050000000000
129406570000000000
56437570000000000
1301030000000000
1779790030000000000
1772825090000000000
1757196270000000000
1740591770000000000
1731152650000000000
1686704170000000000
1663942870000000000
1653023950000000000
1624879270000000000
1599925570000000000
1537908990000000000
1428949090000000000
1394136110000000000
1351022450000000000
1294807710000000000
1290868510000000000
1282483670000000000
1265103090000000000
1263211410000000000
1260196150000000000
1199634090000000000
1182411170000000000
1170526790000000000
1107508870000000000
1092721130000000000
1036274370000000000
1024795930000000000
952200850000000000
867152950000000000
763978470000000000
757873530000000000
745617650000000000
744572050000000000
736150590000000000
675130890000000000
600136410000000000
513708270000000000
474934930000000000
357894410000000000
322186210000000000
294444730000000000
250702190000000000
94180010000000000
44951850000000000
30164130000000000
7905950000000000
41420670000000000
27280030000000000
23078710000000000
13871010000000000
130017350000000000
94952670000000000
58272690000000000
4335870000000000
35546210000000000
10238930000000000
8275530000000000
28864470000000000
25590210000000000
95219550000000000
88789170000000000
65976970000000000
5170570000000000
3447130000000000
1291210000000000
990000000000
73329190000000000
62241930000000000
398470000000000
167928690000000000
159001070000000000
129418190000000000
8820810000000000
6775890000000000
396207550000000000
393428410000000000
292565450000000000
290180830000000000
181691890000000000
179621730000000000
159841410000000000
92467750000000000
19100930000000000
288823650000000000
267594310000000000
110598090000000000
82744590000000000
48934470000000000
27931930000000000
1332090000000000
3011123468871345152
2960820988871345152
2894443568871345152
2824050568871345152
2800769168871345152
2792045168871345152
2758036328871345152
2742096128871345152
2714710268871345152
2701755508871345152
2651428148871345152
2640774648871345152
2469501348871345152
2420123468871345152
2413910928871345152
2361787468871345152
2351034168871345152
2334531908871345152
2296940428871345152
2295743188871345152
2283791408871345152
2252364828871345152
2205789288871345152
2107411008871345152
2096800368871345152
2052926248871345152
2019814828871345152
1944404748871345152
1882495808871345152
1839742088871345152
1769728568871345152
1735712728871345152
1691154088871345152
1675823128871345152
1665075368871345152
1652754128871345152
1537427388871345152
1537219488871345152
1527846108871345152
1445355968871345152
1371530468871345152
1295934248871345152
1286741708871345152
1266110968871345152
1202898408871345152
1188311828871345152
1141202548871345152
1034828068871345152
1033736428871345152
992773868871345152
894987368871345152
849687808871345152
830924788871345152
658865768871345152
643776448871345152
521048408871345152
517262168871345152
415176688871345152
378295968871345152
188092608871345152
169712868871345152
139265108871345152
18440035642580897792
18394419662580895744
18350213282580897792
18290544362580897792
18260080202580897792
18202651782580895744
18171505602580897792
18067563242580897792
18021229962580897792
17995976482580897792
17958254122580897792
17845018082580897792
17707413342580895744
17672349462580895744
17659259522580897792
17638106802580897792
17588519502580895744
17584956562580897792
17584699222580895744
17501624202580897792
17498254862580895744
17431650862580895744
17330623522580897792
17308668962580897792
17308629682580897792
17089185202580897792
17013717662580895744
16975664022580895744
16929083782580895744
16892526782580895744
16879793782580895744
16856020802580897792
16788360062580895744
16761333042580897792
16752991102580895744
16724505822580895744
16659346542580895744
16622489782580895744
16581293442580897792
16470575062580895744
16443493462580895744
16427365862580895744
16342592902580895744
16243994902580895744
16118915322580897792
16072524322580897792
15974200682580897792
15889526362580897792
15840018402580897792
15811832102580895744
15798438402580897792
15726839822580895744
15673760962580897792
15653410002580897792
15603334502580895744
15601699162580897792
15560580242580897792
15557557962580897792
15512249342580895744
15458111442580897792
15443031742580895744
15337122982580895744
15318202782580895744
15186355622580895744
15073654702580895744
15029745602580897792
15014541702580895744
14954562502580895744
14895507502580895744
14763789162580897792
14703471742580895744
14609029922580897792
14539620422580895744
14530783122580897792
14520324202580897792
14459955322580897792
14432423122580897792
14366647602580897792
14354768402580897792
14310386262580895744
14292965882580897792
14253955922580897792
14200926862580895744
14194028062580895744
14177959142580895744
14069495462580895744
14011747382580895744
14002910042580897792
13962610402580897792
13874502282580897792
13869629542580895744
13785868502580895744
13742361962580897792
13714633802580897792
13634207202580897792
13474542762580897792
13307717722580897792
13270303282580897792
13268468022580895744
13244154902580895744
13075038282580897792
13063614822580895744
13042140942580895744
13037380142580895744
13011576782580895744
13008624362580897792
12957106122580897792
12949401142580895744
12936346702580895744
12895001402580897792
12893731922580897792
12862002782580895744
12840875782580895744
12831058082580897792
12822926942580895744
12796101082580897792
12776459802580897792
12722044082580897792
12699861402580897792
12614828082580897792
12570420002580897792
12486256502580895744
12455327242580897792
12455053762580897792
12434058962580897792
12396573742580895744
12372020802580897792
12337841722580897792
12304675042580897792
12191887162580897792
12150244542580895744
12144404942580895744
12041319382580895744
12026143882580897792
11992763402580897792
11988336002580897792
11972605482580897792
11953991282580897792
11953582502580895744
11850382942580895744
11846881882580897792
11787011422580895744
11777949362580897792
11772483782580895744
11532935162580897792
11430817222580895744
11383464922580897792
11355111122580897792
11255470802580897792
11220680702580895744
11189843482580897792
11136224342580895744
11110602802580897792
11099864982580895744
11075508822580895744
10944964462580895744
10890945082580897792
10884565422580895744
10794231822580895744
10768602262580895744
10691913062580895744
10669148622580895744
10653244882580897792
10556557542580895744
10539687582580895744
10453922162580897792
10431610182580895744
10348484982580895744
10337416282580897792
10321212842580897792
10319252222580895744
10314366182580895744
10269374762580897792
10138952942580895744
10102443022580895744
10082562862580895744
10066345602580897792
10026570002580897792
9957438742580895744
9910021842580897792
9892013622580895744
9874831302580895744
9873526162580897792
9826925582580895744
9795895522580897792
9741585922580897792
9687908062580895744
9686617382580895744
9678480682580897792
9644012602580897792
9622741402580897792
9580636462580895744
9486544902580895744
9436934802580897792
9362650742580895744
9343090222580895744
9235833582580895744
9229147142580895744
9226324702580895744
9212190922580896768
9071806362580896768
8983758282580896768
8960196202580896768
8799489822580896768
8797098302580896768
8782892102580896768
8780824562580896768
8659378742580896768
8659211402580896768
8634307342580896768
8590324102580896768
8587935642580896768
8570168622580896768
8490119202580896768
8427064802580896768
8358412882580896768
8191758142580896768
8185400602580896768
8123872022580896768
8121157662580896768
8120618722580896768
8112734922580896768
8016781742580896768
7999085382580896768
7964006402580896768
7962741542580896768
7939336702580896768
7672651382580896768
7573218402580896768
7462609342580896768
7418680382580896768
7357489682580896768
7217110962580896768
7193382502580896768
7180776142580896768
7155971882580896768
7112955762580896768
7076328502580896768
6990192982580896768
6989778262580896768
6971435242580896768
6956125222580896768
6946209782580896768
6928589982580896768
6768225102580896768
6698519882580896768
6648183702580896768
6585772442580896768
6556258582580896768
6389323042580896768
6357699282580896768
6357272402580896768
6276375062580896768
6269134322580896768
6243432882580896768
6203602702580896768
6202522462580896768
6125258282580896768
6111487682580896768
6071844482580896768
5992292322580896768
5924799262580896768
5872341722580896768
5832054542580896768
5772429562580896768
5756334122580896768
5635150802580896768
5542666582580896768
5514503422580896768
5442549202580896768
5368145502580896768
5332357502580896768
5286460202580896768
5258534542580896768
5209977602580896768
5194337242580896768
5188627442580896768
5178059802580896768
5066776622580896768
4975284502580896768
4948272942580896768
4917004882580896768
4816944782580896768
4723058802580896768
4586614742580896768
4584083322580896768
4561648962580896768
4504422702580896768
4486431182580896768
4480142802580896768
4406779262580896768
4373991682580896768
4315367922580896768
4242663922580896768
4163835782580896768
4133637422580896768
4019157922580896768
3917520242580896768
3884810402580896768
3778022922580896768
3766028102580896768
3740213322580896768
3683083842580896768
3619773702580896768
3612274762580896768
3530519882580896768
3522053062580896768
3471680142580896768
3416351622580896768
3409735462580896768
3368644842580896768
3164309002580896768
3134944082580896768
3080250562580896768
3070680802580896768
2965162162580896768
2958260202580896768
2936276382580896768
2910673262580896768
2908452042580896768
2899027142580896768
2881013582580896768
2861649422580896768
2845870502580896768
2838128542580896768
2764034582580896768
2645494402580896768
2560811442580896768
2553877322580896768
2547365182580896768
2508394002580896768
2502781442580896768
2455728482580896768
2371544762580896768
2369589762580896768
2309704562580896768
2217482882580896768
2183504422580896768
2166656862580896768
2158279982580896768
2124852322580896768
1970532942580896768
1959513822580896768
1727140802580896768
1691358182580896768
1673073762580896768
1578597342580896768
1452388782580896768
1439224962580896768
1401196362580896768
1386160882580896768
1297770582580896768
1223040522580896768
1218360182580896768
1176218722580896768
1159857142580896768
1087919082580896768
1050096082580896768
1033510002580896768
997800022580896768
983073742580896768
822963102580896768
809280502580896768
789062982580896768
722824422580896768
681214002580896768
644877042580896768
606479762580896768
577345822580896768
498719922580896768
487362562580896768
350249462580896768
340001182580896768
287855822580896768
210571082580896768
202238662580896768
104245602580896768
65132442580896768
43280682580896768
18444699176290447360
18385978496290447360
18383247516290449408
18339732216290447360
18262759256290447360
18237184376290447360
18209862596290449408
18147045896290447360
18092687156290449408
18058167016290447360
18002930916290449408
17936992196290449408
17829352556290449408
17801691596290449408
17732138376290447360
17710727796290449408
17633927496290447360
17610874416290447360
17584929016290447360
17532984556290449408
17519032836290449408
17438577176290447360
17394512316290449408
17362498116290449408
17358177896290447360
17333020876290449408
17285192636290449408
17249351656290447360
17089692956290449408
17084759916290449408
16933463076290449408
16916968796290449408
16678718076290449408
16660249856290447360
16643475516290449408
16591772196290449408
16566525296290447360
16356391516290449408
16309460616290447360
16248701596290449408
16214990756290449408
16208603256290447360
16199136356290449408
16177964716290449408
16162283336290447360
16153541296290447360
16152496096290447360
16113852316290449408
16081432496290447360
16055981896290447360
16020206496290447360
15972764336290447360
15957207516290449408
15925064156290449408
15892297796290449408
15886226176290447360
15881198636290449408
15866327956290449408
15862960196290449408
15842790836290449408
15782582216290447360
15735389756290449408
15656039856290447360
15619500296290447360
15614307756290449408
15606752736290447360
15517985396290449408
15437666476290449408
15220907736290447360
15213405396290449408
15166852376290447360
15160892276290449408
15126385836290449408
15121330976290447360
15096707696290447360
15073968816290447360
15059718736290447360
15044170296290447360
14990637036290449408
14950908376290447360
14913594856290447360
14911474316290449408
14821267316290449408
14797061516290449408
14745149216290447360
14736079636290449408
14724078036290449408
14603188916290449408
14529882036290449408
14468224036290449408
14344734656290447360
14344591536290447360
14300315216290447360
14251644416290447360
14200899496290447360
14176835216290447360
14136746796290449408
14085631036290449408
14062524436290449408
13998367376290447360
13972791736290447360
13964920876290449408
13953212916290449408
13922232436290449408
13882441056290447360
13861175816290447360
13853279216290447360
13809804956290449408
13750782556290449408
13524121196290449408
13516561896290447360
13450005976290447360
13387004736290447360
13356828616290447360
13356744836290449408
13250385156290449408
13214686116290449408
13207017816290447360
13148397616290447360
13115780956290449408
13023571936290447360
12984827336290447360
12970472536290447360
12946726376290447360
12855085416290447360
12799009456290447360
12753656076290449408
12745690816290447360
12711837656290447360
12702537256290447360
12700630696290447360
12695332776290447360
12651025016290447360
12556217976290447360
12471641116290449408
12451122616290447360
12430607156290449408
12396454896290447360
12146525796290449408
12124971736290447360
12082588996290449408
12065871136290447360
12049719096290447360
12000652436290449408
11984966236290449408
11984451156290449408
11939199816290447360
11915292236290449408
11881053636290449408
11691145416290447360
11668922696290447360
11623719976290447360
11584585496290447360
11484756796290449408
11475772396290449408
11413109596290449408
11399617796290449408
11377740436290449408
11314215776290447360
11290130196290449408
11264366076290449408
11241303316290449408
11174973636290449408
11164560556290449408
11150466056290447360
11095917776290447360
11062151876290449408
11018411876290449408
11004013296290447360
10988855956290449408
10968899516290449408
10937251216290447360
10930880376290447360
10911857436290449408
10901562756290449408
10882603076290449408
10862824956290449408
10814078236290449408
10780877296290447360
10745097356290449408
10713298776290447360
10637065736290447360
10624078916290449408
10605101456290447360
10543061276290449408
10524164676290449408
10521811016290447360
10482437676290449408
10480825636290449408
10479825156290449408
10421697836290449408
10279552616290447360
10222175096290447360
10212534796290449408
10180138236290449408
10174734656290447360
10138393216290447360
10069728056290447360
9976373936290447360
9912062496290447360
9870932716290449408
9757138076290449408
9750773716290449408
9683483976290447360
9649579956290449408
9580587356290449408
9509992816290447360
9466391296290447360
9427334756290449408
9399546436290449408
9380777656290447360
9357080596290449408
9282543136290447360
9266985316290449408
9245105716290449408
9224545896290447360
9083278556290448384
9044942996290448384
8985563736290448384
8984886376290448384
8899540076290448384
8854256836290448384
8813605176290448384
8758783276290448384
8682626776290448384
8579900916290448384
8410056796290448384
8350032796290448384
8309611196290448384
8295335756290448384
8283950436290448384
8271318656290448384
8221590416290448384
8211220936290448384
8201837036290448384
8178356956290448384
8069880516290448384
8031751036290448384
7989401076290448384
7941322796290448384
7911606576290448384
7907832236290448384
7879174576290448384
7759567316290448384
7733507016290448384
7727321356290448384
7633864596290448384
7619776116290448384
7606786556290448384
7601798496290448384
7568680576290448384
7544443176290448384
7543491516290448384
7536469236290448384
7536269216290448384
7530929096290448384
7437235696290448384
7389306456290448384
7386075116290448384
7364962256290448384
7287553656290448384
7200501876290448384
7154541616290448384
7125923016290448384
7113479736290448384
7002580576290448384
6992023136290448384
6968966856290448384
6960431856290448384
6933682976290448384
6814655376290448384
6761023316290448384
6618274696290448384
6596472736290448384
6494597836290448384
6396515296290448384
6369876996290448384
6232097236290448384
6186714556290448384
6184395556290448384
6119664236290448384
5926836996290448384
5767348596290448384
5695705856290448384
5685786876290448384
5660995396290448384
5657263596290448384
5606909036290448384
5555249776290448384
5422378676290448384
5395003336290448384
5342740576290448384
5324300876290448384
5299634156290448384
5295753716290448384
5290284036290448384
5247235296290448384
5137323556290448384
5077355776290448384
4972999416290448384
4970169016290448384
4935311636290448384
4805174336290448384
4732618356290448384
4582159876290448384
4453839016290448384
4421937696290448384
4405331356290448384
4391446136290448384
4246491296290448384
4184244676290448384
4090458596290448384
4048096056290448384
4005229616290448384
3990388956290448384
3969366016290448384
3924721196290448384
3917939236290448384
3906522036290448384
3884853576290448384
3755959056290448384
3711205196290448384
3595134236290448384
3587501396290448384
3369987316290448384
3303040856290448384
3145232776290448384
3123669036290448384
3031363976290448384
2994053376290448384
2959100556290448384
2945019156290448384
2764919336290448384
2761420676290448384
2726530756290448384
2708247656290448384
2667381136290448384
2643097736290448384
2626453456290448384
2553499536290448384
2535084076290448384
2523267296290448384
2475839656290448384
2461906876290448384
2451369696290448384
2422075256290448384
2397880536290448384
2310801736290448384
2216506216290448384
2206422396290448384
2155940296290448384
2110266036290448384
2089505976290448384
2074060416290448384
2051003636290448384
2017353896290448384
2004972376290448384
1988352536290448384
1874314156290448384
1863404236290448384
1609718436290448384
1560825556290448384
1532932216290448384
1497563956290448384
1483385476290448384
1430313636290448384
1367681656290448384
1218296256290448384
1131401036290448384
973911156290448384
801542816290448384
781826556290448384
768406856290448384
766153796290448384
746489816290448384
544315636290448384
466806296290448384
315550236290448384
213977896290448384
180913616290448384
167881936290448384
59156336290448384
14835016290448384
18421539289999998976
18291741550000001024
18250648289999998976
18075290889999998976
18036091329999998976
18022905369999998976
18021475470000001024
17821021070000001024
17714075830000001024
17672705710000001024
17662652150000001024
17543042670000001024
17507089790000001024
17471701649999998976
17449837569999998976
17420383449999998976
17387863710000001024
17365572689999998976
17317359649999998976
17245101809999998976
17218109569999998976
17201153270000001024
17197136249999998976
17062862009999998976
17059914369999998976
17058963070000001024
16996176769999998976
16987336609999998976
16843400169999998976
16799058390000001024
16780828809999998976
16740864009999998976
16728554510000001024
16493764990000001024
16412666790000001024
16375886270000001024
16302138510000001024
16126108150000001024
16068562550000001024
16060927689999998976
15996215929999998976
15968526990000001024
15873350849999998976
15747451870000001024
15730633470000001024
15726149369999998976
15716848329999998976
15615382910000001024
15508548550000001024
15495725409999998976
15446539910000001024
15411452889999998976
15387639409999998976
15384019209999998976
15229077049999998976
15222423230000001024
15175004950000001024
15051859750000001024
14976738950000001024
14961011489999998976
14933279129999998976
14928133030000001024
14915777190000001024
14895937369999998976
14861794609999998976
14804733929999998976
14758284529999998976
14688885030000001024
14688601929999998976
14640053409999998976
14636330849999998976
14576541350000001024
14574323009999998976
14508425489999998976
14500788929999998976
14374279030000001024
14309878169999998976
14189946449999998976
14094776009999998976
14020619270000001024
13942265150000001024
13878296969999998976
13852935889999998976
13826960249999998976
13823084070000001024
13804771390000001024
13729588390000001024
13675563190000001024
13586916230000001024
13558737129999998976
13490420689999998976
13452806609999998976
13451811630000001024
13419652870000001024
13387666630000001024
13375406449999998976
13311858630000001024
13293537769999998976
13286967670000001024
13219030670000001024
13172179889999998976
13068758089999998976
12891270230000001024
12828328849999998976
12779843769999998976
12592338190000001024
12574740630000001024
12508632310000001024
12497373590000001024
12496854150000001024
12414872030000001024
12409524249999998976
12407692870000001024
12369733310000001024
12366811510000001024
12315761729999998976
12310373289999998976
12256933390000001024
12188388630000001024
12139533510000001024
12134339470000001024
12133081849999998976
12050908790000001024
12012144729999998976
11990525070000001024
11872701729999998976
11858721529999998976
11858368350000001024
11833600889999998976
11766216870000001024
11619926169999998976
11598596969999998976
11534680910000001024
11473769310000001024
11398480929999998976
11332715990000001024
11301068110000001024
11163387449999998976
11035906150000001024
10961305790000001024
10953455270000001024
10951115769999998976
10923485169999998976
10895089809999998976
10822909310000001024
10817668369999998976
10812136630000001024
10748956609999998976
10722834910000001024
10652065070000001024
10517800769999998976
10482476590000001024
10420131489999998976
10369654529999998976
10219949009999998976
10175046489999998976
10137100670000001024
10014810689999998976
9993063550000001024
9905883870000001024
9894729230000001024
9772121769999998976
9648653310000001024
9595389710000001024
9488833150000001024
9480574529999998976
9476544209999998976
9404211649999998976
9161523110000000000
9091209950000000000
9021056070000000000
9020226150000000000
9012079210000000000
8961654890000000000
8880367610000000000
8768208190000000000
8733257370000000000
8642874350000000000
8617008870000000000
8495962830000000000
8473963870000000000
8427715990000000000
8345750350000000000
8216970550000000000
8210187390000000000
8207681110000000000
8195106430000000000
8184002890000000000
8139224350000000000
8121558750000000000
7960919410000000000
7928017370000000000
7870931170000000000
7854309310000000000
7731254330000000000
7689317370000000000
7558101230000000000
7519538030000000000
7439079370000000000
7417226730000000000
7368636950000000000
7306029770000000000
7232756850000000000
7182780110000000000
7144959970000000000
7072310970000000000
7034175850000000000
6996265290000000000
6960778390000000000
6960257810000000000
6920133130000000000
6904738470000000000
6778195410000000000
6771484130000000000
6756640250000000000
6729988510000000000
6685615970000000000
6666624950000000000
6582093490000000000
6578559650000000000
6559612050000000000
6537060630000000000
6525990810000000000
6524960170000000000
6442492190000000000
6441699510000000000
6439957550000000000
6436605110000000000
6431896110000000000
6371291750000000000
6370288910000000000
6365819110000000000
6286018270000000000
6279317170000000000
6278265870000000000
6192293170000000000
6175142770000000000
6095686250000000000
6048131870000000000
6044077970000000000
6031973230000000000
6019656570000000000
5893861730000000000
5862334610000000000
5849941150000000000
5662483610000000000
5634063230000000000
5524150710000000000
5421063870000000000
5402626650000000000
5328947970000000000
5326420890000000000
5188063930000000000
5038979250000000000
5028103410000000000
4955480830000000000
4855136290000000000
4834594130000000000
4729248910000000000
4720147030000000000
4700914530000000000
4626246090000000000
4581515250000000000
4524161290000000000
4454028790000000000
4381240830000000000
4375655410000000000
4366746910000000000
4322374390000000000
4315089870000000000
4177121430000000000
4132121730000000000
4116516770000000000
4081225650000000000
4028839630000000000
3975026670000000000
3947253070000000000
3898344530000000000
3894531570000000000
3890396510000000000
3884211630000000000
3866647070000000000
3846140690000000000
3571373210000000000
3501605630000000000
3429071870000000000
3414300370000000000
3411384870000000000
3318836550000000000
3268908750000000000
3255586250000000000
3224713430000000000
3224039930000000000
3199060210000000000
3180478190000000000
3177083690000000000
3169591970000000000
3105595050000000000
3057906770000000000
3036525370000000000
3023205690000000000
3011998890000000000
2817333190000000000
2787848630000000000
2696346550000000000
2646034050000000000
2625671730000000000
2596227410000000000
2581588310000000000
2579308610000000000
2542703010000000000
2535898710000000000
2523285230000000000
2483187450000000000
2425384990000000000
2365107450000000000
2357666230000000000
2317967010000000000
2292636870000000000
2212325050000000000
2152725750000000000
2106455570000000000
2094170650000000000
1999483190000000000
1923796230000000000
1905271390000000000
1883587570000000000
1822941390000000000
1821691370000000000
1773804190000000000
1758600810000000000
1745014110000000000
1697409250000000000
1661901810000000000
1635445830000000000
1611530410000000000
1603695030000000000
1561815950000000000
1547669610000000000
1512038690000000000
1498009230000000000
1496206170000000000
1495809650000000000
1430198770000000000
1407234570000000000
1356800410000000000
1299136410000000000
1207429750000000000
1180172370000000000
1101653290000000000
1099974830000000000
1059563890000000000
1054183710000000000
909343030000000000
883935390000000000
848467970000000000
707209170000000000
665816970000000000
635779150000000000
578490870000000000
577258550000000000
576231350000000000
570427670000000000
560490110000000000
552832790000000000
538114390000000000
310127870000000000
255482970000000000
216566190000000000
196304870000000000
139523410000000000
1258050000000000
4469990000000000
581490000000000
8171430000000000
193190000000000
537011730000000000
534314670000000000
511309170000000000
503246870000000000
484504070000000000
205684290000000000
201356610000000000
197110610000000000
169519430000000000
160689130000000000
8910000000000
67970000000000
652385570000000000
596206130000000000
585104290000000000
506172350000000000
498707630000000000
450377570000000000
448067150000000000
358366310000000000
351888910000000000
342960330000000000
208858110000000000
111564150000000000
85974470000000000
79629550000000000
10273190000000000
26470870000000000
14093770000000000
1491390000000000
34218490000000000
7475768816290448384
7466112316290448384
7450728896290448384
7413942376290448384
7388299196290448384
7305258736290448384
7271735416290448384
7240166916290448384
7229012236290448384
7120196136290448384
7113262776290448384
7059902296290448384
7007208376290448384
6950048136290448384
6925914116290448384
6925462236290448384
6883160916290448384
6880544656290448384
6810085236290448384
6805187276290448384
6752147436290448384
6716770916290448384
6700581536290448384
6570942056290448384
6520377916290448384
6423088056290448384
6394900796290448384
6358175216290448384
6350841856290448384
6345583076290448384
6252712376290448384
6092244216290448384
6089394216290448384
6018405356290448384
6011226176290448384
6005609256290448384
5966073776290448384
5955876796290448384
5905955756290448384
5844010976290448384
5842924656290448384
5802614716290448384
5792682616290448384
5677933236290448384
5669310696290448384
5638441496290448384
5638267356290448384
5628761996290448384
5600885216290448384
5576104556290448384
5531677976290448384
5528030596290448384
5422544316290448384
5405056816290448384
5390147216290448384
5357235856290448384
5276059016290448384
5273543376290448384
5183586796290448384
5150923396290448384
5056400656290448384
5018711256290448384
4818017876290448384
4800434036290448384
4752423756290448384
4693778756290448384
4682926196290448384
4599627636290448384
4570980316290448384
4568217176290448384
4479397836290448384
4412582476290448384
4357180436290448384
4351354736290448384
4310441456290448384
4302655796290448384
4251177796290448384
4250991436290448384
4224720756290448384
4171532556290448384
3993771476290448384
3966188176290448384
3878097636290448384
3865872136290448384
3850607756290448384
3790306356290448384
3639093376290448384
3601943736290448384
3577398856290448384
3353585576290448384
3344997516290448384
3341699536290448384
3231405356290448384
3190542716290448384
3170680696290448384
3158415736290448384
3089097956290448384
3038899276290448384
3001201616290448384
2993845516290448384
2991426696290448384
2922438876290448384
2864879896290448384
2863453376290448384
2860134256290448384
2849173596290448384
2770985096290448384
2746640756290448384
2671091236290448384
2582728636290448384
2552749456290448384
2521923516290448384
2521591216290448384
2508522036290448384
2476229456290448384
2448014956290448384
2435422056290448384
2411004316290448384
2410622516290448384
2157195456290448384
2036529016290448384
1944247516290448384
1850131816290448384
1773271296290448384
1757529076290448384
1733089816290448384
1726236316290448384
1712422096290448384
1712278416290448384
1670424296290448384
1496345116290448384
1457497876290448384
1399451016290448384
1286247236290448384
1222453796290448384
910875416290448384
883605316290448384
765469016290448384
689178076290448384
584667136290448384
514292996290448384
514224176290448384
451463516290448384
431285656290448384
384584636290448384
350941636290448384
335670036290448384
213191176290448384
201255356290448384
56839236290448384
4530736290448384
18435493230000001024
18425724929999998976
18423057449999998976
18399952969999998976
18327698150000001024
18322682809999998976
18274185129999998976
18212353889999998976
18203615609999998976
18196385929999998976
18189932670000001024
18009399009999998976
17878137929999998976
17845949049999998976
17845453009999998976
17811742030000001024
17746093969999998976
17720371110000001024
17695828569999998976
17633186129999998976
17394809369999998976
17342756089999998976
17318425150000001024
17153600809999998976
16972652969999998976
16940974049999998976
16782739590000001024
16770006510000001024
16613992089999998976
16592243710000001024
16558711150000001024
16544523249999998976
16541728209999998976
16452671649999998976
16372636649999998976
16300885110000001024
16242368489999998976
16194032550000001024
16176153150000001024
16069088489999998976
16066841249999998976
16003001369999998976
15916790150000001024
15902439990000001024
15884552129999998976
15880553049999998976
15807631449999998976
15726618409999998976
15715990590000001024
15710886609999998976
15703696329999998976
15660609289999998976
15578730510000001024
15568660270000001024
15564683289999998976
15512111289999998976
15494840230000001024
15458323510000001024
15407962729999998976
15406281710000001024
15278276489999998976
15260045630000001024
15229874969999998976
15120360990000001024
15106265409999998976
15103052950000001024
15098638969999998976
15086370369999998976
15064269449999998976
14978624809999998976
14965583710000001024
14962605249999998976
14843874649999998976
14802039710000001024
14764567750000001024
14752424849999998976
14727341310000001024
14703246649999998976
14698382449999998976
14675314729999998976
14599861830000001024
14579141670000001024
14575426449999998976
14540100430000001024
14535473070000001024
14444768649999998976
14310669190000001024
14294176870000001024
14249153449999998976
14203225030000001024
14196989750000001024
14145246110000001024
14082578590000001024
14017842329999998976
13942895449999998976
13849122409999998976
13803428710000001024
13740166609999998976
13699159430000001024
13600976729999998976
13587838110000001024
13581952449999998976
13564690710000001024
13556181209999998976
13539130070000001024
13439009329999998976
13434329590000001024
13239342129999998976
13229009630000001024
13197418230000001024
13066175950000001024
13064588350000001024
13055646910000001024
13052132870000001024
12879903969999998976
12877415729999998976
12837319289999998976
12834541470000001024
12828545110000001024
12799610510000001024
12774411190000001024
12768395510000001024
12735989129999998976
12717656369999998976
12658132030000001024
12582792990000001024
12537547089999998976
12525934390000001024
12447682950000001024
12390349649999998976
12388423089999998976
12383556750000001024
12365557489999998976
12346138689999998976
12290937390000001024
12211817689999998976
12200934550000001024
12191960590000001024
12191328990000001024
12157145569999998976
12071667750000001024
12030565830000001024
12021897769999998976
11942605449999998976
11929895230000001024
11893245350000001024
11827939590000001024
11810945169999998976
11739669190000001024
11686072009999998976
11648734169999998976
11565120550000001024
11545734369999998976
11544735190000001024
11535012529999998976
11518955569999998976
11500237689999998976
11487236249999998976
11478523729999998976
11456284830000001024
11450440929999998976
11273167889999998976
11196286670000001024
11180036049999998976
11150922489999998976
11009928910000001024
10947175249999998976
10929382689999998976
10873828190000001024
10775360230000001024
10746255649999998976
10720387609999998976
10568408209999998976
10553085590000001024
10507319030000001024
10496152990000001024
10380392889999998976
10225257529999998976
10134946950000001024
10090877070000001024
10042261790000001024
10034139150000001024
9904207409999998976
9875439009999998976
9838953169999998976
9786225529999998976
9601817209999998976
9578889950000001024
9543973710000001024
9526165430000001024
9512660569999998976
9502126830000001024
9439897190000001024
9307858369999998976
9290381249999998976
9268074329999998976
9257971750000001024
9252902470000001024
9205923390000000000
9163874490000000000
8970676270000000000
8960376970000000000
8941047630000000000
8875617830000000000
8842920210000000000
8723361690000000000
8703774430000000000
8588410370000000000
8557250970000000000
8540539710000000000
8523712630000000000
8464371350000000000
8452833610000000000
8448423910000000000
8436263510000000000
8328711210000000000
8306487810000000000
8259732910000000000
8219691190000000000
8185263570000000000
8123332250000000000
8117777910000000000
8103923870000000000
8070698190000000000
8069574570000000000
7978115070000000000
7921232430000000000
7852337450000000000
7778025910000000000
7724180370000000000
7717288550000000000
7698017750000000000
7588092510000000000
7490728770000000000
7458763190000000000
7423196530000000000
7420801610000000000
7356113370000000000
7351694530000000000
7333032470000000000
7264069650000000000
7258827030000000000
7219132170000000000
7170323730000000000
7021320570000000000
6988229870000000000
6947290290000000000
6938345850000000000
6934141890000000000
6902623050000000000
6900939730000000000
6830900890000000000
6825348210000000000
6762667250000000000
6744674050000000000
6692693770000000000
6653417510000000000
6633000130000000000
6424001070000000000
6338787210000000000
6308675790000000000
6278386330000000000
6185973250000000000
6163983910000000000
6159588710000000000
6037380470000000000
5947756590000000000
5907519810000000000
5896166830000000000
5868135810000000000
5846593170000000000
5747766790000000000
5687492870000000000
5667185370000000000
5651425930000000000
5610108070000000000
5437869410000000000
5396517830000000000
5394541550000000000
5383165150000000000
5355700130000000000
5313912730000000000
5300453070000000000
5181263810000000000
5149701530000000000
5142611690000000000
5080449450000000000
5058881370000000000
5047293810000000000
5028956670000000000
4938579050000000000
4904359710000000000
4896452810000000000
4853827090000000000
4830128850000000000
4822299870000000000
4760842250000000000
4599834010000000000
4590838650000000000
4473036090000000000
4468290030000000000
4423223910000000000
4380791490000000000
4257577050000000000
4197985750000000000
4162531150000000000
4115132030000000000
4107067730000000000
4094282490000000000
4038654390000000000
3980568350000000000
3841273290000000000
3836012910000000000
3835681810000000000
3799974810000000000
3705212370000000000
3550909590000000000
3545517230000000000
3441700390000000000
3428024370000000000
3414384910000000000
3399728890000000000
3334034550000000000
3232101370000000000
3115939090000000000
3099073970000000000
2944747490000000000
2873345630000000000
2838116290000000000
2824204990000000000
2787756550000000000
2748040550000000000
2719085470000000000
2708774130000000000
2574094150000000000
2350281950000000000
2266864750000000000
2235540510000000000
2204562890000000000
2189619610000000000
2183161010000000000
2168528870000000000
2150942090000000000
2147623070000000000
2145223650000000000
2134025610000000000
2115468130000000000
2102451830000000000
2074112430000000000
1969435330000000000
1936922270000000000
1885725970000000000
1848716450000000000
1778530470000000000
1749622690000000000
1703105970000000000
1696968790000000000
1674207630000000000
1616767310000000000
1561307690000000000
1516549630000000000
1506707830000000000
1465486590000000000
1449319690000000000
1382961350000000000
1287015270000000000
1275283850000000000
1251915350000000000
1238255090000000000
1232515950000000000
1176667990000000000
1074225010000000000
997297050000000000
962295210000000000
844866670000000000
841561450000000000
830064490000000000
769137710000000000
672500670000000000
658596370000000000
632062850000000000
605586630000000000
551259550000000000
529368590000000000
421090150000000000
413318390000000000
389732990000000000
305112290000000000
261468390000000000
260578870000000000
224972370000000000
207711610000000000
203482350000000000
113821090000000000
71837190000000000
63616150000000000
62595590000000000
48620390000000000
25478030000000000
399444670000000000
327194510000000000
242862930000000000
236222050000000000
193870350000000000
189736050000000000
161745230000000000
29142450000000000
28375550000000000
3409377770000000000
3372929010000000000
3324351950000000000
3294859310000000000
3190716050000000000
3142298250000000000
2987261130000000000
2982649890000000000
2969833350000000000
2934481230000000000
2913937910000000000
2907948670000000000
2853887710000000000
2823643870000000000
2720940390000000000
2703553410000000000
2540922450000000000
2515292210000000000
2429361390000000000
2342516870000000000
2315917250000000000
2290909470000000000
2131661190000000000
2079497430000000000
2078143050000000000
2061129850000000000
1990966310000000000
1990561690000000000
1893449330000000000
1863777230000000000
1853373930000000000
1844105410000000000
1839367650000000000
1728387550000000000
1548044850000000000
1545234070000000000
1354372810000000000
1267298530000000000
1256884570000000000
1224763750000000000
1180122070000000000
1176809550000000000
1136092870000000000
1078593610000000000
1063728770000000000
1060302310000000000
1020719710000000000
940259150000000000
858084870000000000
840085990000000000
807107470000000000
776430330000000000
737277930000000000
598447990000000000
533413230000000000
487072090000000000
482405670000000000
450678490000000000
333675250000000000
318968810000000000
304453650000000000
251068410000000000
189072050000000000
83651450000000000
79194050000000000
21812610000000000
13929550000000000
4029632770000000000
3946517890000000000
3899724690000000000
3863419830000000000
3800938650000000000
3723241190000000000
3664937630000000000
3640795330000000000
3639732570000000000
3630012910000000000
3590698510000000000
3517134690000000000
3508939910000000000
3455328670000000000
3419354310000000000
3322860110000000000
3241149350000000000
3054696830000000000
2993184970000000000
2935674590000000000
2929279210000000000
2889661650000000000
2868684990000000000
2863505190000000000
2827068370000000000
2826786970000000000
2790181890000000000
2771150470000000000
2616159770000000000
2594859930000000000
2585364210000000000
2514448830000000000
2497310890000000000
2488289950000000000
2457938130000000000
2425693090000000000
2371328270000000000
2345455250000000000
2200753550000000000
2196044770000000000
2119692190000000000
2060960490000000000
2029156190000000000
1957131730000000000
1904828610000000000
1877674110000000000
1806181090000000000
1758760030000000000
1742022910000000000
1703341370000000000
1598665670000000000
1381207490000000000
1146155550000000000
1135242890000000000
1093428250000000000
1079916090000000000
1034440670000000000
1017852970000000000
997376830000000000
994765450000000000
957659530000000000
918501650000000000
836844510000000000
809141850000000000
766937070000000000
754888090000000000
622308150000000000
600091590000000000
579000630000000000
516904510000000000
511375070000000000
495390590000000000
464357610000000000
336205050000000000
325679870000000000
245437710000000000
202295190000000000
131404850000000000
1077472210000000000
1051768910000000000
1011488370000000000
844163510000000000
820864830000000000
798896730000000000
751376910000000000
743041350000000000
731272030000000000
634124290000000000
615835870000000000
456533410000000000
439875310000000000
319925610000000000
276111270000000000
113794210000000000
101561710000000000
1361242410000000000
1299993170000000000
1275279690000000000
1191057830000000000
1186893790000000000
1072446270000000000
1054529810000000000
979054890000000000
958286170000000000
949379910000000000
920029430000000000
711217790000000000
709277590000000000
701047270000000000
557744410000000000
503638870000000000
462436450000000000
404395690000000000
349332070000000000
319872330000000000
273082590000000000
214316790000000000
149060050000000000
66471110000000000
12232790000000000
74500270000000000
67995590000000000
221822450000000000
151688090000000000
112784090000000000
58357790000000000
52996650000000000
51127790000000000
6347330000000000
33535730000000000
22641890000000000
326070000000000
18535030000000000
11180230000000000
25290950000000000
23996090000000000
2928181950000000000
2868544950000000000
2856406590000000000
2769166750000000000
2757214050000000000
2733460770000000000
2732147670000000000
2672809970000000000
2641457810000000000
2252058130000000000
2249313710000000000
2218361570000000000
2149579150000000000
2110976590000000000
2094539450000000000
2078750050000000000
2062702050000000000
1934610650000000000
1898249390000000000
1870979450000000000
1666431190000000000
1437329350000000000
1404048150000000000
1399396490000000000
1374693550000000000
1368042730000000000
1319843270000000000
1298454450000000000
1262940110000000000
1215220510000000000
1183097210000000000
927107750000000000
843096830000000000
839883770000000000
774987950000000000
762113630000000000
718722170000000000
610897030000000000
604534090000000000
413649770000000000
161553170000000000
11048170000000000
780210000000000
3343990000000000
1630873930000000000
1618601850000000000
1501320830000000000
1328155870000000000
1322824750000000000
1245145590000000000
1206876830000000000
1204089690000000000
1069039930000000000
1047564910000000000
984158770000000000
675662070000000000
671652830000000000
644566750000000000
640595810000000000
605879990000000000
601973870000000000
545413670000000000
535209250000000000
513658410000000000
446767350000000000
378115470000000000
313182590000000000
292889750000000000
244600310000000000
209165250000000000
131153350000000000
85288750000000000
11526030000000000
8288850000000000
7371590000000000
2004285750000000000
2001647910000000000
1965516850000000000
1949726370000000000
1934455630000000000
1900783090000000000
1885198510000000000
1802823530000000000
1728204590000000000
1707084270000000000
1701178370000000000
1579113550000000000
1515191310000000000
1512983890000000000
1501140850000000000
1368383250000000000
1291221190000000000
1283605910000000000
1265059510000000000
1264317370000000000
1257783430000000000
1215072490000000000
1163504630000000000
1157852990000000000
1114091770000000000
1114034050000000000
1048192350000000000
1001246170000000000
963539550000000000
953100070000000000
884240150000000000
815881850000000000
804517170000000000
788169310000000000
774598850000000000
770667330000000000
755643690000000000
677134750000000000
675553150000000000
655344070000000000
596903470000000000
570513750000000000
569377590000000000
548374850000000000
539988570000000000
533039270000000000
530539010000000000
509135030000000000
453230490000000000
377880810000000000
360293830000000000
338482750000000000
289185450000000000
261019810000000000
248062270000000000
239450910000000000
185427150000000000
174197770000000000
79604630000000000
60709710000000000
40694030000000000
11748650000000000
7771897490000000000
7651687270000000000
7627585050000000000
7527996170000000000
7425108110000000000
7412673190000000000
7408208710000000000
7339116390000000000
7080508690000000000
7070388190000000000
7043461950000000000
7002770410000000000
7002295190000000000
6980910310000000000
6913093490000000000
6905530530000000000
6870298730000000000
6867552710000000000
6810024910000000000
6634285850000000000
6608880650000000000
6589565770000000000
6567931130000000000
6539040350000000000
6535481510000000000
6363290590000000000
6347450250000000000
6343246690000000000
6331180330000000000
6127000630000000000
6122776870000000000
6031409550000000000
6017158490000000000
5950605370000000000
5894435370000000000
5884632090000000000
5864325810000000000
5863265750000000000
5815336110000000000
5588646350000000000
5581312010000000000
5579114710000000000
5544785970000000000
5479089090000000000
5361188290000000000
5345504790000000000
5251006390000000000
5176980710000000000
5136882990000000000
5126587190000000000
4942368550000000000
4893098550000000000
4866726870000000000
4840979210000000000
4771331010000000000
4762587930000000000
4707104110000000000
4702926190000000000
4698085230000000000
4566682630000000000
4564852690000000000
4413487550000000000
4393060270000000000
4278273590000000000
4199921230000000000
4175280690000000000
4170049370000000000
4156371110000000000
4057274750000000000
3986480570000000000
3977582710000000000
3933647570000000000
3907397810000000000
3895830410000000000
3877150110000000000
3864394090000000000
3765119910000000000
3740115750000000000
3717193270000000000
3640700250000000000
3613081150000000000
3592707230000000000
3534877810000000000
3468756610000000000
3379429870000000000
3268989270000000000
3255051190000000000
3249762350000000000
3204704510000000000
3077241230000000000
3061962290000000000
3008295470000000000
2884679070000000000
2830736330000000000
2797975910000000000
2761195670000000000
2753966670000000000
2682101170000000000
2648210530000000000
2618455750000000000
2572117090000000000
2519945710000000000
2490191850000000000
2409180230000000000
2377993170000000000
2242159790000000000
2228061250000000000
2225336030000000000
2214142390000000000
2191728090000000000
2185939790000000000
2168206790000000000
2126585270000000000
2125882190000000000
2050625410000000000
2013804930000000000
1972008750000000000
1962254410000000000
1912967630000000000
1735373030000000000
1730527990000000000
1726275750000000000
1640259490000000000
1622311830000000000
1583658770000000000
1579601310000000000
1533888670000000000
1282429830000000000
1263303250000000000
1235603470000000000
1188426430000000000
1136157870000000000
1114499550000000000
862977130000000000
775215470000000000
756719890000000000
697539530000000000
678109170000000000
673367530000000000
670278430000000000
596387930000000000
514994450000000000
511502690000000000
421906570000000000
340432310000000000
326189570000000000
279261430000000000
166329870000000000
136205430000000000
85113790000000000
51741710000000000
607210000000000
402530000000000
789170000000000
675963910000000000
511119470000000000
467379410000000000
374445150000000000
363290910000000000
282645490000000000
263415410000000000
234826570000000000
225964030000000000
189910790000000000
166577930000000000
166543330000000000
139492770000000000
104229030000000000
33934650000000000
10975790000000000
1324070000000000
336856030000000000
167858110000000000
164243910000000000
147529010000000000
101122350000000000
2450000000000
17470510000000000
46897550000000000
17004450000000000
1148295630000000000
1118030650000000000
1004894590000000000
993268450000000000
924563070000000000
749857770000000000
675032450000000000
640796390000000000
622317370000000000
433097230000000000
404269750000000000
346279310000000000
179649930000000000
81390710000000000
76463650000000000
9650000000000
15630000000000
1687110000000000
10830000000000
4689370000000000
2482270000000000
18550150000000000
3792130000000000
304346130000000000
293247090000000000
268316350000000000
230147410000000000
213394010000000000
172480690000000000
132914810000000000
124371210000000000
96612190000000000
84024050000000000
17330990000000000
47310000000000
119781990000000000
97672490000000000
21100770000000000
16324450000000000
18550000000000
40676090000000000
5650230000000000
3767930000000000
6330000000000
1337770000000000
33354350000000000
6797230000000000
3780690000000000
267468590000000000
258473510000000000
223813430000000000
145307150000000000
124660310000000000
110958930000000000
88441650000000000
36057490000000000
8537250000000000
68330000000000
1430437890000000000
1418221430000000000
1413012830000000000
1320973350000000000
1310081630000000000
1281974710000000000
1235985130000000000
1228143630000000000
1210587430000000000
1118917850000000000
1111250310000000000
1095922870000000000
1084387290000000000
1078561190000000000
1077018130000000000
1030627630000000000
1022479490000000000
1007766210000000000
962175090000000000
869528990000000000
816409310000000000
808136190000000000
726885670000000000
656427210000000000
603987970000000000
558226830000000000
406844630000000000
397984710000000000
362969710000000000
360959550000000000
288326750000000000
191656250000000000
149314550000000000
110821730000000000
6383430000000000
2668830000000000
641222850000000000
619738050000000000
522096310000000000
338077030000000000
334582870000000000
226761310000000000
112943470000000000
99864450000000000
90884830000000000
127330000000000
78547070000000000
58351790000000000
56916670000000000
15153690000000000
11288730000000000
35375790000000000
11150000000000
56990000000000
506570000000000
110198610000000000
97554930000000000
42698670000000000
2696430000000000
18409170000000000
25495150000000000
7185890000000000
2443450870000000000
2417403750000000000
2392653070000000000
2267112350000000000
2173990310000000000
2169450390000000000
2158913710000000000
2064792990000000000
1944129170000000000
1722179930000000000
1583416250000000000
1530753110000000000
1499711290000000000
1479597410000000000
1453056770000000000
1393183290000000000
1361753750000000000
1225675790000000000
1222852390000000000
1178050070000000000
1166205350000000000
1162764570000000000
1114108350000000000
1080376670000000000
1072585090000000000
1033677990000000000
808501670000000000
779814610000000000
758912390000000000
748213530000000000
747014010000000000
683716770000000000
511090350000000000
463345010000000000
385569030000000000
383292130000000000
233677470000000000
204536130000000000
146844770000000000
124484770000000000
97403770000000000
49633030000000000
35683930000000000
54970000000000
4190000000000
276050000000000
189570000000000
5982576330000000000
5921217030000000000
5907723810000000000
5837312770000000000
5774502550000000000
5715718630000000000
5669190930000000000
5620196930000000000
5615583890000000000
5405294750000000000
5361846830000000000
5346890490000000000
5252214550000000000
5176765310000000000
5029931430000000000
4973307190000000000
4968964810000000000
4857366110000000000
4767230970000000000
4672990630000000000
4650807470000000000
4619122630000000000
4611954030000000000
4567745410000000000
4466686310000000000
4457155710000000000
4416758210000000000
4396963550000000000
4344869310000000000
4301872150000000000
4278126970000000000
4172726190000000000
4072207630000000000
4019932790000000000
3963265430000000000
3954565870000000000
3931940510000000000
3908295710000000000
3905824330000000000
3880784090000000000
3811944490000000000
3775024410000000000
3772350370000000000
3734437510000000000
3723238510000000000
3719013630000000000
3689331950000000000
3643933470000000000
3641730070000000000
3636327850000000000
3626356290000000000
3597376930000000000
3503027950000000000
3440680370000000000
3387078930000000000
3349805330000000000
3315196570000000000
3240802510000000000
3229434390000000000
3203809050000000000
3129594250000000000
3114802410000000000
3107389990000000000
3052330510000000000
3038356290000000000
2941396410000000000
2911844670000000000
2909027330000000000
2882300870000000000
2843528650000000000
2775896250000000000
2764543670000000000
2703106850000000000
2685707010000000000
2675663050000000000
2671269050000000000
2629623590000000000
2522095490000000000
2448405690000000000
2445630330000000000
2432106850000000000
2428147250000000000
2396238350000000000
2304301250000000000
2233138470000000000
2214644810000000000
2182107490000000000
2176002090000000000
2124804270000000000
1998692230000000000
1940961430000000000
1845935650000000000
1836585730000000000
1832866370000000000
1703446030000000000
1666008290000000000
1651080090000000000
1649779270000000000
1615166790000000000
1584367330000000000
1570725350000000000
1518082590000000000
1414528090000000000
1351955430000000000
1343705430000000000
1342166430000000000
1304303050000000000
1277093270000000000
1200414090000000000
1104870650000000000
1065534950000000000
949447170000000000
887935830000000000
886586970000000000
794621690000000000
738633270000000000
590165270000000000
585513490000000000
499877330000000000
495580990000000000
452204310000000000
445747530000000000
335216410000000000
311563970000000000
309966830000000000
232495910000000000
154370910000000000
151325110000000000
64411570000000000
63252550000000000
9695630000000000
97350000000000
31619210000000000
25146950000000000
8672430000000000
7506430000000000
1533990000000000
431344410000000000
412657190000000000
384385090000000000
172528010000000000
169305030000000000
51906950000000000
18197150000000000
160641890000000000
100835310000000000
78632450000000000
55688190000000000
620410000000000
887030430000000000
881920030000000000
843161210000000000
787512410000000000
755907290000000000
663890050000000000
615248570000000000
595621990000000000
544437130000000000
529552850000000000
406147650000000000
355530530000000000
297063670000000000
287123210000000000
209286550000000000
160066870000000000
156855850000000000
107791890000000000
45142650000000000
103680070000000000
91754250000000000
89137350000000000
44465250000000000
12918970000000000
779612810000000000
696977730000000000
525360390000000000
497498710000000000
405498610000000000
337861790000000000
334287270000000000
324033670000000000
306797090000000000
235916430000000000
177775230000000000
156316110000000000
139766590000000000
131023130000000000
120027650000000000
114130490000000000
58388710000000000
56525630000000000
15708470000000000
7320990000000000
3848910000000000
1433690000000000
146895350000000000
174169510000000000
171218850000000000
169145870000000000
153550750000000000
11580650000000000
13290000000000
560930000000000
444733230000000000
435825070000000000
410871990000000000
300098350000000000
280322010000000000
271048130000000000
268148430000000000
215233470000000000
190399870000000000
171488090000000000
72765730000000000
30672530000000000
488265230000000000
365060250000000000
343204910000000000
322508690000000000
310215610000000000
245918410000000000
199718870000000000
193537810000000000
191316650000000000
184841450000000000
180683230000000000
112657890000000000
80879470000000000
57398510000000000
504850000000000
185666370000000000
178881710000000000
46985390000000000
36539150000000000
30653630000000000
337384930000000000
302907050000000000
258349230000000000
134824150000000000
131521150000000000
117535590000000000
104667630000000000
66922410000000000
94200930000000000
1290870000000000
50533170000000000
761996450000000000
751805390000000000
685780870000000000
616320830000000000
599013970000000000
589176770000000000
564951950000000000
553492150000000000
343006410000000000
323952010000000000
316144210000000000
213623470000000000
15088710000000000
25710000000000
639130000000000
3149690000000000
37030290000000000
20172130000000000
187070000000000
58556510000000000
515659850000000000
414229030000000000
376456650000000000
124408150000000000
14344970000000000
7102130000000000
4700190000000000
490870350000000000
437320970000000000
338082290000000000
316900030000000000
305356450000000000
291829090000000000
281841990000000000
251837950000000000
196532830000000000
108782110000000000
4750970000000000
4985230000000000
2715470000000000
222190000000000
129770000000000
41989890000000000
23018270000000000
19194210000000000
463990000000000
63162430000000000
48299010000000000
26426790000000000
2043310000000000
470870000000000
43655090000000000
1270030000000000
15950000000000
37563850000000000
24030990000000000
4364930000000000
55050000000000
33960370000000000
9295770000000000
1994330000000000
7045970000000000
222933370000000000
221856290000000000
198559010000000000
186456890000000000
94800490000000000
1247730000000000
95453130000000000
52223710000000000
36343730000000000
1627230000000000
6002550000000000
3611350000000000
1632450000000000
76997250000000000
570000000000
155837130000000000
92158510000000000
44689630000000000
16806030000000000
19363810000000000
5616930000000000
29639290000000000
48526450000000000
5693430000000000
1349890000000000
1109650000000000
4394450000000000
23089350000000000
184750210000000000
167737450000000000
134248950000000000
131685250000000000
72957590000000000
46867550000000000
570330000000000
60475550000000000
55280050000000000
12133970000000000
4469110000000000
2768110000000000
27050000000000
13972430000000000
31530010000000000
166048610000000000
132325390000000000
82971410000000000
70633130000000000
53727450000000000
48742670000000000
46362090000000000
38820450000000000
28221550000000000
149190000000000
4542170000000000
14462770000000000
5337290000000000
37189430000000000
33275510000000000
158069210000000000
108102230000000000
102921630000000000
98052110000000000
44787670000000000
18911130000000000
85369070000000000
66280610000000000
38746830000000000
126348830000000000
107524210000000000
87547090000000000
6018490000000000
265810000000000
308910000000000
190000000000
4062870000000000
107130000000000
375970000000000
1108390000000000
25785050000000000
19220410000000000
906750000000000
48573910000000000
46785570000000000
40369310000000000
118547590000000000
56697750000000000
33639330000000000
5090000000000
99802470000000000
88988410000000000
6040270000000000
7295130000000000
1970000000000
32256190000000000
1772170000000000
15402390000000000
5398590000000000
1368050000000000
38158590000000000
11812730000000000
4511750000000000
7810510000000000
7123750000000000
15217150000000000
6389110000000000
243930000000000
3111070000000000
70000000000
349710000000000
49870000000000
830550000000000
4199830000000000
44703330000000000
43444870000000000
8229330000000000
1644750000000000
9371190000000000
8535310000000000
1607850000000000
1163710000000000
425850000000000
8560030000000000
17581710000000000
9893450000000000
54901650000000000
52230000000000
730050000000000
5150000000000
1785030000000000
3257930000000000
2490170000000000
24876290000000000
11693630000000000
719570000000000
219090000000000
957350000000000
1888150000000000
838370000000000
462910000000000
40195090000000000
192090000000000
12347110000000000
7783530000000000
87790000000000
7353430000000000
13328790000000000
5030110000000000
2509030000000000
10238870000000000
1862870000000000
178770000000000
8128830000000000
5136050000000000
18570000000000
16968010000000000
4211030000000000
303970000000000
49190000000000
4747170000000000
10291210000000000
20851390000000000
70650000000000
41970000000000
2118250000000000
19498710000000000
15091230000000000
5911170000000000
17710000000000
257770000000000
99377470000000000
91623730000000000
79571350000000000
70418510000000000
63067830000000000
30387170000000000
19008510000000000
197610000000000
259410000000000
44102870000000000
1151570000000000
1427330000000000
3321050000000000
850410000000000
7527710000000000
4306670000000000
5271230000000000
3196610000000000
357050000000000
360530000000000
490000000000
338450000000000
1677410000000000
4204910000000000
39030000000000
215130000000000
25693370000000000
548650000000000
6822090000000000
105010000000000
3513450000000000
785390000000000
32210000000000
13620410000000000
7251930000000000
310000000000
123570000000000
1201850000000000
1520210000000000
228570000000000
601770000000000
7260010000000000
7534490000000000
2649090000000000
1636330000000000
1672750000000000
503490000000000
1169750000000000
10829650000000000
27282650000000000
306970000000000
472010000000000
770000000000
3165310000000000
1726470000000000
