1024
1813990000000000
16110000000000
2193850000000000
6169370000000000
9078910000000000
1363070000000000
637870000000000
1963290000000000
48566130000000000
9698650000000000
11088130000000000
31507150000000000
28314150000000000
11518290000000000
190970000000000
130690000000000
89290000000000
965390000000000
18331490000000000
4266430000000000
1133790000000000
452170000000000
35004590000000000
258810000000000
61810000000000
35266490000000000
5154430000000000
12917130000000000
3987010000000000
19333330000000000
767910000000000
2340750000000000
3830000000000
42776210000000000
14663970000000000
5286110000000000
829490000000000
91755250000000000
52469770000000000
24218830000000000
29308850000000000
67365250000000000
43630000000000
1359110000000000
257533870000000000
239103590000000000
209109630000000000
104929010000000000
77421270000000000
4957670000000000
28629530000000000
566760030000000000
188606310000000000
66435690000000000
56452330000000000
11383070000000000
20741970000000000
297990000000000
204043410000000000
223423770000000000
200738790000000000
162778150000000000
149893590000000000
14111650000000000
5236970000000000
2989770000000000
13175310000000000
781190000000000
2814510000000000
12385130000000000
107539890000000000
101813890000000000
38659210000000000
1715430000000000
28923790000000000
224552010000000000
214879310000000000
72103810000000000
29254270000000000
308663230000000000
60020250000000000
49150000000000
98700370000000000
76032050000000000
780665610000000000
557569110000000000
353569030000000000
60721190000000000
26926650000000000
468348670000000000
462207830000000000
51098710000000000
864782650000000000
765601450000000000
438905170000000000
437271530000000000
244477570000000000
221154190000000000
2344250000000000
776290000000000
9077130000000000
138893490000000000
92037830000000000
765649530000000000
689456610000000000
553429590000000000
166769770000000000
89750690000000000
29825330000000000
2598870000000000
3870610000000000
44955150000000000
1788030000000000
82871610000000000
222870000000000
3723330000000000
1290811130000000000
530168470000000000
148726570000000000
1948038330000000000
1801984230000000000
1783250670000000000
1755303550000000000
1570808590000000000
1455210730000000000
1449182970000000000
1374682750000000000
1047402350000000000
960865590000000000
857245410000000000
470432950000000000
340423430000000000
4510000000000
36243410000000000
3430190000000000
1009290000000000
457023910000000000
153025710000000000
16574750000000000
810000000000
774537190000000000
668599690000000000
590265770000000000
421058450000000000
159864570000000000
21616810000000000
21979150000000000
456350000000000
108258410000000000
245456650000000000
158279470000000000
1864970000000000
8600590000000000
325210930000000000
265573010000000000
19876490000000000
4250000000000
186330000000000
93994930000000000
49612670000000000
353856070000000000
220402450000000000
2415579588871345152
2321077408871345152
1922817568871345152
1828331968871345152
1807640808871345152
1748614188871345152
1702655668871345152
1674055368871345152
1444961848871345152
1262355028871345152
1018797268871345152
907494268871345152
275819648871345152
84773928871345152
18418673062580896768
18367307582580896768
18014425362580896768
17982895342580896768
17772198802580896768
17742913522580896768
17529897802580896768
17528598502580896768
17245326702580896768
16940227782580896768
16572664622580896768
16111739882580896768
15575243562580896768
14728613802580896768
14687422242580896768
13917815382580896768
13723266722580896768
13075836762580896768
12939922322580896768
12751080802580896768
12511204662580896768
12062347922580896768
11812715262580896768
11549227422580896768
11381613922580896768
11322889922580896768
11184192762580896768
11170313582580896768
10685227502580896768
10364982982580896768
10342626062580896768
10241654122580896768
10222250182580896768
9635343442580896768
9001704602580896768
8952281162580896768
8925573982580896768
8604814022580896768
8601754282580896768
8503601862580896768
8348183822580896768
8330089042580896768
8296020722580896768
7712400122580896768
7695109522580896768
7687287242580896768
7462307702580896768
7315599622580896768
7204449762580896768
7195385862580896768
6989149782580896768
6899573802580896768
6683600022580896768
6652372402580896768
6397082782580896768
6384921602580896768
6108453262580896768
6076058122580896768
5865144702580896768
5856180282580896768
5826066902580896768
5728540982580896768
5711301662580896768
5531071642580896768
5479306102580896768
5286470682580896768
5252262882580896768
5168073602580896768
4739389522580896768
4349935882580896768
4078623002580896768
3735564102580896768
3672306842580896768
3328077542580896768
3210758282580896768
2747775842580896768
2735933882580896768
2428765822580896768
2172169222580896768
2116799622580896768
2037053542580896768
1846099382580896768
1845217362580896768
1766679062580896768
1735316342580896768
1550268002580896768
1420820282580896768
1405649982580896768
1316253862580896768
1151172882580896768
1122715022580896768
1005032762580896768
968417302580896768
966816642580896768
945756602580896768
812041222580896768
549754702580896768
541375662580896768
363020702580896768
201176922580896768
71150922580896768
18246868936290448384
17992053016290448384
17939957956290448384
17721038716290448384
17711481596290448384
17669999116290448384
17592273016290448384
17313195836290448384
17270042956290448384
17029975656290448384
16917168856290448384
16250123056290448384
16082324836290448384
16030475296290448384
15832966236290448384
14983799316290448384
14746019436290448384
14615577496290448384
14507234476290448384
13763282016290448384
13376054296290448384
13228588436290448384
13168527096290448384
13009730016290448384
12761507556290448384
12618062556290448384
12589975316290448384
12325617236290448384
12082223236290448384
11960915076290448384
11741573216290448384
11674711276290448384
11670051856290448384
11586942396290448384
11369960356290448384
10762256736290448384
10336032556290448384
9802720676290448384
9778261176290448384
9663695336290448384
9090048856290448384
8691893256290448384
8457489876290448384
8446422836290448384
8015928216290448384
7921845516290448384
7917290036290448384
7850794616290448384
7830676296290448384
7626483856290448384
7581047536290448384
7455620796290448384
7162872416290448384
6783638676290448384
6678786076290448384
6582836196290448384
6443804596290448384
6053364496290448384
5905734996290448384
5767130256290448384
5639497136290448384
5502641436290448384
5482631536290448384
5372709516290448384
4929789156290448384
4909814976290448384
4726526256290448384
4603145476290448384
3678542316290448384
3334018316290448384
3287655956290448384
3219559856290448384
3173317236290448384
2984639676290448384
2587179976290448384
2359182376290448384
2294416036290448384
2274432296290448384
2269302636290448384
2141372676290448384
2127730456290448384
1933127076290448384
1452915536290448384
1405105276290448384
1316031976290448384
1025537116290448384
778482056290448384
169674576290448384
139759376290448384
97537456290448384
89092356290448384
18367705470000000000
18339343810000000000
18272989470000000000
18205357910000000000
18129648430000000000
17951327010000000000
17478301750000000000
17451288790000000000
17449747530000000000
17435887770000000000
17364712310000000000
17282589050000000000
17183176110000000000
16831257310000000000
16776495030000000000
16552567230000000000
16246660810000000000
15766889450000000000
14194995170000000000
13914446730000000000
13835043290000000000
13060234110000000000
12938508730000000000
12828483690000000000
12652902310000000000
12390589850000000000
12293247010000000000
12248638890000000000
12239004950000000000
12199957750000000000
12079843970000000000
11971850730000000000
11848949350000000000
11433499650000000000
11409948110000000000
11265667190000000000
11186430390000000000
10853735690000000000
10792033630000000000
10603124410000000000
10491034170000000000
10322551710000000000
10263226150000000000
9966673870000000000
9948911730000000000
9897077210000000000
9857491670000000000
9317054430000000000
9097260150000000000
8439170110000000000
8360860850000000000
8062424190000000000
7907040690000000000
7903388770000000000
7843347950000000000
7777679830000000000
7311661450000000000
7263529290000000000
6940687150000000000
6838791710000000000
6658843230000000000
6220472610000000000
6131406210000000000
5878456310000000000
5363820470000000000
5359494190000000000
5197353790000000000
4861403830000000000
4707214090000000000
4617369490000000000
4223157090000000000
4160339270000000000
3824976790000000000
3178814110000000000
3119583610000000000
3101074610000000000
2951907690000000000
2563261430000000000
2068816790000000000
1898191090000000000
1482015750000000000
929396330000000000
928502510000000000
808799330000000000
758318150000000000
748125570000000000
263874930000000000
103174930000000000
52488950000000000
9076570000000000
36610000000000
478750000000000
3061050000000000
1118379710000000000
833891910000000000
711876830000000000
692479210000000000
279527490000000000
95516450000000000
139008510000000000
134839810000000000
707970000000000
12797090000000000
967442170000000000
711829170000000000
509759270000000000
316474890000000000
282994470000000000
128740290000000000
21884010000000000
20018890000000000
2821091030000000000
2253450950000000000
1844514030000000000
1165658590000000000
1021757990000000000
982549110000000000
868545830000000000
821777570000000000
769444210000000000
324210050000000000
188940170000000000
463330000000000
40575650000000000
1045030000000000
6050710000000000
701638530000000000
597056310000000000
572653130000000000
223036470000000000
145808490000000000
124693550000000000
3526010000000000
322661130000000000
295471130000000000
46757810000000000
444472670000000000
60004590000000000
68450000000000
446072250000000000
1625918970000000000
1459435930000000000
648107350000000000
74010650000000000
116950000000000
6509670000000000
319453070000000000
170536170000000000
212297010000000000
190568290000000000
3673240810000000000
3641313050000000000
3559107830000000000
3348179870000000000
3145244670000000000
2490271650000000000
2417968730000000000
1813786310000000000
1735668870000000000
1568141410000000000
1472167470000000000
1347536430000000000
1273442990000000000
1018451610000000000
900551210000000000
750369450000000000
577753130000000000
515236910000000000
2520890000000000
328170000000000
89795270000000000
67762610000000000
43671130000000000
102590000000000
98710000000000
9970370000000000
110000000000
501317690000000000
455419950000000000
166301030000000000
106418210000000000
8973090000000000
231298170000000000
153949970000000000
874272490000000000
635919930000000000
522075750000000000
373699750000000000
79009990000000000
689714150000000000
642685850000000000
126481970000000000
3246524870000000000
3223977790000000000
3176615110000000000
3128503850000000000
3070943210000000000
2510517810000000000
2162138150000000000
2154561610000000000
1951987830000000000
1865996490000000000
768947090000000000
727993150000000000
458531070000000000
347252650000000000
19301370000000000
1417476430000000000
1186656470000000000
967093590000000000
741410310000000000
667383330000000000
111760810000000000
538136050000000000
9053970000000000
14740095870000000000
14477347530000000000
13911248870000000000
13469992070000000000
13300251430000000000
13224509350000000000
12854955310000000000
12851415110000000000
12627617470000000000
12536340030000000000
12433628390000000000
12214091170000000000
12060166190000000000
11946382930000000000
11831164450000000000
11753337750000000000
11674156810000000000
11394408430000000000
11309399790000000000
10794911350000000000
10640005890000000000
10615408610000000000
10418997910000000000
10376873830000000000
10145165230000000000
10132464870000000000
9920260510000000000
9812877310000000000
9542065110000000000
9494398630000000000
9470857010000000000
9395760370000000000
9270250370000000000
9209940330000000000
9184725350000000000
9172506330000000000
9019942590000000000
8936957630000000000
8866196730000000000
8763240190000000000
8484229730000000000
8114454170000000000
8110299330000000000
7798186530000000000
7798105210000000000
7767214150000000000
7631627630000000000
7631547510000000000
7277489690000000000
7132665750000000000
7093217610000000000
6883143690000000000
6860589150000000000
6388528050000000000
6205405970000000000
5701872250000000000
5291389330000000000
5157611590000000000
4965821370000000000
4945371430000000000
4698158930000000000
4468732330000000000
4321027190000000000
4006535410000000000
3816285030000000000
3790020530000000000
3658380690000000000
3363846090000000000
3337923750000000000
3327429670000000000
3229553610000000000
3177210130000000000
3148112850000000000
3022307470000000000
2890561110000000000
2629040990000000000
2611216970000000000
2456158010000000000
2118784950000000000
1762655970000000000
1417751410000000000
1362871450000000000
1299958610000000000
1265250330000000000
1006309370000000000
825796410000000000
603985490000000000
118544990000000000
97367830000000000
16111030000000000
163329790000000000
42501870000000000
277227570000000000
76958470000000000
5952090000000000
4043057350000000000
3976256650000000000
3956130530000000000
3891023390000000000
3412572530000000000
3388370710000000000
3322030610000000000
3225120810000000000
3199364010000000000
3010649190000000000
2983611830000000000
2845686450000000000
2365998510000000000
2354561430000000000
2226147610000000000
2161550430000000000
1710292810000000000
1469341910000000000
1367259550000000000
1284017070000000000
1175635870000000000
1135480850000000000
993645990000000000
863229010000000000
762453430000000000
711780830000000000
642026190000000000
397245210000000000
300037550000000000
128540510000000000
48989290000000000
85041890000000000
7275115916290448384
7241421476290448384
7218220696290448384
7202483576290448384
7117481956290448384
7103997016290448384
6858896596290448384
6694592836290448384
6663276096290448384
6651557336290448384
6429188276290448384
6333532676290448384
6032405116290448384
5874367996290448384
5035966956290448384
4806335676290448384
3923501356290448384
3815537496290448384
3805722216290448384
3641374716290448384
3622767596290448384
3473667276290448384
3379111156290448384
3106321076290448384
2909487916290448384
2628046476290448384
2611038716290448384
2475529456290448384
2319147256290448384
2060409496290448384
2049370516290448384
2000264376290448384
1237967756290448384
1237582276290448384
882486516290448384
811871956290448384
756540316290448384
618827076290448384
545030776290448384
496369916290448384
365767216290448384
336766356290448384
87167516290448384
18413829950000000000
18054205030000000000
17835902450000000000
17534301490000000000
17283929590000000000
17069413790000000000
16801915790000000000
16766331850000000000
16531388270000000000
16421330810000000000
16302030610000000000
16224691170000000000
16206854170000000000
15598385270000000000
15442351170000000000
15194880610000000000
15094424050000000000
14807352510000000000
14488008250000000000
14456993130000000000
14409165750000000000
13846394150000000000
13675354310000000000
13502878630000000000
13298608750000000000
13142248170000000000
13104201630000000000
12926981730000000000
12825409910000000000
12736433530000000000
12717643570000000000
12694286950000000000
12652339810000000000
12360455090000000000
12334091730000000000
12141710430000000000
12107984190000000000
12106199910000000000
11968012830000000000
11942944170000000000
11930855950000000000
10856273670000000000
10600806610000000000
10036134350000000000
9989497990000000000
9819773010000000000
9563869570000000000
9222504650000000000
9086813450000000000
8775882930000000000
8725222610000000000
8688020870000000000
8049291650000000000
7555266670000000000
7451501990000000000
6931988210000000000
6931301990000000000
6776713350000000000
6708201630000000000
6503543390000000000
6301566830000000000
6206331090000000000
5749280390000000000
5520275830000000000
5282224550000000000
5245959670000000000
5210767690000000000
5099520550000000000
5021856790000000000
4875661590000000000
4773042430000000000
4206360950000000000
4192927190000000000
3837152490000000000
3361053010000000000
3258450530000000000
3179524890000000000
3115441470000000000
2977529470000000000
2853256830000000000
1942685810000000000
1799188610000000000
1522198550000000000
1345144850000000000
867444730000000000
819271130000000000
773077030000000000
735011990000000000
402278930000000000
397624910000000000
2010000000000
1374770000000000
2290000000000
2210106170000000000
1994275570000000000
1975145910000000000
1821388390000000000
1422758750000000000
1422093290000000000
1316174410000000000
1254816890000000000
249078750000000000
124459530000000000
94545790000000000
59323370000000000
329372490000000000
144949970000000000
102141290000000000
87512730000000000
5702230000000000
10492477090000000000
10407009310000000000
9787744710000000000
9617499610000000000
9574184330000000000
9513305070000000000
9485597230000000000
9333301670000000000
8686701950000000000
8655074610000000000
8157226790000000000
8005405590000000000
7830585750000000000
7574445330000000000
7338620230000000000
6999717130000000000
6990653090000000000
6896443930000000000
6545985670000000000
6439657390000000000
5937541150000000000
5305990210000000000
5281427830000000000
5109331010000000000
5043934410000000000
4960618610000000000
4442043330000000000
4249852910000000000
4071995330000000000
4058468610000000000
3721441130000000000
3630741090000000000
3593122610000000000
3580999070000000000
3371341730000000000
3297993930000000000
3130327310000000000
2849166130000000000
2843054310000000000
2554407110000000000
2543127230000000000
2477205470000000000
2432094430000000000
1906615370000000000
1674574090000000000
1469591250000000000
1193201190000000000
1157601170000000000
916425530000000000
881619150000000000
831424990000000000
798115530000000000
719152850000000000
467934770000000000
101204490000000000
31834230000000000
27940830000000000
5927693350000000000
5793284270000000000
5354208010000000000
5335661550000000000
5280506850000000000
4917267590000000000
4852391030000000000
4827012210000000000
4704249050000000000
4483982370000000000
4319877510000000000
4123555790000000000
4075114110000000000
3944751790000000000
3653654190000000000
3433299210000000000
3178197790000000000
3133286510000000000
2677454450000000000
2368595870000000000
2302485590000000000
2122500110000000000
1879979010000000000
1807294670000000000
1408755570000000000
1158561970000000000
1025324490000000000
756022490000000000
725047690000000000
590505610000000000
502823790000000000
165234310000000000
658346210000000000
634520010000000000
530754750000000000
320115230000000000
298189610000000000
164926450000000000
773090000000000
197786950000000000
85054630000000000
22134830000000000
870000000000
2552421410000000000
2037590690000000000
1988123730000000000
1905754250000000000
1844129290000000000
1803561210000000000
1445220750000000000
1328390570000000000
1200476750000000000
936733970000000000
514501470000000000
400812270000000000
233889970000000000
218984090000000000
445425330000000000
390161570000000000
373387630000000000
159013310000000000
67922890000000000
3468370000000000
30630000000000
7777556070000000000
6985362170000000000
6838467610000000000
6408863110000000000
6307228230000000000
5780875370000000000
5674723710000000000
5657837350000000000
5641754110000000000
5296829070000000000
5276028370000000000
4824345530000000000
4545366710000000000
4534714950000000000
4278142450000000000
4131267770000000000
3629715630000000000
3346082730000000000
3326416770000000000
3015044810000000000
2974256290000000000
2932891190000000000
2907848530000000000
2669230490000000000
2323318650000000000
1759266650000000000
1647856050000000000
1552323830000000000
1500020870000000000
1495395490000000000
1425612510000000000
1125910790000000000
1119003090000000000
1029708210000000000
662338690000000000
560148710000000000
517576730000000000
482956210000000000
63790070000000000
15079690000000000
