128
110000000000
9078910000000000
128740290000000000
46757810000000000
3830000000000
170536170000000000
870000000000
102141290000000000
87512730000000000
776290000000000
2368595870000000000
1165658590000000000
257533870000000000
320115230000000000
3629715630000000000
3015044810000000000
2932891190000000000
1647856050000000000
1495395490000000000
63790070000000000
3870610000000000
92037830000000000
438905170000000000
204043410000000000
2344250000000000
223423770000000000
91755250000000000
1865996490000000000
28923790000000000
468348670000000000
462207830000000000
51098710000000000
98700370000000000
231298170000000000
3225120810000000000
397245210000000000
12797090000000000
21979150000000000
457023910000000000
108258410000000000
1422093290000000000
328170000000000
93994930000000000
31834230000000000
2321077408871345152
1674055368871345152
1018797268871345152
275819648871345152
17528598502580896768
13917815382580896768
12939922322580896768
11812715262580896768
10241654122580896768
8925573982580896768
8503601862580896768
8348183822580896768
5856180282580896768
2116799622580896768
812041222580896768
541375662580896768
201176922580896768
17721038716290448384
14746019436290448384
13228588436290448384
12761507556290448384
11960915076290448384
11741573216290448384
7626483856290448384
7162872416290448384
6783638676290448384
6053364496290448384
4909814976290448384
2984639676290448384
2269302636290448384
1933127076290448384
12652902310000000000
11848949350000000000
11186430390000000000
10263226150000000000
4160339270000000000
2951907690000000000
263874930000000000
103174930000000000
16110000000000
6050710000000000
701638530000000000
668599690000000000
85054630000000000
12917130000000000
6663276096290448384
4806335676290448384
3923501356290448384
3815537496290448384
3473667276290448384
545030776290448384
16421330810000000000
15442351170000000000
12106199910000000000
8775882930000000000
5210767690000000000
4206360950000000000
9698650000000000
12854955310000000000
12851415110000000000
9209940330000000000
3816285030000000000
3790020530000000000
3337923750000000000
2890561110000000000
2629040990000000000
1374682750000000000
857245410000000000
2989770000000000
445425330000000000
455419950000000000
3145244670000000000
1735668870000000000
1347536430000000000
10492477090000000000
9574184330000000000
8005405590000000000
6439657390000000000
5281427830000000000
2432094430000000000
1469591250000000000
831424990000000000
798115530000000000
467934770000000000
