4096
214390000000000
16650000000000
2910000000000
522790000000000
987430000000000
955610000000000
11930000000000
33990000000000
2509490000000000
4970000000000
17190000000000
649770000000000
4550810000000000
2401930000000000
3614950000000000
115270000000000
102590000000000
1005110000000000
5263490000000000
1826830000000000
609270000000000
320490000000000
679810000000000
4636330000000000
353290000000000
15210000000000
122510000000000
4234070000000000
9990000000000
21404030000000000
12700490000000000
4777310000000000
91730000000000
2630110000000000
12106910000000000
556990000000000
8853490000000000
7121370000000000
385050000000000
4021830000000000
163050000000000
370870000000000
194210000000000
1547630000000000
119710000000000
99590000000000
8000370000000000
4084790000000000
178030000000000
102190000000000
22050650000000000
3871890000000000
520990000000000
45547450000000000
239190000000000
2825010000000000
2577350000000000
1525290000000000
258030000000000
12620110000000000
6348830000000000
3102710000000000
41650000000000
2193810000000000
3804330000000000
40690000000000
76770000000000
708430000000000
105470000000000
52390000000000
166830000000000
119610000000000
1449630000000000
13314310000000000
421570000000000
538290000000000
4978150000000000
16567530000000000
11585630000000000
10507530000000000
437570000000000
9591730000000000
336090000000000
3326810000000000
10000000000
6359610000000000
55956010000000000
39279890000000000
4151610000000000
4162830000000000
3592810000000000
5690000000000
479470000000000
483610000000000
9556210000000000
2402510000000000
10110000000000
550000000000
5447290000000000
3274610000000000
13994930000000000
7583450000000000
70000000000
1590000000000
40693550000000000
322310000000000
23830000000000
2884590000000000
12344050000000000
40430000000000
8243230000000000
71265630000000000
61943150000000000
21535010000000000
3856410000000000
220930000000000
23987310000000000
28210000000000
1419630000000000
3269270000000000
4806610000000000
79950000000000
1398350000000000
490000000000
20917930000000000
10441010000000000
2747070000000000
130000000000
472270000000000
5370000000000
1112710000000000
610000000000
4676850000000000
1211650000000000
1059250000000000
34171750000000000
1723010000000000
138150000000000
4593970000000000
32126490000000000
1618170000000000
1088350000000000
551210000000000
28465750000000000
6094130000000000
1774010000000000
370490000000000
4258350000000000
164050000000000
5936630000000000
17981650000000000
38333570000000000
20836090000000000
10509550000000000
80533770000000000
1986590000000000
45215190000000000
716970000000000
75150000000000
7114630000000000
5529990000000000
493090000000000
10960950000000000
62734550000000000
16217330000000000
1570000000000
7078930000000000
166610000000000
29521270000000000
10000000000
18377470000000000
9893910000000000
74923090000000000
343650000000000
42286710000000000
10786270000000000
298950000000000
34887710000000000
32357490000000000
8849950000000000
50000000000
589950000000000
10859350000000000
11879210000000000
472290000000000
62416770000000000
5682410000000000
2750190000000000
14349690000000000
339430000000000
4185030000000000
5570000000000
30287050000000000
46039130000000000
1061990000000000
207110000000000
17687070000000000
15074670000000000
13627970000000000
14760650000000000
13279350000000000
16612330000000000
9209010000000000
4007450000000000
106050000000000
14275150000000000
159683190000000000
157997030000000000
93761870000000000
64027150000000000
31408990000000000
599130000000000
20147470000000000
1502890000000000
29323230000000000
104650000000000
105554390000000000
80061930000000000
77066070000000000
62121630000000000
13265310000000000
553170000000000
90181650000000000
49399490000000000
35862250000000000
21620110000000000
110000000000
30000000000
1592090000000000
41770450000000000
1344170000000000
48839170000000000
27829550000000000
12968910000000000
1109650000000000
16530000000000
18279990000000000
99285630000000000
53330000000000
48479470000000000
114589590000000000
32045310000000000
4737030000000000
250730000000000
110000000000
251390000000000
33110000000000
3475790000000000
135370000000000
9053830000000000
6411130000000000
6617390000000000
1380870000000000
566030000000000
134990000000000
2005050000000000
13280570000000000
8239950000000000
51410000000000
289870000000000
10800730000000000
5546370000000000
391690000000000
62317710000000000
7229490000000000
3230000000000
36330000000000
1551770000000000
292710000000000
457750000000000
41418050000000000
16485190000000000
128690000000000
81864710000000000
71242670000000000
66007670000000000
21289610000000000
481950000000000
1985810000000000
11606010000000000
24101910000000000
32358910000000000
13784770000000000
9331950000000000
106988950000000000
69955610000000000
29679250000000000
13759010000000000
65203650000000000
2230000000000
1023890000000000
121079970000000000
120525550000000000
84273670000000000
34163170000000000
1966530000000000
233510000000000
2062630000000000
44294970000000000
27559990000000000
95276890000000000
59897650000000000
405950000000000
163466890000000000
32975050000000000
1231050000000000
38110000000000
26430000000000
331030000000000
20621830000000000
13771270000000000
23723610000000000
3522050000000000
294690000000000
76458910000000000
65900370000000000
42810590000000000
20722130000000000
390000000000
10510000000000
90598110000000000
72779350000000000
47015670000000000
22040530000000000
469750000000000
11850470000000000
1100790000000000
5710650000000000
2142810000000000
22273090000000000
18580650000000000
1831870000000000
88746730000000000
88119970000000000
9165250000000000
350000000000
839830000000000
19946230000000000
4987090000000000
68650000000000
14125550000000000
82190000000000
430000000000
28288530000000000
2256290000000000
1690000000000
22124350000000000
203485630000000000
173743370000000000
146134650000000000
142973890000000000
119255310000000000
81822870000000000
56161650000000000
57196010000000000
46288510000000000
34901710000000000
185370770000000000
66727790000000000
2794770000000000
18413290000000000
130590000000000
21252570000000000
970000000000
17629870000000000
49383190000000000
11893190000000000
5099170000000000
10000000000
1050000000000
229586270000000000
39790000000000
4679830000000000
214950000000000
58061050000000000
20479970000000000
446690000000000
11970000000000
56052470000000000
21596030000000000
3315110000000000
2001530000000000
128454910000000000
116954110000000000
93129170000000000
72336810000000000
20246090000000000
1746550000000000
44475730000000000
37620710000000000
14230550000000000
5666150000000000
4070000000000
9631330000000000
66107610000000000
10000000000
87225230000000000
82681850000000000
390450000000000
6712070000000000
157410000000000
241130000000000
576630000000000
42870000000000
48175710000000000
30197090000000000
7829870000000000
67081070000000000
56984490000000000
31102930000000000
2518590000000000
107728850000000000
86375030000000000
81013470000000000
57452670000000000
586430000000000
56363710000000000
61456190000000000
12187670000000000
5210030000000000
8403230000000000
30506570000000000
1439050000000000
567170000000000
196690450000000000
117715010000000000
113691010000000000
103766090000000000
103712270000000000
87983630000000000
5183570000000000
14756950000000000
9202010000000000
148942390000000000
83475450000000000
33930550000000000
52422170000000000
51835750000000000
63212630000000000
60920150000000000
40404490000000000
26940490000000000
146990000000000
297950000000000
31981190000000000
27740950000000000
19352110000000000
10197930000000000
155095630000000000
17387110000000000
35810000000000
31806390000000000
107053210000000000
92724930000000000
78245530000000000
121010000000000
3143910000000000
56321030000000000
32270690000000000
71854770000000000
4401110000000000
28370000000000
114210030000000000
112051830000000000
35703650000000000
17194330000000000
2153970000000000
48238130000000000
4229490000000000
184446570000000000
115367450000000000
105800950000000000
84597250000000000
64056210000000000
53712850000000000
40637410000000000
19528990000000000
202317970000000000
168077670000000000
155832490000000000
51864770000000000
37281490000000000
32373230000000000
8163850000000000
5027510000000000
188692470000000000
147004350000000000
41008650000000000
128715190000000000
90517770000000000
112427130000000000
38127690000000000
9510210000000000
22867210000000000
19221370000000000
14274270000000000
9498730000000000
207414270000000000
177283570000000000
56851830000000000
52655430000000000
25639150000000000
92283230000000000
42051010000000000
229468530000000000
199244710000000000
186181950000000000
140127210000000000
223402050000000000
192386930000000000
177933630000000000
146064310000000000
106362450000000000
104239730000000000
7504589216290448384
7480706276290448384
7475080756290448384
7417070676290448384
7328123796290448384
7308639056290448384
7256672376290448384
7238371296290448384
7150518976290448384
7128861536290448384
7099410356290448384
7097075396290448384
6997435076290448384
6992857236290448384
6947428536290448384
6935154196290448384
6922586196290448384
6886667316290448384
6784342296290448384
6769803016290448384
6585129976290448384
6583012156290448384
6403755776290448384
6396747536290448384
6350509876290448384
6289128716290448384
6245561416290448384
6177941796290448384
6177732096290448384
6166393096290448384
6105567556290448384
6022406936290448384
6018830856290448384
5911662396290448384
5869803736290448384
5840594156290448384
5727581816290448384
5624063156290448384
5571812556290448384
5558749396290448384
5548832096290448384
5434850556290448384
5267212036290448384
5263093996290448384
5242398096290448384
5235027356290448384
5198971956290448384
5166259196290448384
5122833796290448384
5101483296290448384
5093151696290448384
5049064816290448384
5026101596290448384
4999273256290448384
4956464516290448384
4940277036290448384
4902699056290448384
4900389736290448384
4828910316290448384
4800111356290448384
4709377536290448384
4702751576290448384
4658289936290448384
4578212736290448384
4556227276290448384
4517552316290448384
4504091036290448384
4489176056290448384
4486481716290448384
4421278696290448384
4419614276290448384
4405449056290448384
4315498016290448384
4280313516290448384
4274530456290448384
4217712596290448384
4074076556290448384
4006053656290448384
3887891036290448384
3826714256290448384
3794828516290448384
3778094236290448384
3606409676290448384
3535441636290448384
3518961236290448384
3427902116290448384
3407516776290448384
3404072616290448384
3357121456290448384
3314403516290448384
3310645736290448384
3220956456290448384
3201628736290448384
3155486516290448384
3019171496290448384
2999874456290448384
2956882336290448384
2939772916290448384
2927378976290448384
2898183536290448384
2859986496290448384
2825999556290448384
2735320196290448384
2683557476290448384
2680153376290448384
2609466396290448384
2313497336290448384
2253321076290448384
2117012056290448384
2097152936290448384
2067134416290448384
2025943916290448384
2015880016290448384
1884826096290448384
1861813956290448384
1814840016290448384
1796464516290448384
1738975536290448384
1733737576290448384
1710631296290448384
1704242476290448384
1690295836290448384
1629269796290448384
1626796256290448384
1573126416290448384
1527438536290448384
1519187416290448384
1495482716290448384
1463328076290448384
1462304136290448384
1413990556290448384
1356147736290448384
1156230556290448384
1155467936290448384
1153165196290448384
1129199316290448384
962641996290448384
820051416290448384
798401576290448384
746076436290448384
701619156290448384
658504676290448384
589643976290448384
586596456290448384
571589576290448384
545097636290448384
531180076290448384
512967676290448384
466137176290448384
278053336290448384
259531496290448384
151765196290448384
125124696290448384
18440593230000001024
18436469990000001024
18387603449999998976
18378547609999998976
18180903729999998976
18129597369999998976
18124658889999998976
18114878030000001024
18090613310000001024
18037457310000001024
18005870150000001024
17948016769999998976
17876711729999998976
17809908550000001024
17773275089999998976
17754166510000001024
17726450710000001024
17629468310000001024
17582779630000001024
17481742129999998976
17450055190000001024
17442406449999998976
17406729430000001024
17399688070000001024
17310279489999998976
17282260150000001024
17273323030000001024
17177781910000001024
17174959030000001024
17122007790000001024
16900989089999998976
16896068750000001024
16891083329999998976
16867049289999998976
16806632969999998976
16482100910000001024
16420683449999998976
16390599289999998976
16360010670000001024
16309647590000001024
16244312670000001024
16237078070000001024
16225030769999998976
16158613369999998976
16139968230000001024
16123354649999998976
16083135230000001024
16081473550000001024
16058816670000001024
16020198209999998976
15988056750000001024
15966502249999998976
15963737729999998976
15791369910000001024
15637233630000001024
15531002150000001024
15509233969999998976
15467753129999998976
15356361030000001024
15341469809999998976
15213263809999998976
15142650649999998976
15123079550000001024
15110934689999998976
15066568630000001024
15007140049999998976
15006986049999998976
14880396369999998976
14877644569999998976
14790565209999998976
14783709449999998976
14687184750000001024
14686760169999998976
14639386209999998976
14623368110000001024
14615430870000001024
14601503070000001024
14505561569999998976
14491664870000001024
14490701489999998976
14457856550000001024
14344472089999998976
14291518649999998976
14270100729999998976
14254824409999998976
14241200889999998976
14160665049999998976
14149524830000001024
14078367089999998976
14073388430000001024
14010670649999998976
13985150910000001024
13899446630000001024
13894967929999998976
13845857190000001024
13843834329999998976
13833898529999998976
13782354750000001024
13653074129999998976
13585342990000001024
13584005689999998976
13577312150000001024
13543063950000001024
13516267790000001024
13497464889999998976
13483817950000001024
13416947209999998976
13386780929999998976
13359522689999998976
13262606009999998976
13253442049999998976
13202063409999998976
13152099129999998976
13114040809999998976
13102771769999998976
13062025910000001024
12961151089999998976
12906261910000001024
12871492169999998976
12857589809999998976
12852901630000001024
12693328950000001024
12685583489999998976
12683172489999998976
12637729270000001024
12574122870000001024
12567093910000001024
12561123710000001024
12535528230000001024
12522529809999998976
12487668289999998976
12404591129999998976
12316515889999998976
12294359190000001024
12259127689999998976
12183957929999998976
12183816590000001024
12140800729999998976
11978221590000001024
11927698870000001024
11923658609999998976
11879704670000001024
11706942569999998976
11706235169999998976
11694857609999998976
11639213169999998976
11594036609999998976
11575935230000001024
11528469590000001024
11480536270000001024
11456768169999998976
11427747870000001024
11282020089999998976
11271184569999998976
11185790870000001024
11145535569999998976
11100961030000001024
11061936190000001024
11014961609999998976
10944019870000001024
10931865070000001024
10796996969999998976
10794417209999998976
10770027849999998976
10698885670000001024
10682975750000001024
10652465990000001024
10608398430000001024
10523029310000001024
10445997350000001024
10397274070000001024
10329326049999998976
10321498830000001024
10304408670000001024
10247699630000001024
10199225369999998976
10172532990000001024
10135622209999998976
9997397270000001024
9995184449999998976
9988960609999998976
9979185630000001024
9868011449999998976
9801307049999998976
9792731910000001024
9770678510000001024
9766411209999998976
9750526129999998976
9563166990000001024
9554656569999998976
9511221750000001024
9509533049999998976
9480400670000001024
9478521510000001024
9477548449999998976
9462727510000001024
9455328710000001024
9405441129999998976
9320754209999998976
9230759089999998976
9143577490000000000
9110231410000000000
9072062970000000000
9025862990000000000
9000296610000000000
8995850850000000000
8995611430000000000
8971203870000000000
8962192070000000000
8899446870000000000
8878255850000000000
8867057130000000000
8778022910000000000
8772633190000000000
8748240690000000000
8706158070000000000
8541212130000000000
8504098830000000000
8459654110000000000
8434321670000000000
8399791670000000000
8332729150000000000
8308605210000000000
8294096290000000000
8195073990000000000
8168641550000000000
8049218450000000000
7932847570000000000
7853799210000000000
7645135610000000000
7512999250000000000
7481870950000000000
7402422410000000000
7392562710000000000
7387086530000000000
7338355290000000000
7314151510000000000
7243384150000000000
7223212550000000000
7195112050000000000
7101225130000000000
7089404890000000000
7044268410000000000
6982185170000000000
6873600710000000000
6812476150000000000
6705496710000000000
6662908610000000000
6644139010000000000
6576008070000000000
6544907170000000000
6443372810000000000
6432733790000000000
6412020870000000000
6325776870000000000
6275875930000000000
6252668070000000000
6209164130000000000
6205132030000000000
6184031110000000000
6166561070000000000
6127919490000000000
6081444950000000000
6080027490000000000
6037501190000000000
5790638690000000000
5759179690000000000
5599795970000000000
5545616430000000000
5520911690000000000
5485636530000000000
5473049750000000000
5423270130000000000
5248028730000000000
5217925770000000000
5184085830000000000
5172291750000000000
5035367630000000000
4994312170000000000
4942568810000000000
4648862310000000000
4613726710000000000
4598530150000000000
4546047770000000000
4529911090000000000
4370186590000000000
4353656470000000000
4287636790000000000
4273898270000000000
4263584730000000000
4260834130000000000
4210264010000000000
4189352690000000000
4126012670000000000
4121755330000000000
4112729250000000000
4061163790000000000
4053446530000000000
3973418170000000000
3938971070000000000
3799023290000000000
3783064790000000000
3706759690000000000
3509260630000000000
3314391350000000000
3295796430000000000
3282579350000000000
3253771110000000000
3252435470000000000
3235248770000000000
3171842250000000000
2982709090000000000
2970615610000000000
2967591070000000000
2946913910000000000
2890955450000000000
2849759790000000000
2765689130000000000
2552069430000000000
2547109630000000000
2518678330000000000
2483913690000000000
2444734090000000000
2421029450000000000
2416664290000000000
2403908650000000000
2345562170000000000
2324547130000000000
2321757450000000000
2287793950000000000
2284101050000000000
2269607530000000000
2076115890000000000
2038425350000000000
2037150550000000000
2036365470000000000
2035195330000000000
2015815450000000000
1957569970000000000
1830390890000000000
1792982950000000000
1533554070000000000
1433362310000000000
1386180730000000000
1371280630000000000
1340684470000000000
1274945850000000000
1241069690000000000
1168644550000000000
1108164010000000000
1089069750000000000
1088092890000000000
1084693690000000000
1018794350000000000
1012082070000000000
906832090000000000
756778690000000000
744434750000000000
743383150000000000
727650970000000000
714173510000000000
695942510000000000
653327310000000000
599079490000000000
587987390000000000
533415070000000000
456130290000000000
446550330000000000
357367250000000000
331850590000000000
307969010000000000
177863590000000000
134287010000000000
565510410000000000
540542310000000000
526883710000000000
464872870000000000
461422150000000000
303125310000000000
301089450000000000
273667730000000000
178397690000000000
172250110000000000
70749710000000000
68654490000000000
51055410000000000
49691670000000000
17814530000000000
165378870000000000
23754550000000000
255778830000000000
124060410000000000
110629810000000000
93390910000000000
82956710000000000
66577650000000000
46037330000000000
36848610000000000
360658150000000000
338408330000000000
337682450000000000
139239150000000000
1639943770000000000
1628980590000000000
1628024670000000000
1608367290000000000
1603554810000000000
1593654990000000000
1585480970000000000
1539792590000000000
1471023150000000000
1411995630000000000
1392662110000000000
1300852910000000000
1292184870000000000
1255681710000000000
1129335730000000000
1074362490000000000
1003618410000000000
975291730000000000
960962730000000000
949661610000000000
759203570000000000
758862610000000000
714942910000000000
709100010000000000
683141010000000000
635897450000000000
572465450000000000
499789910000000000
464459910000000000
428306410000000000
403106790000000000
374408290000000000
367691370000000000
332719670000000000
319061810000000000
303807890000000000
208436930000000000
155256590000000000
128831190000000000
59793790000000000
55802850000000000
3505670000000000
248569710000000000
83915470000000000
83425530000000000
59061590000000000
57216870000000000
278692450000000000
271879270000000000
250229170000000000
212474110000000000
156953290000000000
140511970000000000
133637090000000000
103024490000000000
1003664470000000000
765862570000000000
659253990000000000
659096650000000000
523717530000000000
486568390000000000
387536650000000000
194652450000000000
188748130000000000
184339170000000000
149467330000000000
2567173750000000000
2447815670000000000
2367713110000000000
2192640270000000000
2094514790000000000
2064001530000000000
2007841830000000000
1960061610000000000
1918099830000000000
1900716330000000000
1872267670000000000
1762401630000000000
1744220770000000000
1715173110000000000
1599760570000000000
1549729570000000000
1548239230000000000
1483049390000000000
1468051970000000000
1418697850000000000
1316229250000000000
1294679970000000000
1277810930000000000
1264603470000000000
1250696390000000000
1221112550000000000
1148006810000000000
1125159130000000000
1105916430000000000
825993810000000000
804511330000000000
781839750000000000
674783030000000000
673835890000000000
671412510000000000
652988670000000000
592411170000000000
564638930000000000
558558510000000000
538168530000000000
412299410000000000
411939770000000000
404099530000000000
328853790000000000
312505730000000000
308031550000000000
204574110000000000
150603190000000000
65854030000000000
42353130000000000
31423810000000000
22620490000000000
14223590000000000
830000000000
1257317190000000000
1197750690000000000
1147210670000000000
1116346770000000000
1084171510000000000
981229270000000000
837793090000000000
753832010000000000
740234270000000000
699747190000000000
576197430000000000
526769990000000000
478906530000000000
460290250000000000
450487990000000000
381406010000000000
345708970000000000
336343230000000000
309435950000000000
189413990000000000
165343090000000000
150362270000000000
128743770000000000
88425190000000000
693526890000000000
679749490000000000
433132130000000000
371935790000000000
310525750000000000
279664370000000000
278380270000000000
272480610000000000
258428870000000000
234855730000000000
593849710000000000
565630710000000000
564118470000000000
548869670000000000
526867890000000000
388009650000000000
318575010000000000
293346230000000000
269308190000000000
198462790000000000
189584410000000000
183910410000000000
155324610000000000
129304030000000000
103821630000000000
53844710000000000
46111190000000000
1161659930000000000
1157727630000000000
1039389830000000000
1037826310000000000
980716270000000000
937408450000000000
889391770000000000
864328350000000000
836940210000000000
823307830000000000
637142970000000000
578155450000000000
507976490000000000
507300910000000000
315962610000000000
276346670000000000
265665250000000000
205104950000000000
93000510000000000
36761330000000000
28805470000000000
3487270000000000
657238910000000000
332937810000000000
308724390000000000
277378110000000000
170454930000000000
130673390000000000
84047510000000000
56954570000000000
41096250000000000
31682310000000000
6793350000000000
539672830000000000
354601110000000000
330517050000000000
236955810000000000
172468410000000000
170914850000000000
126115490000000000
122766370000000000
115405810000000000
157130000000000
2017710230000000000
1976167310000000000
1968444510000000000
1952157090000000000
1928843910000000000
1912835390000000000
1883470350000000000
1834101430000000000
1822345790000000000
1717194990000000000
1711788810000000000
1689871470000000000
1579163010000000000
1536706710000000000
1516889630000000000
1257508710000000000
1255347210000000000
1248078050000000000
1193310990000000000
1134223790000000000
1069968390000000000
960057270000000000
957946510000000000
845482950000000000
823457130000000000
814229930000000000
746134990000000000
685907850000000000
628414710000000000
617475590000000000
594885410000000000
456341890000000000
308379070000000000
303198210000000000
172215290000000000
135247990000000000
8198650000000000
733317750000000000
706693930000000000
705020330000000000
501703610000000000
451606610000000000
449991850000000000
429479110000000000
323548910000000000
239325930000000000
163372130000000000
144308250000000000
141698690000000000
435543050000000000
427344410000000000
368408990000000000
358484790000000000
302717470000000000
293171350000000000
263454670000000000
252364010000000000
222649570000000000
199245450000000000
132429890000000000
78518310000000000
30052110000000000
4624070000000000
2660770000000000
379210000000000
937223290000000000
782867930000000000
772889410000000000
766654810000000000
667103430000000000
517778890000000000
503447190000000000
453794590000000000
443279010000000000
436311510000000000
417044150000000000
308256090000000000
296114850000000000
315311750000000000
289390530000000000
231803570000000000
158401250000000000
119524330000000000
108412870000000000
105625770000000000
472867270000000000
455322710000000000
384801750000000000
355994130000000000
301802650000000000
280674590000000000
253697430000000000
227268210000000000
2155030000000000
862710000000000
2943120370000000000
2876418650000000000
2854787570000000000
2854348310000000000
2761227990000000000
2755004690000000000
2699318730000000000
2607027810000000000
2546478770000000000
2518073410000000000
2498792390000000000
2468869910000000000
2418214690000000000
2405066450000000000
2045503930000000000
2036320510000000000
2032809550000000000
2023366230000000000
1951708650000000000
1930848710000000000
1797003350000000000
1767535330000000000
1592004870000000000
1547651810000000000
1514436930000000000
1493233010000000000
1389151570000000000
1347860430000000000
1180242890000000000
1080197730000000000
970571150000000000
962645610000000000
959530450000000000
947855250000000000
947695910000000000
941119250000000000
888452390000000000
882542550000000000
754944250000000000
754918490000000000
734230630000000000
663265910000000000
662303690000000000
513960830000000000
491429950000000000
410151570000000000
337900630000000000
324579190000000000
278467590000000000
276650030000000000
276544990000000000
21908530000000000
19445330000000000
11767790000000000
1461630000000000
15469854430000001024
15386741649999998976
15351701969999998976
15324465350000001024
15312435750000001024
15237258150000001024
15158806670000001024
15002129889999998976
14978164430000001024
14969587769999998976
14961038769999998976
14909546350000001024
14867142190000001024
14811299070000001024
14790065969999998976
14723164649999998976
14721441670000001024
14686499710000001024
14632884129999998976
14545678070000001024
14491447809999998976
14362553369999998976
14320969769999998976
14250918070000001024
14214822049999998976
14158575609999998976
14102838569999998976
14046895190000001024
14046626409999998976
14005622990000001024
13987350889999998976
13811382969999998976
13782019249999998976
13778162590000001024
13749736249999998976
13672240129999998976
13625804849999998976
13624272729999998976
13603984830000001024
13549984750000001024
13542741489999998976
13496360470000001024
13461552390000001024
13460795710000001024
13360995969999998976
13290567049999998976
13144143369999998976
13122616190000001024
13120916649999998976
13105097729999998976
12998198390000001024
12913474649999998976
12833832510000001024
12692474489999998976
12631603430000001024
12625534849999998976
12567231329999998976
12542070249999998976
12521572009999998976
12514585910000001024
12497960310000001024
12474621849999998976
12457468750000001024
12288563510000001024
12247796529999998976
12163342529999998976
12121791550000001024
12082275470000001024
12072871529999998976
12069933049999998976
12046444049999998976
12011648049999998976
11959017729999998976
11947332049999998976
11888086369999998976
11712351529999998976
11572987230000001024
11475516449999998976
11460003310000001024
11347552430000001024
11183363689999998976
10923747430000001024
10923124129999998976
10814968089999998976
10776754230000001024
10755727729999998976
10726922249999998976
10671379390000001024
10578190409999998976
10556503470000001024
10404372529999998976
10349072670000001024
10305577409999998976
10264064630000001024
10229705849999998976
10202705249999998976
10160846209999998976
10111557649999998976
10096358249999998976
9995350049999998976
9951194449999998976
9940847430000001024
9919602710000001024
9878036849999998976
9753246830000001024
9752288750000001024
9681679230000001024
9624920430000001024
9600127129999998976
9595667529999998976
9537739510000001024
9503784190000001024
9502392310000001024
9453499849999998976
9421151649999998976
9302763350000001024
9289021390000001024
9171856850000000000
9091555770000000000
9062086210000000000
8985049050000000000
8861675690000000000
8857453570000000000
8806747710000000000
8637661790000000000
8554473450000000000
8446288650000000000
8422343470000000000
8376212410000000000
8363456030000000000
8327210210000000000
8245772570000000000
8244525950000000000
8197861310000000000
8136026870000000000
8084151170000000000
8078118350000000000
8034413530000000000
7966154390000000000
7915468730000000000
7886833930000000000
7884236970000000000
7850682810000000000
7832294910000000000
7813227670000000000
7771037970000000000
7678346970000000000
7675949830000000000
7662540270000000000
7594990750000000000
7571309350000000000
7505281150000000000
7472219330000000000
7453169150000000000
7430170370000000000
7391297430000000000
7238453190000000000
7186981830000000000
7174136430000000000
7115937610000000000
7112735090000000000
7061253370000000000
7052708110000000000
7006669330000000000
6893869850000000000
6868538410000000000
6852401790000000000
6793961970000000000
6750931210000000000
6720385910000000000
6677649410000000000
6537290130000000000
6524591930000000000
6485757570000000000
6398107570000000000
6218382730000000000
6214457350000000000
6191080990000000000
6086163210000000000
6057448210000000000
5965077210000000000
5824748930000000000
5781115450000000000
5671486770000000000
5553233930000000000
5450185650000000000
5444050050000000000
5438764430000000000
5397576050000000000
5348671690000000000
5340921710000000000
5317351710000000000
5268520170000000000
5250882310000000000
5219183690000000000
5203344390000000000
5177095910000000000
5117779250000000000
5094609030000000000
5077292750000000000
5054478390000000000
4996564850000000000
4990461710000000000
4987283150000000000
4979383810000000000
4951501290000000000
4933750910000000000
4914180190000000000
4913086150000000000
4812445650000000000
4793690110000000000
4784425070000000000
4772353770000000000
4681403890000000000
4631443170000000000
4605727650000000000
4530714510000000000
4486801670000000000
4481369290000000000
4389919430000000000
4322219190000000000
4300304570000000000
4226532070000000000
4197245870000000000
4134594670000000000
4051941850000000000
4040521810000000000
3968919270000000000
3886881510000000000
3880985870000000000
3848195830000000000
3752821170000000000
3750681610000000000
3744587390000000000
3622921690000000000
3556442590000000000
3553108290000000000
3493644450000000000
3481382650000000000
3461220370000000000
3457543990000000000
3386196890000000000
3278999890000000000
3177761830000000000
3124347690000000000
3103511270000000000
2960639590000000000
2928585730000000000
2884317190000000000
2843287590000000000
2802854650000000000
2533964070000000000
2408909650000000000
2317401110000000000
2186942770000000000
2150111470000000000
2118871850000000000
2099138950000000000
2009309990000000000
1926214970000000000
1892863750000000000
1872156470000000000
1848672710000000000
1785257090000000000
1643915410000000000
1631666670000000000
1465783250000000000
1446429770000000000
1341636830000000000
1286709170000000000
1272912910000000000
1249916390000000000
1240714990000000000
1225261750000000000
1106504890000000000
1017171950000000000
980193710000000000
852336910000000000
670511470000000000
630741190000000000
453196050000000000
434041110000000000
356601090000000000
326631250000000000
152589690000000000
127111670000000000
58788310000000000
4237330000000000
824555990000000000
806005370000000000
786710150000000000
740028590000000000
719137650000000000
533579550000000000
491900690000000000
468837290000000000
241397750000000000
101981590000000000
1812573450000000000
1795829290000000000
1776344450000000000
1773386270000000000
1739019790000000000
1735634710000000000
1685382130000000000
1598036330000000000
1549025150000000000
1539410910000000000
1505775170000000000
1463302430000000000
1456917810000000000
1394274050000000000
1340959050000000000
1311792710000000000
1219239550000000000
1210470870000000000
1184877590000000000
1182014830000000000
1175934490000000000
1160000730000000000
1128751610000000000
987879490000000000
928141270000000000
723541850000000000
651231390000000000
637391750000000000
586784390000000000
549273550000000000
498134310000000000
474496950000000000
267374030000000000
186377190000000000
155197910000000000
79390010000000000
76155710000000000
65462270000000000
24211790000000000
19643050000000000
6056400790000000000
6031982870000000000
5977314130000000000
5952328350000000000
5937226230000000000
5932073930000000000
5908944530000000000
5838196330000000000
5823560770000000000
5812541510000000000
5793948110000000000
5727924790000000000
5608669090000000000
5567325910000000000
5546855630000000000
5542888490000000000
5483128790000000000
5265365610000000000
5247845450000000000
5226943790000000000
5216880890000000000
5170117690000000000
5100997470000000000
5053721430000000000
5051632970000000000
5037582490000000000
4821257690000000000
4593437290000000000
4554896290000000000
4518359090000000000
4492728630000000000
4492483410000000000
4399956970000000000
4290985170000000000
4198886350000000000
4176524150000000000
4107778770000000000
4076653370000000000
4070721490000000000
4057307330000000000
4021904030000000000
3972254470000000000
3957910530000000000
3949218670000000000
3921670890000000000
3901713870000000000
3820550170000000000
3765331130000000000
3740339390000000000
3693275970000000000
3661004910000000000
3542906750000000000
3539904070000000000
3537111850000000000
3523483390000000000
3521872830000000000
3496519830000000000
3465199810000000000
3452554210000000000
3433070650000000000
3385238310000000000
3336097650000000000
3298340170000000000
3248226890000000000
3245906530000000000
3045531770000000000
3015050850000000000
2991293390000000000
2928371390000000000
2812101790000000000
2720196130000000000
2621912210000000000
2544406690000000000
2522559150000000000
2481061830000000000
2451623090000000000
2338697030000000000
2329117430000000000
2232618210000000000
2209379650000000000
2188263810000000000
2124860750000000000
2045114390000000000
2014711970000000000
1981082690000000000
1980475530000000000
1965496390000000000
1928902970000000000
1886347690000000000
1878832490000000000
1855948970000000000
1854093010000000000
1842454070000000000
1795319790000000000
1588936190000000000
1496620450000000000
1461424270000000000
1402850930000000000
1391732550000000000
1325668850000000000
1193863150000000000
1190204250000000000
1189241990000000000
1187629850000000000
1167716010000000000
1163866390000000000
1019100130000000000
950823510000000000
880647790000000000
837207110000000000
825681890000000000
761152530000000000
756557010000000000
655546450000000000
648009710000000000
627806210000000000
583814570000000000
582954670000000000
544697550000000000
522218170000000000
465719470000000000
462525410000000000
436246930000000000
432216590000000000
425814310000000000
342645010000000000
329723770000000000
240715850000000000
192711390000000000
136599490000000000
108895290000000000
63375030000000000
27742830000000000
57170000000000
296000350000000000
273092250000000000
242015370000000000
241897790000000000
212906530000000000
199292370000000000
98153310000000000
92102790000000000
67625130000000000
3170550000000000
348568710000000000
343633830000000000
241227170000000000
235612930000000000
230821870000000000
226223410000000000
200686890000000000
162510410000000000
69334230000000000
37356870000000000
515583610000000000
482671030000000000
436021070000000000
381955690000000000
323495810000000000
268128830000000000
232257230000000000
204638190000000000
198938070000000000
162716990000000000
101157730000000000
54437170000000000
24128390000000000
19969750000000000
3240453068871345152
3055405688871345152
3018857568871345152
3003299048871345152
2985502968871345152
2944104908871345152
2929169928871345152
2850899908871345152
2842680008871345152
2805615828871345152
2797103388871345152
2789600608871345152
2687386168871345152
2629358688871345152
2628235048871345152
2589588148871345152
2581986648871345152
2571413688871345152
2540664688871345152
2526028148871345152
2481173828871345152
2443685228871345152
2393770488871345152
2323554108871345152
2260027748871345152
1954231208871345152
1818845028871345152
1813775708871345152
1746750748871345152
1696750868871345152
1665574428871345152
1657172788871345152
1584710888871345152
1561765488871345152
1534900348871345152
1521604668871345152
1514655928871345152
1501560768871345152
1475892408871345152
1430517308871345152
1386040928871345152
1295800268871345152
1276221128871345152
1252941708871345152
1247733308871345152
1217163608871345152
1210621908871345152
1143415308871345152
1103030908871345152
1035564968871345152
868144628871345152
847451728871345152
816206428871345152
753275808871345152
731142368871345152
706597468871345152
685215288871345152
678433788871345152
630512928871345152
544083628871345152
535115848871345152
533351768871345152
525507548871345152
521393688871345152
514218988871345152
474171748871345152
458247408871345152
395853308871345152
391145468871345152
370759748871345152
253333328871345152
182856708871345152
91759088871345152
82806688871345152
18389820382580895744
18368003782580895744
18352359482580897792
18322587522580897792
18309266182580895744
18220594842580897792
18191189442580897792
18134085342580895744
18101342322580897792
18063424322580897792
18062634682580897792
17924189302580895744
17919692142580895744
17875706482580897792
17800470782580895744
17777630302580895744
17758855442580897792
17686127642580897792
17561450722580897792
17557558062580895744
17473125602580897792
17389287662580895744
17284300902580895744
17252768762580897792
17149347662580895744
17148063582580895744
17044564182580895744
16770286762580897792
16704123502580895744
16627014402580897792
16606961402580897792
16555013922580897792
16538467002580897792
16461640962580897792
16415428742580895744
16378055922580897792
16377236022580895744
16369263582580895744
16196497142580895744
16166595262580895744
16145746782580895744
16035331222580895744
16023454362580897792
15840343602580897792
15820725182580895744
15722965002580897792
15657880742580895744
15652252582580895744
15637041782580895744
15514028482580897792
15488317142580895744
15426500082580897792
15363193122580897792
15336610542580895744
15277834042580897792
15261911822580895744
15252261982580895744
15233611542580895744
15219305582580895744
15154570382580895744
15145085262580895744
14896953542580895744
14858455562580897792
14766243082580897792
14746359022580895744
14742776482580897792
14733002622580895744
14657584722580897792
14648358222580895744
14555234222580895744
14526528722580897792
14519390242580897792
14454122322580897792
14354982242580897792
14352252682580897792
14252746862580895744
14170725762580897792
13981179122580897792
13968977662580895744
13966858502580895744
13959583642580897792
13900376182580895744
13884773462580895744
13857787762580897792
13831380782580895744
13789151422580895744
13782098662580895744
13747846702580895744
13726683082580897792
13657601602580897792
13642538562580897792
13634337882580897792
13601968162580897792
13573666502580895744
13490999102580895744
13474906422580895744
13340765822580895744
13338276442580897792
13295124882580897792
13265236742580895744
13159150222580895744
13077750662580895744
12988310102580895744
12974317842580897792
12798800662580895744
12697651662580895744
12681900562580897792
12413026162580897792
12321726702580895744
12312650362580897792
12211542982580895744
12120207562580897792
12072735962580897792
12065847702580895744
12039814202580897792
12020424062580895744
12008190462580895744
11974784202580897792
11821720582580895744
11630413322580897792
11608108042580897792
11507047162580897792
11412289902580895744
11362393202580897792
11276387962580897792
11264470122580897792
11122728462580895744
11109096642580897792
11106719482580897792
11095861302580895744
11085633722580897792
11075649462580895744
11008930162580897792
10997082902580895744
10966234902580895744
10869603122580897792
10865151922580897792
10852896562580897792
10797965642580897792
10745250182580895744
10685368822580895744
10670179982580895744
10598175282580897792
10486231962580897792
10455130022580895744
10396376202580897792
10380402482580897792
10317426322580897792
10269756482580897792
10199420022580895744
10163121602580897792
10136364042580897792
10084451982580895744
10059469382580895744
10051631782580895744
9956157602580897792
9850925742580895744
9809660342580895744
9722766502580895744
9656258682580897792
9637999782580895744
9510731302580895744
9495786042580897792
9486708762580897792
9474401682580897792
9406591582580895744
9283557782580895744
9089170842580896768
9054845922580896768
9026642182580896768
9015628062580896768
9009535242580896768
8981314082580896768
8969130282580896768
8958308542580896768
8845895602580896768
8687518862580896768
8679444102580896768
8630292002580896768
8596227582580896768
8424859322580896768
8407530562580896768
8312505662580896768
8261510942580896768
8207494982580896768
8142524782580896768
8131110282580896768
8061022882580896768
8026476282580896768
8016426842580896768
8011501702580896768
7968659162580896768
7886744522580896768
7858262282580896768
7844780562580896768
7768149202580896768
7752094722580896768
7701355762580896768
7682829922580896768
7556666102580896768
7543155602580896768
7501678942580896768
7484199522580896768
7419440602580896768
7285016182580896768
7282183102580896768
7253001182580896768
7225470882580896768
7208425102580896768
7170322182580896768
7050062102580896768
7006546662580896768
6978113982580896768
6975131302580896768
6926002162580896768
6886553742580896768
6793868702580896768
6785424322580896768
6711929282580896768
6701050242580896768
6692662422580896768
6639029442580896768
6462516882580896768
6448563182580896768
6375102802580896768
6367411182580896768
6364906882580896768
6363516062580896768
6350742622580896768
6343142562580896768
6285238662580896768
6268905522580896768
6266890582580896768
6260980022580896768
6257844822580896768
6203158342580896768
6078013182580896768
6072239682580896768
6064832502580896768
6064203942580896768
6017964842580896768
6008560362580896768
5969153382580896768
5909214062580896768
5885369182580896768
5819708302580896768
5791511322580896768
5770746322580896768
5714789382580896768
5604145222580896768
5594409122580896768
5580051302580896768
5568862462580896768
5535438522580896768
5533398562580896768
5464358782580896768
5460522022580896768
5422551442580896768
5201188202580896768
5188383782580896768
5169760302580896768
5062356582580896768
5055223082580896768
5014631782580896768
4945240862580896768
4925008902580896768
4917907442580896768
4893914602580896768
4891829642580896768
4809873682580896768
4793442162580896768
4762766622580896768
4637233182580896768
4601379142580896768
4599171962580896768
4587809762580896768
4546390142580896768
4489958482580896768
4485161762580896768
4482297742580896768
4469458402580896768
4466381942580896768
4419097422580896768
4335118082580896768
4332035382580896768
4318445342580896768
4293555622580896768
4258745982580896768
4111897022580896768
4030415182580896768
4018046882580896768
3999359902580896768
3978145802580896768
3855624262580896768
3665930902580896768
3665177222580896768
3648953242580896768
3641793482580896768
3592045022580896768
3525967522580896768
3474319422580896768
3402759162580896768
3390049582580896768
3336254942580896768
3330074262580896768
3090384962580896768
3053013022580896768
2998650682580896768
2992839042580896768
2977426862580896768
2951711442580896768
2899504882580896768
2895720002580896768
2849814462580896768
2827251962580896768
2685425622580896768
2476518762580896768
2463793882580896768
2444690482580896768
2363619442580896768
2352465502580896768
2265242702580896768
2201039702580896768
2148592822580896768
2019703902580896768
1962073562580896768
1943374482580896768
1908217242580896768
1891349142580896768
1878915362580896768
1764973942580896768
1622774382580896768
1572124782580896768
1549997882580896768
1535442202580896768
1522514622580896768
1418403942580896768
1116632002580896768
1004932822580896768
965204042580896768
875848762580896768
871628022580896768
871049562580896768
855653242580896768
854797902580896768
826229722580896768
653375782580896768
626225202580896768
611942262580896768
599182142580896768
558504442580896768
524373482580896768
500768742580896768
399551362580896768
348266562580896768
341634222580896768
312518362580896768
291344822580896768
274258002580896768
159677542580896768
18369163576290447360
18325449476290449408
18293360716290449408
18250207636290449408
18236135816290447360
18123999156290449408
18110965356290449408
18010790616290447360
17982842496290447360
17948250116290449408
17942995756290449408
17885260916290449408
17858993976290447360
17814241136290447360
17787614156290449408
17755355796290449408
17720827116290449408
17696217816290447360
17673557236290449408
17663202996290449408
17646547236290449408
17611602616290447360
17596389096290447360
17585007676290449408
17460968916290449408
17405444636290449408
17355286956290449408
17349714576290447360
17323075796290449408
17299011856290447360
17279813276290449408
17274057176290447360
17228381656290447360
17195843456290447360
17139912356290449408
17128235796290449408
16909468356290449408
16856091616290447360
16808138536290447360
16769787976290447360
16742156016290447360
16730488396290449408
16716934296290447360
16688510176290447360
16649566276290449408
16629193696290447360
16614422236290449408
16488651336290447360
16472664356290449408
16435168356290449408
16390013756290449408
16338538256290447360
16335501336290447360
16268283996290449408
16046584476290449408
15972451536290447360
15927664556290449408
15869433456290447360
15846269896290447360
15771524096290447360
15741965236290449408
15639125756290449408
15627664796290449408
15422362936290447360
15355349556290449408
15345185456290447360
15239319076290449408
15175903056290447360
15056233356290449408
15044807436290449408
15000566876290449408
15000504676290449408
14996362356290449408
14972470216290447360
14920716036290449408
14858908976290447360
14832271196290449408
14723001256290447360
14676054176290447360
14468276716290449408
14438821336290447360
14410251436290449408
14409493656290447360
14278122676290449408
14241723616290447360
14237709916290449408
14214147796290449408
14155379296290447360
14123576236290449408
14091690716290449408
14055852436290449408
13939242076290449408
13917684456290447360
13895957336290447360
13866496096290447360
13820637776290447360
13820124696290447360
13819933496290447360
13809353056290447360
13786351596290449408
13744570756290449408
13675704536290447360
13652921096290447360
13627355556290449408
13586248776290447360
13583262076290449408
13438260036290449408
13407503016290447360
13340383936290447360
13244904476290449408
13201877956290449408
13033688696290447360
12945006816290447360
12929552196290449408
12841710756290449408
12824060156290449408
12718118896290447360
12683149096290447360
12672520996290449408
12640063016290447360
12556144656290447360
12467571056290447360
12458425596290449408
12410564276290449408
12290000196290449408
12277722296290447360
12141795856290447360
12141477796290449408
12132477196290449408
12013344316290449408
12007717616290447360
12003933996290449408
11975828616290447360
11950286976290447360
11931985336290447360
11859825996290449408
11815004136290447360
11661384896290447360
11619224556290449408
11605582556290449408
11574841676290449408
11539782996290449408
11466578616290447360
11378325876290449408
11374664396290449408
11309838456290447360
11301259736290447360
11255207676290449408
11180211776290447360
11154680776290447360
11146493856290447360
11145171336290447360
11103668976290447360
11096487776290447360
11094347456290447360
11091756416290447360
11073740436290449408
11068758476290449408
11050791416290447360
10992443816290447360
10990107316290449408
10972721276290449408
10839438056290447360
10709954356290449408
10674125496290447360
10672557696290447360
10607433556290449408
10579740076290449408
10578357016290447360
10499250296290447360
10460373056290447360
10436503116290449408
10434791976290447360
10363410156290449408
10320314636290449408
10284294596290449408
10268714956290449408
10053893036290449408
10005705536290447360
9965069996290449408
9914295376290447360
9908510856290447360
9894169116290449408
9877963316290449408
9806068836290449408
9700446256290447360
9684223796290449408
9490720056290447360
9440569036290449408
9435276996290449408
9421929376290447360
9379663796290449408
9379181356290449408
9365498976290447360
9324163776290447360
9299098416290447360
9216101636290448384
9161763436290448384
9094212436290448384
9004475076290448384
9000781436290448384
8967087516290448384
8860419876290448384
8699302516290448384
8691479856290448384
8676020876290448384
8636907736290448384
8569188876290448384
8509240696290448384
8490922236290448384
8425149996290448384
8416268736290448384
8323618456290448384
8300123956290448384
8271491496290448384
8249032136290448384
8216888316290448384
8215763216290448384
8196488416290448384
8123040016290448384
7986169816290448384
7982237616290448384
7956124236290448384
7846842296290448384
7827799656290448384
7820873796290448384
7775873776290448384
7750406556290448384
7694189736290448384
7639435596290448384
7470384016290448384
7457807316290448384
7416800376290448384
7410304056290448384
7319966096290448384
7175829376290448384
7165995476290448384
7134724436290448384
6891151716290448384
6885690976290448384
6815267136290448384
6814324396290448384
6803059796290448384
6784897056290448384
6741755456290448384
6736832696290448384
6667860376290448384
6612178396290448384
6586456396290448384
6528288476290448384
6523511356290448384
6495132656290448384
6357625736290448384
6345019516290448384
6275428576290448384
6249135876290448384
6206124736290448384
6148875756290448384
6128867416290448384
6119159676290448384
6088826716290448384
6076045316290448384
6017660516290448384
5976840996290448384
5965460796290448384
5912945976290448384
5907595596290448384
5895341836290448384
5789995356290448384
5777418616290448384
5744236656290448384
5731015236290448384
5616013756290448384
5479190116290448384
5453998776290448384
5451174876290448384
5335105436290448384
5333318496290448384
5225556496290448384
5214086076290448384
5180639496290448384
5172498716290448384
5153576276290448384
5059782316290448384
5030275856290448384
5015854636290448384
5005164996290448384
4943009476290448384
4937785256290448384
4930063696290448384
4857042576290448384
4838035276290448384
4797000416290448384
4788071516290448384
4772926356290448384
4768151916290448384
4759497796290448384
4542840076290448384
4399291316290448384
4265305596290448384
4240146256290448384
4187053756290448384
4156514796290448384
4144424896290448384
4116808416290448384
4115854956290448384
4114874736290448384
4113807496290448384
4059768756290448384
4026604536290448384
4008503196290448384
3916408836290448384
3900641496290448384
3812199596290448384
3736079496290448384
3686013056290448384
3564549476290448384
3559861316290448384
3487905216290448384
3457966956290448384
3427631416290448384
3400010736290448384
3367015896290448384
3331503636290448384
3228631296290448384
3184208096290448384
3118491196290448384
3094186996290448384
3083687776290448384
2946805376290448384
2865390616290448384
2851052356290448384
2807452956290448384
2766275196290448384
2728626456290448384
2714494136290448384
2534062236290448384
2532709396290448384
2406987076290448384
2391055116290448384
2380174236290448384
2375419336290448384
2353068416290448384
2320867776290448384
2221212836290448384
2185733276290448384
2163980756290448384
2087069976290448384
2084793416290448384
1990139856290448384
1927052636290448384
1858070976290448384
1837775296290448384
1825668936290448384
1747824436290448384
1654931396290448384
1625843896290448384
1562629976290448384
1557510696290448384
1546541096290448384
1442490176290448384
1425416376290448384
1389553076290448384
1327181876290448384
1263159736290448384
1135579576290448384
1109778696290448384
1107783876290448384
1053895436290448384
928534836290448384
863050496290448384
796850316290448384
785606956290448384
757520676290448384
739463836290448384
634065176290448384
509861856290448384
482268276290448384
474596776290448384
469020276290448384
426765396290448384
344151756290448384
317433896290448384
192752336290448384
166323936290448384
164756316290448384
570356290448384
18440232070000001024
18227531169999998976
18204282830000001024
18172204289999998976
18147642990000001024
18043402590000001024
17953564150000001024
17950410089999998976
17944100769999998976
17938929929999998976
17910758209999998976
17899825710000001024
17873334750000001024
17823425750000001024
17785419889999998976
17651631790000001024
17619449089999998976
17566559110000001024
17507499310000001024
17426795329999998976
17419140649999998976
17416515310000001024
17411423590000001024
17384611750000001024
17360225609999998976
17301779249999998976
17286432550000001024
17244217950000001024
17234951929999998976
17233015310000001024
17020572710000001024
17011505310000001024
16976718689999998976
16940787110000001024
16877267790000001024
16866482510000001024
16847575870000001024
16745987329999998976
16662680950000001024
16594062409999998976
16588573590000001024
16552915489999998976
16515322369999998976
16487418729999998976
16480365489999998976
16444533729999998976
16334109870000001024
16323859310000001024
16294012310000001024
16290948630000001024
16202260569999998976
16167901870000001024
16155162390000001024
16143617409999998976
16138322569999998976
15979820649999998976
15958270590000001024
15931402630000001024
15899339590000001024
15749806510000001024
15607397670000001024
15593004390000001024
15583132089999998976
15583082110000001024
15579147929999998976
15577947049999998976
15546311390000001024
15505801310000001024
15474279350000001024
15465581630000001024
15382021630000001024
15373323249999998976
15330345590000001024
15313646550000001024
15272758649999998976
15271431049999998976
14951051969999998976
14950076929999998976
14900312649999998976
14875710070000001024
14841314350000001024
14733894070000001024
14694399550000001024
14586478430000001024
14576939009999998976
14572873849999998976
14521468270000001024
14447488409999998976
14404710150000001024
14403449430000001024
14360171270000001024
14294654049999998976
14263053630000001024
14236637369999998976
14182562489999998976
14156563489999998976
14109787889999998976
14100889489999998976
14096397929999998976
14025940510000001024
13927800689999998976
13913537849999998976
13859128529999998976
13821257790000001024
13783590990000001024
13774327310000001024
13723443550000001024
13655918590000001024
13624960569999998976
13615170150000001024
13499402950000001024
13490762249999998976
13467806510000001024
13421499830000001024
13397086889999998976
13372155470000001024
13315331590000001024
13293040289999998976
13283274070000001024
13275815929999998976
13229397289999998976
13207056489999998976
13201214670000001024
13183990790000001024
13133035230000001024
13116372689999998976
13110790809999998976
12969818270000001024
12877927409999998976
12862340350000001024
12838924870000001024
12792042750000001024
12776825510000001024
12709687190000001024
12695952470000001024
12695822550000001024
12601122129999998976
12534321689999998976
12455420430000001024
12450363590000001024
12329871270000001024
12316657969999998976
12266389769999998976
12253931489999998976
12062394630000001024
12056181070000001024
12043740729999998976
11828869049999998976
11806653630000001024
11804426790000001024
11662472550000001024
11616706350000001024
11587347230000001024
11411418409999998976
11349880369999998976
11265592209999998976
11240938750000001024
11195348609999998976
11180755790000001024
11123322969999998976
11039050630000001024
11017515729999998976
10971862409999998976
10968872190000001024
10951154390000001024
10946946729999998976
10910787329999998976
10831932470000001024
10703746289999998976
10601267929999998976
10487557249999998976
10484874729999998976
10447640289999998976
10443305830000001024
10420158430000001024
10312757710000001024
10305793369999998976
10300168969999998976
10297306289999998976
10259255209999998976
10185053649999998976
10068646329999998976
9916977750000001024
9828560550000001024
9807873630000001024
9735342809999998976
9733829110000001024
9596210809999998976
9371825270000001024
9346105070000001024
9312286089999998976
9273251110000001024
9207150250000000000
9203271510000000000
9168806210000000000
9139838170000000000
9095822950000000000
9074573250000000000
9054261750000000000
9002433330000000000
8982334870000000000
8942110390000000000
8923238450000000000
8915373550000000000
8827919110000000000
8561592030000000000
8528500290000000000
8527882870000000000
8500420410000000000
8455689790000000000
8444574670000000000
8438152550000000000
8214436230000000000
8203887410000000000
8161633910000000000
7987465210000000000
7978706490000000000
7924157270000000000
7905299950000000000
7590567010000000000
7498182510000000000
7477220130000000000
7454545890000000000
7387467890000000000
7321792270000000000
7277105410000000000
7269618110000000000
7228716990000000000
7182988090000000000
7179287610000000000
7134310050000000000
7053230450000000000
7022948610000000000
6941656430000000000
6907493730000000000
6858853150000000000
6841534130000000000
6779011250000000000
6770018330000000000
6756121630000000000
6634027990000000000
6627114930000000000
6580342830000000000
6553432270000000000
6504670170000000000
6495767230000000000
6466343950000000000
6461823810000000000
6379575970000000000
6355821770000000000
6352367690000000000
6329491790000000000
6317969910000000000
6131830850000000000
6029021550000000000
6001555710000000000
5923086270000000000
5881989350000000000
5808266410000000000
5722463430000000000
5700007990000000000
5685326970000000000
5633501110000000000
5465809570000000000
5460310010000000000
5441259710000000000
5439203310000000000
5402300070000000000
5372273110000000000
5321874630000000000
5317075370000000000
5103913450000000000
5088542270000000000
5066084810000000000
5002578410000000000
5001696770000000000
4942870310000000000
4915499070000000000
4897923130000000000
4880182590000000000
4824985990000000000
4650731850000000000
4603742090000000000
4600007110000000000
4578846750000000000
4499937350000000000
4432310130000000000
4359287910000000000
4251732370000000000
4137041990000000000
3966009110000000000
3929158150000000000
3922748690000000000
3854537830000000000
3825055650000000000
3797628570000000000
3783875850000000000
3782862350000000000
3605487970000000000
3530150230000000000
3476939090000000000
3441034950000000000
3379189070000000000
3366616490000000000
3312109810000000000
3283315010000000000
3200970170000000000
3198291070000000000
3188978030000000000
3152528550000000000
3117437710000000000
3111286410000000000
3085730510000000000
3071202210000000000
2969629750000000000
2902048930000000000
2830821610000000000
2803107770000000000
2671412090000000000
2658976830000000000
2601384950000000000
2536060410000000000
2492434590000000000
2443328410000000000
2377903910000000000
2306682590000000000
2306472950000000000
2232749170000000000
2206684990000000000
2135667530000000000
2132049250000000000
2094206390000000000
2078551070000000000
2066998030000000000
1954741090000000000
1947760090000000000
1914744930000000000
1877980210000000000
1805679550000000000
1801521210000000000
1746075750000000000
1714622990000000000
1690884430000000000
1677751530000000000
1598545970000000000
1488308530000000000
1429292690000000000
1423779930000000000
1363633590000000000
1358758110000000000
1177311210000000000
1131887650000000000
1088848510000000000
1072801850000000000
1020470950000000000
1011867810000000000
995739350000000000
993472910000000000
990729650000000000
978063030000000000
939556890000000000
846710510000000000
823777370000000000
811383210000000000
760540090000000000
758675590000000000
758441050000000000
753177270000000000
725518890000000000
692875450000000000
685663890000000000
675277770000000000
620608530000000000
620296470000000000
613960910000000000
578625190000000000
576411950000000000
564890610000000000
516337910000000000
489816850000000000
428924070000000000
427150930000000000
379197970000000000
368742450000000000
355254990000000000
244748930000000000
185409210000000000
141907070000000000
123226550000000000
51167930000000000
18073990000000000
1416410000000000
3421362890000000000
3336172670000000000
3324092870000000000
3178172630000000000
3129184090000000000
3078343830000000000
3076010450000000000
3071824930000000000
3042547370000000000
3029384790000000000
3006732750000000000
2962687670000000000
2858990250000000000
2837681090000000000
2822728230000000000
2687136490000000000
2612587090000000000
2611415890000000000
2604178110000000000
2565598110000000000
2498680310000000000
2476688410000000000
2449918070000000000
2362280590000000000
2330152470000000000
2326598550000000000
2323744130000000000
2319932430000000000
2215571010000000000
2101417050000000000
2073221670000000000
2037398810000000000
1937533290000000000
1907554610000000000
1899831210000000000
1892203330000000000
1863737290000000000
1836987130000000000
1783979170000000000
1776435370000000000
1717027410000000000
1688896190000000000
1657135170000000000
1493998010000000000
1463488930000000000
1316886950000000000
1300214070000000000
1256775290000000000
1253991810000000000
1216430690000000000
1192396810000000000
1183807470000000000
1067640170000000000
1045244570000000000
1039679470000000000
991301210000000000
889482190000000000
868817650000000000
822873550000000000
764308890000000000
755510550000000000
747830430000000000
726816970000000000
713775010000000000
701292930000000000
683096070000000000
590703690000000000
529086510000000000
493087630000000000
469476910000000000
345959850000000000
343812930000000000
331038370000000000
322389130000000000
119685670000000000
111421990000000000
59918930000000000
287130390000000000
269806830000000000
234064590000000000
157787470000000000
74570610000000000
29720190000000000
388124410000000000
358844730000000000
353574650000000000
209305710000000000
190957190000000000
123722050000000000
46553970000000000
406970000000000
10557511169999998976
10516378270000001024
10492941009999998976
10469291729999998976
10351526350000001024
10308511230000001024
10303129830000001024
10209107609999998976
10204947950000001024
10181829230000001024
10141879150000001024
10079092630000001024
10053314910000001024
10012809769999998976
9936624689999998976
9920974689999998976
9875320790000001024
9839154329999998976
9747986089999998976
9667011910000001024
9664426449999998976
9598863329999998976
9587833870000001024
9456883369999998976
9452357910000001024
9334243670000001024
9326456169999998976
9280449750000001024
9246740550000001024
9221105110000000000
9165223170000000000
9131369030000000000
9086036590000000000
9051380550000000000
9029414590000000000
8859945570000000000
8808331830000000000
8579041250000000000
8557964090000000000
8427189390000000000
8293676210000000000
8028963110000000000
7986033390000000000
7959830290000000000
7916437170000000000
7875186190000000000
7854321150000000000
7791806790000000000
7775189170000000000
7709407070000000000
7637253270000000000
7634614470000000000
7595407210000000000
7509188930000000000
7503568210000000000
7433357290000000000
7286984890000000000
7257422170000000000
7210059450000000000
7100494190000000000
7082912990000000000
7024803030000000000
7010757270000000000
6991714310000000000
6916706550000000000
6879855410000000000
6879441090000000000
6839060730000000000
6835103970000000000
6821433130000000000
6809247370000000000
6752752210000000000
6746605990000000000
6734927550000000000
6734240170000000000
6643064690000000000
6634831870000000000
6608246830000000000
6507837730000000000
6499927130000000000
6497201010000000000
6470969390000000000
6449788630000000000
6330866570000000000
6277906810000000000
6178070530000000000
6141529510000000000
6114733430000000000
6104215610000000000
6089845450000000000
6063306330000000000
5942549470000000000
5820188690000000000
5815931710000000000
5815644350000000000
5782844810000000000
5775595150000000000
5644423070000000000
5539097330000000000
5510272570000000000
5503292230000000000
5500684510000000000
5455972570000000000
5285191030000000000
5177839750000000000
5092470970000000000
5023290730000000000
5011173090000000000
5006919450000000000
4974519430000000000
4954392010000000000
4954204150000000000
4952635270000000000
4911467750000000000
4849961510000000000
4772038790000000000
4710942150000000000
4686765090000000000
4676830870000000000
4600025310000000000
4597847090000000000
4540513630000000000
4539958950000000000
4530746070000000000
4484912270000000000
4446227910000000000
4370905170000000000
4350407610000000000
4341603470000000000
4340127530000000000
4276817790000000000
4169384710000000000
4146201530000000000
4131565030000000000
4127476690000000000
4125889650000000000
4069992610000000000
4051029650000000000
3995775170000000000
3760261670000000000
3705335630000000000
3694892490000000000
3673492030000000000
3661203810000000000
3557951590000000000
3541107810000000000
3522447910000000000
3510675570000000000
3480885770000000000
3411767050000000000
3411628690000000000
3318897550000000000
3281587830000000000
3266399350000000000
3226844490000000000
3062904130000000000
3007958970000000000
2984495470000000000
2970479330000000000
2922487530000000000
2750559810000000000
2747108470000000000
2653678690000000000
2642577130000000000
2595121630000000000
2579655630000000000
2472029290000000000
2447348910000000000
2439896830000000000
2401568910000000000
2363658550000000000
2325021390000000000
2307086070000000000
2290555830000000000
2272287290000000000
2229909950000000000
2140705130000000000
2095562210000000000
2055383950000000000
1927171050000000000
1822255110000000000
1748969010000000000
1734335350000000000
1707070030000000000
1646383630000000000
1597072970000000000
1563958950000000000
1553549810000000000
1547750310000000000
1505265050000000000
1496143970000000000
1419138110000000000
1397416970000000000
1330398990000000000
1267127730000000000
1264147290000000000
1249102510000000000
1239555890000000000
1208955190000000000
1207759050000000000
1200884150000000000
1171452190000000000
1098370950000000000
1093322010000000000
1013425830000000000
976999950000000000
761252670000000000
612736510000000000
545975890000000000
540028130000000000
444976070000000000
425117750000000000
358715510000000000
358031930000000000
295369650000000000
293562910000000000
269045650000000000
255892710000000000
226290670000000000
167113030000000000
7793531190000000000
7775742430000000000
7753367410000000000
7751659030000000000
7575423830000000000
7497742310000000000
7378991810000000000
7351235690000000000
7298509250000000000
7280258250000000000
7279660470000000000
7278526490000000000
7252197770000000000
7221768390000000000
7082084350000000000
7064913750000000000
7056422210000000000
7000626770000000000
6992652030000000000
6933396250000000000
6854758630000000000
6807445110000000000
6773857010000000000
6761485530000000000
6754325210000000000
6739199490000000000
6718966090000000000
6699803530000000000
6694596330000000000
6683600370000000000
6560403970000000000
6418287530000000000
6315706610000000000
6298055190000000000
6089277230000000000
5970169630000000000
5836519550000000000
5805616890000000000
5791915890000000000
5765436390000000000
5677736850000000000
5637880810000000000
5552398150000000000
5548529310000000000
5445471470000000000
5430146730000000000
5358912190000000000
5321504310000000000
5270862810000000000
5157013990000000000
5125826150000000000
5107084530000000000
5076664230000000000
5066801490000000000
4987102390000000000
4945754590000000000
4936859770000000000
4927338230000000000
4899692190000000000
4890571230000000000
4838921410000000000
4805518310000000000
4788588830000000000
4751196410000000000
4624335730000000000
4570234750000000000
4488637370000000000
4468087970000000000
4443311770000000000
4397569650000000000
4236357770000000000
4122044790000000000
4033313910000000000
3957232950000000000
3954063850000000000
3920424790000000000
3767106290000000000
3752240610000000000
3636064110000000000
3577632410000000000
3548687930000000000
3532248090000000000
3472315570000000000
3188861150000000000
3041534150000000000
2894258490000000000
2879348230000000000
2868592490000000000
2860276030000000000
2851076150000000000
2816162990000000000
2809063610000000000
2761122770000000000
2751845370000000000
2718858230000000000
2645195210000000000
2625901530000000000
2602640990000000000
2558868070000000000
2544601150000000000
2426793490000000000
2318041110000000000
2300983210000000000
2199951210000000000
2043094830000000000
2025848050000000000
2011900390000000000
1946897870000000000
1939869270000000000
1877680670000000000
1868780990000000000
1846550030000000000
1840114110000000000
1818154870000000000
1767275470000000000
1703292230000000000
1690579310000000000
1675993370000000000
1670901270000000000
1653168130000000000
1646065350000000000
1580826450000000000
1557471830000000000
1524438130000000000
1480308350000000000
1433136890000000000
1398445850000000000
1286618490000000000
1278886190000000000
1109591970000000000
1098405230000000000
1069772370000000000
1014615110000000000
949811130000000000
912751050000000000
805607150000000000
619527710000000000
614659350000000000
609625310000000000
608884270000000000
496425610000000000
479227690000000000
462976270000000000
456174630000000000
445536390000000000
400903370000000000
388017630000000000
382309510000000000
371308230000000000
334146870000000000
316237870000000000
216067850000000000
212125290000000000
149777870000000000
1668810000000000
326069710000000000
240292510000000000
236504130000000000
196812770000000000
132023350000000000
81985730000000000
25958710000000000
4881878690000000000
4811662670000000000
4802241650000000000
4745366650000000000
4681034950000000000
4590598390000000000
4505970170000000000
4483993190000000000
4409436450000000000
4237770370000000000
4226157990000000000
4186220690000000000
4103265450000000000
4086954590000000000
4077920630000000000
4045388190000000000
3965252310000000000
3937234710000000000
3833556730000000000
3826964410000000000
3658157370000000000
3643503550000000000
3634843470000000000
3632973430000000000
3589720410000000000
3583930870000000000
3576810850000000000
3563258490000000000
3547811990000000000
3439366630000000000
3432959850000000000
3428977210000000000
3394924250000000000
3351372890000000000
3326696770000000000
3292958590000000000
3291964190000000000
3273283230000000000
3215082330000000000
3175294350000000000
3040320710000000000
2987391130000000000
2981499230000000000
2960337890000000000
2867780290000000000
2850643170000000000
2767055190000000000
2699071910000000000
2677510650000000000
2574542110000000000
2535811470000000000
2528688490000000000
2527712290000000000
2500807830000000000
2321179890000000000
2276196830000000000
2215209490000000000
2182905690000000000
2128545170000000000
2100509850000000000
2075980790000000000
2061497550000000000
2043030990000000000
2012351630000000000
1972459630000000000
1896285610000000000
1856147210000000000
1763537110000000000
1748227610000000000
1732825730000000000
1633752350000000000
1528885830000000000
1468911610000000000
1420483390000000000
1380093550000000000
1340155770000000000
1305047510000000000
1300029750000000000
1295869790000000000
1211651330000000000
1158622410000000000
1118563790000000000
1006505610000000000
1005549610000000000
979625990000000000
974784950000000000
943418030000000000
889234650000000000
888738870000000000
864683290000000000
830854070000000000
749711470000000000
662686370000000000
638767130000000000
577823850000000000
568489710000000000
479603110000000000
433688650000000000
400300690000000000
391337630000000000
253923490000000000
228456330000000000
216538210000000000
161441530000000000
154849730000000000
139320330000000000
129142970000000000
108861690000000000
81476030000000000
55854670000000000
4043764490000000000
4028647330000000000
3895178950000000000
3861581470000000000
3846318030000000000
3829693230000000000
3675072610000000000
3673330310000000000
3639028470000000000
3637225070000000000
3552393370000000000
3457605570000000000
3439249770000000000
3411452850000000000
3403766390000000000
3380110970000000000
3377734390000000000
3371289110000000000
3346041330000000000
3270343210000000000
3226086130000000000
3188785490000000000
3165713130000000000
3164142790000000000
3057224990000000000
3047091570000000000
3028123790000000000
2913239930000000000
2862310690000000000
2825911710000000000
2822424510000000000
2810186310000000000
2770292230000000000
2746684310000000000
2725675410000000000
2724762310000000000
2693063310000000000
2542591570000000000
2520329210000000000
2447187710000000000
2436302990000000000
2421685750000000000
2400042450000000000
2366884890000000000
2276827110000000000
2235477290000000000
2187325510000000000
1986545130000000000
1965541070000000000
1925248490000000000
1892769310000000000
1882688290000000000
1864953730000000000
1830544970000000000
1731110970000000000
1697479290000000000
1675275050000000000
1670297830000000000
1656788390000000000
1620581710000000000
1501395170000000000
1469489250000000000
1353114050000000000
1317994410000000000
1296163790000000000
1145845290000000000
1135382610000000000
1112250410000000000
1040840430000000000
1005932750000000000
944438290000000000
909073530000000000
899521470000000000
899485490000000000
870622890000000000
842433390000000000
832268850000000000
825007930000000000
816553230000000000
814186810000000000
805718690000000000
794615030000000000
775141590000000000
693979350000000000
646753690000000000
605384210000000000
552444430000000000
506236310000000000
482275670000000000
482176590000000000
432664750000000000
411489890000000000
371607850000000000
345035330000000000
340416970000000000
313454670000000000
306973630000000000
250296190000000000
228826270000000000
209570970000000000
205217230000000000
139966070000000000
120971710000000000
80549870000000000
75822850000000000
28149810000000000
15704910000000000
1344090000000000
241906810000000000
132983530000000000
56567070000000000
14070170000000000
878111190000000000
850554250000000000
782879710000000000
724819990000000000
699763550000000000
654226890000000000
574041930000000000
564586270000000000
549716530000000000
494604090000000000
479038130000000000
365413830000000000
274021870000000000
205389550000000000
172569230000000000
162943130000000000
145990650000000000
101316090000000000
83982690000000000
65553650000000000
54025730000000000
24670190000000000
1077966830000000000
941334570000000000
839099410000000000
835404310000000000
762599790000000000
762487530000000000
721853030000000000
681945830000000000
680271470000000000
504130270000000000
418065570000000000
412177110000000000
394361630000000000
290074570000000000
279913610000000000
238560150000000000
189148830000000000
163547430000000000
140897690000000000
120548190000000000
49420490000000000
172621730000000000
143527550000000000
248670000000000
1492833770000000000
1444581210000000000
1406523350000000000
1404200470000000000
1392437270000000000
1272649410000000000
1229087030000000000
1188895630000000000
1158784730000000000
1121884650000000000
1104220710000000000
1085382370000000000
1073083850000000000
1059673750000000000
1057156070000000000
1037606910000000000
1024165190000000000
993674370000000000
948724850000000000
907038370000000000
736940730000000000
731921890000000000
716594830000000000
600449190000000000
584774290000000000
560136910000000000
471964470000000000
439723090000000000
414248890000000000
347480310000000000
261164130000000000
250735470000000000
229240790000000000
212943830000000000
493456270000000000
453643590000000000
387855150000000000
352048970000000000
326068510000000000
315399410000000000
183618030000000000
141669850000000000
305543350000000000
210287570000000000
119299570000000000
110251210000000000
38747170000000000
5264750000000000
776617150000000000
541613190000000000
523349070000000000
499249490000000000
432629670000000000
419675190000000000
229645590000000000
125776710000000000
44942310000000000
3100110000000000
373870630000000000
265479730000000000
217891130000000000
133734730000000000
121010830000000000
111171230000000000
109634330000000000
109492510000000000
77259930000000000
68460570000000000
68319350000000000
36522590000000000
34911110000000000
453382370000000000
380339270000000000
373122150000000000
325380350000000000
280571590000000000
192533130000000000
185092910000000000
175663010000000000
336904190000000000
29114150000000000
2264758450000000000
2253647890000000000
2191547610000000000
2056312350000000000
2022989950000000000
2008239270000000000
1896683590000000000
1864739490000000000
1824318470000000000
1688237750000000000
1578782830000000000
1535692670000000000
1433726130000000000
1399097430000000000
1342505090000000000
1324845890000000000
1255965510000000000
1223716330000000000
1174580110000000000
1134008590000000000
1118178670000000000
916639950000000000
913138850000000000
910420850000000000
864573430000000000
791894090000000000
770772110000000000
767330810000000000
679542310000000000
611659510000000000
451863150000000000
405318870000000000
345355470000000000
318588870000000000
302615970000000000
301050870000000000
250839310000000000
226240010000000000
219475830000000000
119044930000000000
103686490000000000
83990830000000000
21159070000000000
1366675430000000000
1360023290000000000
1272186750000000000
1228956070000000000
1189168190000000000
1169216970000000000
1136602730000000000
1135447790000000000
1006759650000000000
988544850000000000
895909370000000000
764865970000000000
762226250000000000
723583750000000000
616785710000000000
609363610000000000
581688630000000000
559619110000000000
530990310000000000
487353610000000000
408274050000000000
396577250000000000
394078730000000000
368548330000000000
321534350000000000
264334690000000000
243917570000000000
195420330000000000
69135290000000000
255553870000000000
168537350000000000
43826210000000000
42405910000000000
270544550000000000
247931930000000000
192941150000000000
77600830000000000
34527330000000000
16836110000000000
402886550000000000
276970830000000000
142184770000000000
83922150000000000
624166150000000000
624011990000000000
608922370000000000
601240550000000000
549315010000000000
541390610000000000
537228430000000000
461242170000000000
301144370000000000
171345590000000000
133509050000000000
123635310000000000
42171990000000000
34361010000000000
6280890000000000
418618210000000000
418342330000000000
417703730000000000
220223810000000000
217886050000000000
166167950000000000
147508070000000000
96835970000000000
93656750000000000
85494770000000000
35268350000000000
3331890000000000
152493690000000000
21884170000000000
133481950000000000
6150000000000
57230000000000
168964410000000000
159468090000000000
51382010000000000
14309970000000000
