-
400
851
1551
1769
1605
2596
1137
1255
1123
188
1282
271
2300
483
1038
2099
2699
2493
393
400
-
454
1198
1370
1286
2198
803
1181
731
292
883
279
1906
178
662
1699
2300
2117
292
851
454
-
803
920
940
1745
482
1188
355
713
432
666
1453
410
262
1260
1858
1737
597
1551
1198
803
-
663
225
1240
420
1111
862
1374
586
1299
887
1070
547
999
1483
1681
1185
1769
1370
920
663
-
879
831
879
1726
700
1631
488
1579
586
1320
796
371
949
1021
1494
1605
1286
940
225
879
-
1374
484
968
1056
1420
794
1341
1017
1137
679
1200
1645
1891
1220
2596
2198
1745
1240
831
1374
-
1603
2339
1524
2451
1315
2394
357
2136
1589
579
347
959
2300
1137
803
482
420
879
484
1603
-
872
699
957
529
881
1263
660
240
1250
1802
1867
765
1255
1181
1188
1111
1726
968
2339
872
-
1511
1092
1397
1019
1982
1010
1061
2089
2594
2734
923
1123
731
355
862
700
1056
1524
699
1511
-
1018
290
985
1280
743
466
987
1584
1395
934